-30.58447 16.14716 -3.692066
-30.45404 16.17142 -3.65379
-30.32404 16.19541 -3.615081
-30.19447 16.21909 -3.575972
-30.06531 16.24245 -3.536498
-29.93655 16.26545 -3.496691
-29.80817 16.28809 -3.456584
-29.68017 16.31033 -3.416212
-29.55253 16.33214 -3.375608
-29.42524 16.35351 -3.334805
-29.29828 16.3744 -3.293836
-29.17165 16.3948 -3.252735
-29.04533 16.41468 -3.211536
-28.9193 16.43402 -3.170271
-28.79355 16.45279 -3.128975
-28.66808 16.47097 -3.087681
-28.54286 16.48853 -3.046422
-28.41789 16.50545 -3.005232
-28.29315 16.5217 -2.964144
-28.16863 16.53726 -2.923191
-28.04432 16.55211 -2.882407
-27.9202 16.56623 -2.841825
-27.79626 16.57957 -2.80148
-27.67249 16.59213 -2.761404
-27.54887 16.60388 -2.72163
-27.4254 16.6148 -2.682192
-27.30205 16.62485 -2.643124
-27.17882 16.63403 -2.60446
-27.0557 16.64229 -2.566231
-26.93266 16.64961 -2.528473
-26.80971 16.65599 -2.491217
-26.68681 16.66138 -2.454499
-26.56397 16.66576 -2.418351
-26.44117 16.66912 -2.382806
-26.3184 16.67142 -2.347899
-26.19564 16.67264 -2.313662
-26.07288 16.67276 -2.280129
-25.9501 16.67175 -2.247334
-25.82731 16.66959 -2.215309
-25.70447 16.66625 -2.184088
-25.58158 16.66172 -2.153706
-25.45863 16.65596 -2.124194
-25.3356 16.64895 -2.095587
-25.21249 16.64066 -2.067918
-25.08927 16.63108 -2.041221
-24.96594 16.62018 -2.015528
-24.84247 16.60793 -1.990874
-24.71887 16.59431 -1.967292
-24.59511 16.5793 -1.944815
-24.47119 16.56287 -1.923476
-24.34709 16.54499 -1.90331
-24.22279 16.52565 -1.884349
-24.09829 16.50481 -1.866627
-23.97357 16.48246 -1.850178
-23.84862 16.45857 -1.835034
-23.72343 16.43312 -1.82123
-23.59798 16.40607 -1.808798
-23.47226 16.37741 -1.797773
-23.34626 16.34711 -1.788187
-23.21996 16.31515 -1.780074
-23.09335 16.28151 -1.773468
-22.96643 16.24615 -1.768402
-22.83917 16.20906 -1.764909
-22.71156 16.17021 -1.763022
-22.58359 16.12957 -1.762776
-22.45525 16.08713 -1.764204
-22.32653 16.04286 -1.767339
-22.19741 15.99673 -1.772214
-22.06787 15.94872 -1.778864
-21.96547 15.90953 -1.785378
-21.83689 15.86223 -1.794011
-21.71126 15.82121 -1.801957
-21.58853 15.7863 -1.809228
-21.46863 15.75737 -1.815838
-21.3515 15.73427 -1.8218
-21.23706 15.71687 -1.82713
-21.12527 15.70503 -1.831839
-21.01605 15.69859 -1.835943
-20.90934 15.69742 -1.839454
-20.80508 15.70138 -1.842387
-20.7032 15.71032 -1.844756
-20.60364 15.7241 -1.846573
-20.50633 15.74258 -1.847853
-20.41121 15.76562 -1.84861
-20.31822 15.79307 -1.848857
-20.2273 15.8248 -1.848608
-20.13837 15.86066 -1.847877
-20.05138 15.90051 -1.846677
-19.96626 15.9442 -1.845022
-19.88294 15.9916 -1.842927
-19.80137 16.04257 -1.840404
-19.72148 16.09695 -1.837468
-19.6432 16.15461 -1.834133
-19.56648 16.21541 -1.830411
-19.49124 16.27921 -1.826317
-19.41743 16.34585 -1.821864
-19.34497 16.41521 -1.817067
-19.27382 16.48713 -1.811939
-19.20389 16.56148 -1.806493
-19.13513 16.63812 -1.800744
-19.06747 16.71689 -1.794705
-19.00086 16.79767 -1.78839
-18.93522 16.8803 -1.781813
-18.8705 16.96465 -1.774987
-18.80662 17.05058 -1.767927
-18.74352 17.13793 -1.760646
-18.68115 17.22658 -1.753157
-18.61943 17.31637 -1.745475
-18.55831 17.40717 -1.737613
-18.49772 17.49883 -1.729585
-18.43759 17.59121 -1.721404
-18.37786 17.68417 -1.713085
-18.31846 17.77757 -1.704642
-18.25935 17.87126 -1.696087
-18.20044 17.9651 -1.687435
-18.14167 18.05896 -1.678699
-18.08298 18.15268 -1.669894
-18.02432 18.24613 -1.661032
-17.9656 18.33917 -1.652129
-17.90678 18.43165 -1.643196
-17.84778 18.52342 -1.634249
-17.78855 18.61436 -1.625301
-17.72901 18.70431 -1.616365
-17.6691 18.79314 -1.607456
-17.60876 18.8807 -1.598587
-17.54794 18.96684 -1.589772
-17.48655 19.05144 -1.581024
-17.42454 19.13434 -1.572358
-17.36184 19.2154 -1.563787
-17.2984 19.29449 -1.555325
-17.23414 19.37145 -1.546986
-17.169 19.44615 -1.538783
-17.10292 19.51845 -1.53073
-17.03584 19.5882 -1.522841
-16.96769 19.65526 -1.51513
-16.8984 19.71949 -1.50761
-16.82792 19.78075 -1.500295
-16.75617 19.83889 -1.493199
-16.6831 19.89377 -1.486336
-16.60864 19.94526 -1.479719
-16.56417 19.9739 -1.475947
-16.48805 20.02088 -1.469149
-16.41179 20.06656 -1.461443
-16.33539 20.11095 -1.452857
-16.25888 20.15407 -1.44342
-16.18225 20.19594 -1.433159
-16.10551 20.23657 -1.422104
-16.02869 20.27597 -1.410283
-15.95179 20.31416 -1.397724
-15.87482 20.35114 -1.384457
-15.79779 20.38694 -1.370509
-15.72071 20.42157 -1.355909
-15.6436 20.45504 -1.340686
-15.56645 20.48737 -1.324868
-15.48929 20.51856 -1.308483
-15.41213 20.54864 -1.291561
-15.33497 20.57762 -1.274129
-15.25782 20.60551 -1.256217
-15.18071 20.63232 -1.237852
-15.10363 20.65808 -1.219064
-15.02659 20.68279 -1.19988
-14.94962 20.70647 -1.180329
-14.87271 20.72912 -1.16044
-14.79589 20.75078 -1.140242
-14.71916 20.77144 -1.119761
-14.64252 20.79113 -1.099029
-14.566 20.80985 -1.078072
-14.4896 20.82763 -1.056919
-14.41334 20.84447 -1.0356
-14.33721 20.86039 -1.014141
-14.26125 20.87541 -0.9925728
-14.18544 20.88953 -0.9709225
-14.10982 20.90278 -0.9492192
-14.03438 20.91515 -0.9274912
-13.95914 20.92668 -0.9057672
-13.8841 20.93737 -0.8840756
-13.80928 20.94724 -0.8624449
-13.7347 20.9563 -0.8409036
-13.66035 20.96457 -0.8194802
-13.58625 20.97205 -0.7982034
-13.51242 20.97877 -0.7771015
-13.43886 20.98473 -0.7562031
-13.36557 20.98996 -0.7355367
-13.29259 20.99446 -0.7151308
-13.2199 20.99825 -0.6950141
-13.14753 21.00134 -0.6752148
-13.07549 21.00375 -0.6557615
-13.00378 21.00549 -0.6366828
-12.93242 21.00657 -0.6180072
-12.86141 21.00702 -0.5997633
-12.79078 21.00683 -0.5819794
-12.72052 21.00603 -0.5646842
-12.65065 21.00464 -0.547906
-12.58118 21.00266 -0.5316736
-12.51212 21.0001 -0.5160154
-12.44349 20.99699 -0.5009598
-12.37528 20.99334 -0.4865353
-12.30752 20.98916 -0.4727706
-12.24021 20.98446 -0.4596941
-12.17336 20.97926 -0.4473344
-12.10699 20.97357 -0.4357199
-12.04111 20.96741 -0.4248792
-11.97572 20.96079 -0.4148407
-11.91083 20.95372 -0.405633
-11.84647 20.94622 -0.3972847
-11.78263 20.93831 -0.3898241
-11.71933 20.92999 -0.3832798
-11.65658 20.92127 -0.3776804
-11.59439 20.91219 -0.3730544
-11.53277 20.90274 -0.3694302
-11.47173 20.89295 -0.3668364
-11.4361 20.88703 -0.3658034
-11.37464 20.87751 -0.3645962
-11.3111 20.86922 -0.3638724
-11.24556 20.86207 -0.3636545
-11.17811 20.85598 -0.3639654
-11.10885 20.85086 -0.3648277
-11.03786 20.84662 -0.3662642
-10.96523 20.84318 -0.3682975
-10.89104 20.84045 -0.3709504
-10.81538 20.83834 -0.3742456
-10.73835 20.83678 -0.3782058
-10.66002 20.83567 -0.3828538
-10.58049 20.83493 -0.3882121
-10.49984 20.83447 -0.3943036
-10.41817 20.83421 -0.401151
-10.33555 20.83406 -0.4087769
-10.25209 20.83393 -0.4172042
-10.16786 20.83375 -0.4264554
-10.08295 20.83341 -0.4365534
-9.997448 20.83284 -0.4475207
-9.911448 20.83195 -0.4593803
-9.825036 20.83066 -0.4721546
-9.738296 20.82887 -0.4858665
-9.651318 20.82652 -0.5005388
-9.564189 20.82349 -0.516194
-9.476997 20.81972 -0.5328549
-9.389832 20.81511 -0.5505442
-9.302776 20.80958 -0.5692847
-9.215924 20.80305 -0.589099
-9.129358 20.79542 -0.6100099
-9.043169 20.78662 -0.6320401
-8.957443 20.77655 -0.6552123
-8.87227 20.76513 -0.6795492
-8.787734 20.75227 -0.7050734
-8.703926 20.73789 -0.7318078
-8.620934 20.72191 -0.7597752
-8.538842 20.70423 -0.7889979
-8.457742 20.68477 -0.819499
-8.37772 20.66344 -0.8513011
-8.298862 20.64017 -0.8844269
-8.221259 20.61485 -0.918899
-8.144998 20.58741 -0.9547404
-8.070164 20.55776 -0.9919736
-7.996848 20.52582 -1.030621
-7.925136 20.4915 -1.070706
-7.855116 20.45471 -1.112251
-7.786876 20.41536 -1.155279
-7.720505 20.37338 -1.199812
-7.656088 20.32867 -1.245873
-7.593715 20.28115 -1.293485
-7.533473 20.23073 -1.342671
-7.47545 20.17734 -1.393453
-7.419733 20.12087 -1.445853
-7.36641 20.06125 -1.499896
-7.31557 19.99839 -1.555603
-7.267299 19.9322 -1.612997
-7.221686 19.8626 -1.672101
-7.178818 19.7895 -1.732937
-7.138783 19.71281 -1.795529
-7.101669 19.63246 -1.859898
-7.067564 19.54835 -1.926069
-7.036555 19.4604 -1.994062
-7.00873 19.36852 -2.063902
-6.984177 19.27263 -2.135611
-6.962983 19.17263 -2.209211
-6.945237 19.06846 -2.284726
-6.931026 18.96001 -2.362177
-6.920437 18.8472 -2.441588
-6.913559 18.72995 -2.522982
-6.91048 18.60817 -2.60638
-6.911286 18.48178 -2.691807
-6.913612 18.40523 -2.743018
-6.921463 18.27655 -2.827408
-6.934671 18.15346 -2.905372
-6.953108 18.03587 -2.97708
-6.97665 17.92366 -3.042699
-7.005169 17.81673 -3.102399
-7.038542 17.71498 -3.156346
-7.07664 17.6183 -3.20471
-7.119339 17.52659 -3.24766
-7.166513 17.43974 -3.285362
-7.218037 17.35766 -3.317986
-7.273783 17.28023 -3.345701
-7.333627 17.20735 -3.368673
-7.397442 17.13892 -3.387072
-7.465103 17.07483 -3.401066
-7.536484 17.01499 -3.410824
-7.611459 16.95927 -3.416514
-7.689903 16.90759 -3.418303
-7.771688 16.85983 -3.416361
-7.85669 16.8159 -3.410856
-7.944782 16.77568 -3.401956
-8.03584 16.73907 -3.389829
-8.129737 16.70597 -3.374644
-8.226346 16.67628 -3.356569
-8.325543 16.64989 -3.335773
-8.427201 16.6267 -3.312424
-8.531196 16.6066 -3.28669
-8.6374 16.58948 -3.258739
-8.745687 16.57525 -3.22874
-8.855934 16.5638 -3.196862
-8.968012 16.55502 -3.163272
-9.081797 16.54881 -3.128139
-9.197163 16.54507 -3.091632
-9.313983 16.54369 -3.053918
-9.432133 16.54457 -3.015165
-9.551485 16.5476 -2.975543
-9.671915 16.55268 -2.93522
-9.793296 16.5597 -2.894364
-9.915503 16.56857 -2.853143
-10.03841 16.57917 -2.811726
-10.16189 16.59141 -2.770281
-10.28582 16.60517 -2.728976
-10.41007 16.62036 -2.68798
-10.53452 16.63686 -2.647461
-10.65903 16.65458 -2.607588
-10.7835 16.67341 -2.568528
-10.90778 16.69325 -2.53045
-11.03176 16.71399 -2.493523
-11.1553 16.73553 -2.457914
-11.27828 16.75776 -2.423793
-11.40058 16.78058 -2.391327
-11.52207 16.80389 -2.360685
-11.64262 16.82758 -2.332035
-11.76211 16.85154 -2.305546
-11.88042 16.87568 -2.281385
-11.99741 16.89988 -2.259722
-12.11296 16.92405 -2.240724
-12.22694 16.94808 -2.22456
-12.33924 16.97186 -2.211399
-12.44971 16.9953 -2.201407
-12.55825 17.01828 -2.194755
-12.66471 17.0407 -2.19161
-12.76898 17.06247 -2.192141
-12.87093 17.08346 -2.196516
-12.97044 17.10359 -2.204903
-13.06737 17.12274 -2.21747
-13.16161 17.14081 -2.234387
-13.25302 17.1577 -2.255821
-13.34148 17.1733 -2.28194
-13.42687 17.18751 -2.312914
-13.50905 17.20023 -2.34891
-13.55585 17.20697 -2.3725
-13.63434 17.21682 -2.413293
-13.71266 17.22445 -2.452405
-13.79079 17.22992 -2.489879
-13.8687 17.23325 -2.525755
-13.94637 17.23449 -2.560075
-14.02376 17.23369 -2.592879
-14.10087 17.23088 -2.624208
-14.17766 17.22611 -2.654104
-14.25411 17.21942 -2.682608
-14.33019 17.21086 -2.709761
-14.40588 17.20045 -2.735603
-14.48115 17.18826 -2.760177
-14.55599 17.17431 -2.783523
-14.63035 17.15865 -2.805681
-14.70423 17.14133 -2.826694
-14.77759 17.12238 -2.846603
-14.85041 17.10185 -2.865448
-14.92267 17.07978 -2.883271
-14.99434 17.05621 -2.900112
-15.06539 17.03118 -2.916013
-15.1358 17.00474 -2.931015
-15.20555 16.97692 -2.945158
-15.27461 16.94778 -2.958485
-15.34296 16.91735 -2.971036
-15.41057 16.88567 -2.982852
-15.47742 16.85279 -2.993974
-15.54348 16.81875 -3.004444
-15.60872 16.78359 -3.014303
-15.67313 16.74736 -3.023591
-15.73668 16.71008 -3.032349
-15.79934 16.67182 -3.040619
-15.86108 16.6326 -3.048443
-15.9219 16.59248 -3.05586
-15.98175 16.55149 -3.062912
-16.04061 16.50968 -3.06964
-16.09847 16.46708 -3.076085
-16.15528 16.42375 -3.082289
-16.21104 16.37971 -3.088292
-16.26571 16.33503 -3.094136
-16.31928 16.28972 -3.099861
-16.3717 16.24385 -3.105509
-16.42297 16.19745 -3.111121
-16.47306 16.15056 -3.116737
-16.52193 16.10323 -3.1224
-16.56957 16.05549 -3.128149
-16.61596 16.00739 -3.134027
-16.66106 15.95898 -3.140074
-16.70485 15.91029 -3.146331
-16.74731 15.86137 -3.152839
-16.78841 15.81225 -3.159641
-16.82813 15.76299 -3.166775
-16.86644 15.71361 -3.174284
-16.90332 15.66417 -3.18221
-16.93874 15.61471 -3.190592
-16.97268 15.56527 -3.199472
-17.00512 15.51589 -3.208891
-17.03602 15.46661 -3.21889
-17.06537 15.41748 -3.22951
-17.09314 15.36853 -3.240793
-17.1193 15.31981 -3.252779
-17.14383 15.27137 -3.26551
-17.1667 15.22324 -3.279026
-17.1879 15.17547 -3.293369
-17.20739 15.12809 -3.30858
-17.22516 15.08116 -3.324699
-17.24117 15.03471 -3.341769
-17.25539 14.98878 -3.359829
-17.26782 14.94342 -3.378922
-17.27842 14.89867 -3.399088
-17.28716 14.85457 -3.420369
-17.29143 14.82894 -3.433425
-17.29688 14.7861 -3.455912
-17.29985 14.74426 -3.478294
-17.3004 14.70339 -3.500565
-17.29857 14.66348 -3.522717
-17.29442 14.6245 -3.544744
-17.28798 14.58643 -3.566641
-17.27931 14.54926 -3.588401
-17.26846 14.51296 -3.610016
-17.25547 14.47751 -3.631483
-17.2404 14.44289 -3.652792
-17.22329 14.40908 -3.673939
-17.20418 14.37605 -3.694917
-17.18314 14.3438 -3.715719
-17.1602 14.31229 -3.73634
-17.13542 14.28151 -3.756773
-17.10884 14.25144 -3.77701
-17.08051 14.22205 -3.797048
-17.05048 14.19333 -3.816877
-17.0188 14.16525 -3.836493
-16.98552 14.13779 -3.85589
-16.95069 14.11094 -3.87506
-16.91434 14.08466 -3.893997
-16.87654 14.05895 -3.912695
-16.83733 14.03378 -3.931147
-16.79676 14.00912 -3.949348
-16.75487 13.98497 -3.967291
-16.71172 13.96129 -3.984969
-16.66736 13.93807 -4.002376
-16.62182 13.91528 -4.019506
-16.57517 13.89291 -4.036353
-16.52744 13.87094 -4.052908
-16.47869 13.84934 -4.069169
-16.42897 13.82809 -4.085126
-16.37832 13.80718 -4.100774
-16.3268 13.78657 -4.116107
-16.27444 13.76626 -4.131118
-16.22131 13.74622 -4.145801
-16.16743 13.72643 -4.160149
-16.11288 13.70686 -4.174156
-16.05769 13.68751 -4.187816
-16.00191 13.66834 -4.201123
-15.9456 13.64934 -4.214069
-15.88879 13.63048 -4.226649
-15.83154 13.61175 -4.238856
-15.7739 13.59313 -4.250685
-15.71591 13.57458 -4.262127
-15.65762 13.5561 -4.273178
-15.59908 13.53766 -4.283831
-15.54035 13.51925 -4.294079
-15.48145 13.50083 -4.303916
-15.42246 13.4824 -4.313336
-15.36341 13.46392 -4.322332
-15.30435 13.44538 -4.330899
-15.24534 13.42676 -4.339029
-15.18641 13.40804 -4.346715
-15.12762 13.38919 -4.353954
-15.06902 13.37019 -4.360736
-15.01065 13.35104 -4.367057
-14.95257 13.33169 -4.37291
-14.89482 13.31214 -4.378288
-14.83744 13.29236 -4.383185
-14.78049 13.27234 -4.387595
-14.72402 13.25204 -4.39151
-14.66808 13.23145 -4.394927
-14.61271 13.21056 -4.397837
-14.55796 13.18933 -4.400233
-14.50387 13.16775 -4.402111
-14.45051 13.1458 -4.403463
-14.39791 13.12345 -4.404284
-14.34613 13.10069 -4.404566
-14.31607 13.0871 -4.404478
-14.26595 13.06403 -4.404515
-14.21721 13.04129 -4.405243
-14.16977 13.01888 -4.406657
-14.12357 12.99681 -4.40875
-14.07851 12.97509 -4.411517
-14.03453 12.95372 -4.414952
-13.99154 12.9327 -4.419049
-13.94946 12.91204 -4.423803
-13.90822 12.89175 -4.429207
-13.86773 12.87183 -4.435256
-13.82793 12.85228 -4.441945
-13.78873 12.83311 -4.449266
-13.75005 12.81433 -4.457215
-13.71182 12.79593 -4.465786
-13.67395 12.77794 -4.474972
-13.63638 12.76034 -4.484769
-13.59901 12.74315 -4.49517
-13.56177 12.72637 -4.50617
-13.52459 12.71001 -4.517763
-13.48739 12.69407 -4.529942
-13.45008 12.67855 -4.542703
-13.41259 12.66347 -4.556039
-13.37484 12.64882 -4.569945
-13.33675 12.63461 -4.584415
-13.29824 12.62085 -4.599442
-13.25925 12.60754 -4.615023
-13.21968 12.59469 -4.631149
-13.17946 12.5823 -4.647817
-13.13851 12.57038 -4.665019
-13.09675 12.55893 -4.68275
-13.05411 12.54795 -4.701005
-13.0105 12.53746 -4.719778
-12.96585 12.52745 -4.739062
-12.92008 12.51794 -4.758852
-12.87311 12.50893 -4.779142
-12.82486 12.50041 -4.799927
-12.77526 12.49241 -4.8212
-12.72423 12.48491 -4.842957
-12.67168 12.47794 -4.865191
-12.61755 12.47149 -4.887895
-12.56174 12.46556 -4.911066
-12.50419 12.46017 -4.934696
-12.44481 12.45532 -4.95878
-12.38353 12.45101 -4.983312
-12.32027 12.44725 -5.008286
-12.25495 12.44404 -5.033697
-12.18749 12.44139 -5.05954
-12.11782 12.43931 -5.085807
-12.04585 12.43779 -5.112493
-11.9715 12.43685 -5.139592
-11.89471 12.43648 -5.167099
-11.81539 12.4367 -5.195008
-11.73345 12.43751 -5.223314
-11.64884 12.43891 -5.252009
-11.56146 12.44092 -5.28109
-11.47123 12.44352 -5.310548
-11.37809 12.44674 -5.34038
-11.28194 12.45057 -5.370579
-11.18272 12.45502 -5.401139
-11.08034 12.4601 -5.432055
-10.97473 12.4658 -5.463321
-10.86581 12.47214 -5.49493
-10.7535 12.47912 -5.526878
-10.63771 12.48674 -5.559159
-10.51838 12.49502 -5.591765
-10.39543 12.50395 -5.624693
-10.26877 12.51354 -5.657937
-10.13833 12.5238 -5.691489
-10.00403 12.53472 -5.725345
-9.86579 12.54633 -5.759498
-9.782595 12.55347 -5.779727
-9.642862 12.5661 -5.814835
-9.508838 12.5793 -5.851202
-9.380455 12.59303 -5.888816
-9.257643 12.60728 -5.927659
-9.140334 12.62201 -5.967714
-9.02846 12.6372 -6.008965
-8.921949 12.65282 -6.051395
-8.820735 12.66885 -6.09499
-8.724749 12.68526 -6.139733
-8.633919 12.70202 -6.185607
-8.548179 12.71912 -6.232595
-8.467459 12.73652 -6.280683
-8.39169 12.75419 -6.329854
-8.320805 12.77212 -6.38009
-8.254732 12.79027 -6.431377
-8.193405 12.80862 -6.483697
-8.136753 12.82715 -6.537035
-8.084707 12.84582 -6.591374
-8.037199 12.86461 -6.646699
-7.99416 12.88351 -6.702992
-7.955521 12.90246 -6.760238
-7.921213 12.92147 -6.81842
-7.891168 12.94049 -6.877523
-7.865315 12.9595 -6.93753
-7.843586 12.97848 -6.998424
-7.825913 12.9974 -7.060189
-7.812227 13.01623 -7.12281
-7.802457 13.03495 -7.18627
-7.796537 13.05353 -7.250552
-7.794395 13.07195 -7.315641
-7.795965 13.09017 -7.38152
-7.801177 13.10818 -7.448173
-7.809961 13.12595 -7.515584
-7.822249 13.14345 -7.583736
-7.837972 13.16066 -7.652613
-7.857061 13.17754 -7.722199
-7.879447 13.19409 -7.792479
-7.905063 13.21025 -7.863434
-7.933836 13.22602 -7.93505
-7.9657 13.24137 -8.00731
-8.000586 13.25627 -8.080198
-8.038424 13.27069 -8.153698
-8.079146 13.28461 -8.227793
-8.122683 13.298 -8.302466
-8.168965 13.31084 -8.377702
-8.217924 13.3231 -8.453485
-8.269491 13.33475 -8.529799
-8.323598 13.34577 -8.606627
-8.380174 13.35614 -8.683952
-8.439151 13.36582 -8.76176
-8.500461 13.37479 -8.840032
-8.564033 13.38302 -8.918754
-8.6298 13.39049 -8.997908
-8.697693 13.39718 -9.077478
-8.767642 13.40305 -9.15745
-8.839579 13.40809 -9.237806
-8.913434 13.41225 -9.31853
-8.98914 13.41553 -9.399605
-9.066625 13.41789 -9.481015
-9.145823 13.4193 -9.562745
-9.226665 13.41975 -9.644778
-9.309079 13.4192 -9.727098
-9.393 13.41763 -9.809688
-9.478355 13.41502 -9.892531
-9.56508 13.41133 -9.975614
-9.653102 13.40654 -10.05892
-9.742353 13.40063 -10.14243
-9.832766 13.39356 -10.22613
-9.924268 13.38532 -10.31
-10.01679 13.37587 -10.39403
-10.07168 13.36974 -10.44353
-10.16473 13.35844 -10.52669
-10.25678 13.3461 -10.60784
-10.34785 13.33277 -10.68705
-10.43794 13.31847 -10.76435
-10.52708 13.30322 -10.8398
-10.61528 13.28706 -10.91346
-10.70256 13.27 -10.98537
-10.78895 13.25208 -11.05558
-10.87445 13.23333 -11.12416
-10.95908 13.21377 -11.19114
-11.04286 13.19343 -11.25659
-11.12582 13.17234 -11.32055
-11.20795 13.15052 -11.38307
-11.28929 13.12801 -11.44421
-11.36985 13.10483 -11.50402
-11.44965 13.081 -11.56255
-11.52871 13.05656 -11.61985
-11.60703 13.03153 -11.67597
-11.68464 13.00594 -11.73098
-11.76156 12.97982 -11.78491
-11.83781 12.95319 -11.83782
-11.9134 12.92609 -11.88976
-11.98834 12.89854 -11.94078
-12.06266 12.87056 -11.99094
-12.13638 12.84219 -12.04029
-12.2095 12.81345 -12.08887
-12.28205 12.78437 -12.13675
-12.35405 12.75498 -12.18396
-12.42551 12.7253 -12.23057
-12.49645 12.69537 -12.27663
-12.56689 12.6652 -12.32219
-12.63685 12.63484 -12.36729
-12.70633 12.60429 -12.412
-12.77536 12.5736 -12.45636
-12.84397 12.54279 -12.50042
-12.91215 12.51188 -12.54424
-12.97994 12.48091 -12.58787
-13.04734 12.44991 -12.63136
-13.11438 12.41889 -12.67476
-13.18107 12.38788 -12.71813
-13.24744 12.35693 -12.76151
-13.31349 12.32604 -12.80496
-13.37925 12.29525 -12.84853
-13.44473 12.2646 -12.89227
-13.50995 12.23409 -12.93623
-13.57492 12.20377 -12.98047
-13.63967 12.17365 -13.02503
-13.70422 12.14378 -13.06998
-13.76857 12.11416 -13.11535
-13.83275 12.08484 -13.16121
-13.89677 12.05584 -13.2076
-13.96065 12.02718 -13.25457
-14.02442 11.9989 -13.30219
-14.08807 11.97102 -13.35049
-14.15164 11.94357 -13.39953
-14.21515 11.91658 -13.44937
-14.27859 11.89007 -13.50005
-14.34201 11.86407 -13.55163
-14.4054 11.83861 -13.60416
-14.4688 11.81371 -13.65768
-14.53221 11.78941 -13.71226
-14.59566 11.76574 -13.76795
-14.65916 11.74271 -13.82478
-14.72273 11.72035 -13.88283
-14.78638 11.6987 -13.94214
-14.85014 11.67778 -14.00275
-14.91402 11.65763 -14.06473
-14.97804 11.63825 -14.12813
-15.04221 11.61969 -14.19299
-15.10655 11.60197 -14.25937
-15.1445 11.59195 -14.29915
-15.20766 11.57625 -14.36706
-15.26808 11.56267 -14.43463
-15.32575 11.55117 -14.50182
-15.3807 11.54169 -14.56862
-15.43295 11.53419 -14.63501
-15.48252 11.52862 -14.70097
-15.52942 11.52495 -14.76648
-15.57367 11.52312 -14.83152
-15.61529 11.52308 -14.89608
-15.6543 11.5248 -14.96012
-15.69072 11.52823 -15.02365
-15.72456 11.53331 -15.08662
-15.75584 11.54002 -15.14904
-15.78458 11.54829 -15.21086
-15.8108 11.55808 -15.27209
-15.83452 11.56936 -15.3327
-15.85575 11.58206 -15.39266
-15.87452 11.59615 -15.45196
-15.89083 11.61159 -15.51058
-15.90472 11.62831 -15.56851
-15.91619 11.64629 -15.62572
-15.92527 11.66547 -15.68219
-15.93196 11.6858 -15.7379
-15.9363 11.70725 -15.79284
-15.9383 11.72977 -15.84699
-15.93798 11.75331 -15.90032
-15.93535 11.77781 -15.95281
-15.93044 11.80325 -16.00446
-15.92325 11.82958 -16.05523
-15.91382 11.85674 -16.10512
-15.90215 11.88469 -16.15409
-15.88827 11.91339 -16.20214
-15.8722 11.94278 -16.24924
-15.85394 11.97283 -16.29537
-15.83353 12.00349 -16.34052
-15.81097 12.03472 -16.38466
-15.78629 12.06646 -16.42777
-15.75951 12.09867 -16.46984
-15.73063 12.13131 -16.51085
-15.69969 12.16433 -16.55078
-15.66669 12.19768 -16.5896
-15.63166 12.23132 -16.62731
-15.59462 12.2652 -16.66387
-15.55558 12.29928 -16.69928
-15.51456 12.33351 -16.73351
-15.47158 12.36785 -16.76654
-15.42665 12.40224 -16.79835
-15.3798 12.43665 -16.82893
-15.33105 12.47103 -16.85826
-15.2804 12.50533 -16.88631
-15.22789 12.53951 -16.91306
-15.17352 12.57352 -16.93851
-15.11731 12.60731 -16.96262
-15.05929 12.64084 -16.98538
-14.99948 12.67407 -17.00678
-14.93788 12.70694 -17.02678
-14.87452 12.73942 -17.04538
-14.80941 12.77145 -17.06254
-14.74258 12.803 -17.07827
-14.67404 12.83401 -17.09252
-14.60381 12.86444 -17.10529
-14.53191 12.89424 -17.11656
-14.45836 12.92336 -17.1263
-14.38317 12.95178 -17.1345
-14.30636 12.97942 -17.14115
-14.22795 13.00626 -17.1462
-14.14796 13.03224 -17.14966
-14.06641 13.05732 -17.1515
-13.98331 13.08146 -17.15171
-13.89868 13.1046 -17.15025
-13.8482 13.11773 -17.14861
-13.76076 13.13948 -17.14478
-13.67105 13.16073 -17.13986
-13.5792 13.18151 -17.13394
-13.48531 13.20185 -17.12705
-13.38949 13.22177 -17.11926
-13.29185 13.24132 -17.11062
-13.19252 13.26052 -17.10119
-13.09161 13.27941 -17.09102
-12.98921 13.29801 -17.08018
-12.88546 13.31636 -17.06873
-12.78047 13.33448 -17.0567
-12.67434 13.35241 -17.04417
-12.56718 13.37017 -17.03119
-12.45912 13.38781 -17.01782
-12.35027 13.40535 -17.00411
-12.24074 13.42281 -16.99012
-12.13063 13.44024 -16.9759
-12.02008 13.45766 -16.96152
-11.90918 13.47511 -16.94703
-11.79805 13.49261 -16.93249
-11.68681 13.51019 -16.91796
-11.57556 13.5279 -16.90348
-11.46443 13.54575 -16.88912
-11.35352 13.56378 -16.87493
-11.24294 13.58201 -16.86097
-11.13282 13.60049 -16.8473
-11.02326 13.61924 -16.83398
-10.91438 13.63829 -16.82106
-10.80628 13.65768 -16.80859
-10.69909 13.67742 -16.79664
-10.59292 13.69757 -16.78525
-10.48788 13.71814 -16.7745
-10.38407 13.73916 -16.76443
-10.28163 13.76068 -16.7551
-10.18065 13.78271 -16.74657
-10.08125 13.80529 -16.7389
-9.983547 13.82845 -16.73213
-9.887653 13.85223 -16.72634
-9.79368 13.87664 -16.72156
-9.701741 13.90173 -16.71787
-9.61195 13.92753 -16.71532
-9.52442 13.95405 -16.71396
-9.439262 13.98135 -16.71386
-9.356592 14.00944 -16.71506
-9.276522 14.03836 -16.71762
-9.199165 14.06814 -16.72161
-9.124635 14.09881 -16.72708
-9.053043 14.1304 -16.73409
-8.984505 14.16294 -16.74268
-8.919131 14.19646 -16.75292
-8.857038 14.231 -16.76487
-8.798335 14.26658 -16.77858
-8.743138 14.30324 -16.79411
-8.69156 14.341 -16.81151
-8.643712 14.3799 -16.83085
-8.59971 14.41997 -16.85218
-8.559665 14.46124 -16.87555
-8.52369 14.50374 -16.90102
-8.4919 14.5475 -16.92865
-8.464408 14.59255 -16.9585
-8.441324 14.63892 -16.99063
-8.422766 14.68665 -17.02508
-8.408842 14.73576 -17.06191
-8.39967 14.78629 -17.10119
-8.39536 14.83826 -17.14297
-8.396026 14.89172 -17.1873
-8.401779 14.94668 -17.23425
-8.412738 15.00318 -17.28387
-8.42901 15.06124 -17.33621
-8.450712 15.12092 -17.39134
-8.46606 15.15678 -17.42509
-8.494451 15.2179 -17.48348
-8.524146 15.27835 -17.54221
-8.555122 15.33813 -17.60124
-8.58736 15.39725 -17.66057
-8.620841 15.45569 -17.72016
-8.65554 15.51345 -17.78
-8.691442 15.57054 -17.84006
-8.728519 15.62694 -17.90032
-8.766755 15.68266 -17.96077
-8.806129 15.73769 -18.02137
-8.84662 15.79204 -18.08211
-8.888206 15.84569 -18.14296
-8.930866 15.89865 -18.2039
-8.974582 15.95091 -18.26491
-9.019331 16.00247 -18.32597
-9.065092 16.05332 -18.38706
-9.111847 16.10347 -18.44815
-9.159573 16.15291 -18.50922
-9.208249 16.20164 -18.57025
-9.257855 16.24966 -18.63122
-9.308371 16.29696 -18.69211
-9.359775 16.34354 -18.75289
-9.412046 16.38939 -18.81354
-9.465166 16.43452 -18.87405
-9.519111 16.47893 -18.93438
-9.573861 16.5226 -18.99452
-9.629397 16.56554 -19.05444
-9.685697 16.60775 -19.11412
-9.74274 16.64921 -19.17355
-9.800506 16.68994 -19.2327
-9.858974 16.72992 -19.29154
-9.918122 16.76915 -19.35005
-9.977932 16.80763 -19.40822
-10.03838 16.84537 -19.46602
-10.09945 16.88234 -19.52343
-10.16111 16.91856 -19.58042
-10.22336 16.95402 -19.63698
-10.28616 16.98871 -19.69308
-10.3495 17.02264 -19.74871
-10.41335 17.0558 -19.80383
-10.47769 17.08819 -19.85843
-10.54251 17.1198 -19.91249
-10.60779 17.15064 -19.96597
-10.67349 17.1807 -20.01887
-10.73961 17.20997 -20.07116
-10.80612 17.23846 -20.12281
-10.873 17.26616 -20.17381
-10.94023 17.29308 -20.22414
-11.00778 17.31919 -20.27376
-11.07565 17.34452 -20.32267
-11.1438 17.36904 -20.37083
-11.21222 17.39276 -20.41823
-11.28088 17.41568 -20.46484
-11.34977 17.43779 -20.51064
-11.41886 17.45909 -20.55562
-11.48814 17.47958 -20.59974
-11.55758 17.49925 -20.64298
-11.62716 17.51811 -20.68533
-11.69687 17.53614 -20.72676
-11.76667 17.55335 -20.76725
-11.83655 17.56974 -20.80678
-11.9065 17.58529 -20.84533
-11.97648 17.60002 -20.88287
-12.04648 17.61391 -20.91938
-12.11647 17.62696 -20.95484
-12.18645 17.63918 -20.98923
-12.25638 17.65055 -21.02252
-12.32624 17.66107 -21.05471
-12.39601 17.67075 -21.08575
-12.46568 17.67958 -21.11563
-12.50661 17.68437 -21.13266
-12.57636 17.6929 -21.16027
-12.64654 17.70266 -21.18595
-12.71711 17.71358 -21.20975
-12.78807 17.72564 -21.23171
-12.85939 17.73877 -21.25188
-12.93105 17.75292 -21.27032
-13.00303 17.76805 -21.28705
-13.07531 17.7841 -21.30215
-13.14786 17.80102 -21.31565
-13.22067 17.81876 -21.32759
-13.29371 17.83727 -21.33804
-13.36697 17.8565 -21.34703
-13.44042 17.87639 -21.35462
-13.51404 17.89691 -21.36086
-13.58782 17.91799 -21.36578
-13.66172 17.93959 -21.36944
-13.73573 17.96166 -21.37189
-13.80983 17.98414 -21.37317
-13.88399 18.00698 -21.37333
-13.95821 18.03014 -21.37243
-14.03244 18.05357 -21.37049
-14.10668 18.0772 -21.36759
-14.1809 18.10099 -21.36377
-14.25509 18.1249 -21.35906
-14.32921 18.14887 -21.35352
-14.40326 18.17284 -21.3472
-14.4772 18.19678 -21.34015
-14.55102 18.22062 -21.33241
-14.6247 18.24432 -21.32403
-14.69821 18.26783 -21.31506
-14.77154 18.29109 -21.30556
-14.84466 18.31406 -21.29555
-14.91755 18.33669 -21.28509
-14.9902 18.35891 -21.27424
-15.06257 18.38069 -21.26304
-15.13466 18.40198 -21.25153
-15.20643 18.42271 -21.23977
-15.27787 18.44284 -21.2278
-15.34896 18.46233 -21.21567
-15.41967 18.48112 -21.20343
-15.48999 18.49915 -21.19113
-15.55989 18.51638 -21.17881
-15.62935 18.53276 -21.16653
-15.69836 18.54824 -21.15432
-15.76688 18.56276 -21.14224
-15.83491 18.57628 -21.13034
-15.90241 18.58875 -21.11866
-15.96937 18.6001 -21.10726
-16.03577 18.6103 -21.09617
-16.10158 18.6193 -21.08545
-16.16679 18.62703 -21.07515
-16.23137 18.63346 -21.06531
-16.2953 18.63853 -21.05598
-16.35856 18.64218 -21.04721
-16.42114 18.64438 -21.03905
-16.483 18.64506 -21.03154
-16.54413 18.64419 -21.02474
-16.60451 18.6417 -21.01869
-16.66412 18.63754 -21.01343
-16.72293 18.63167 -21.00903
-16.78092 18.62404 -21.00552
-16.83808 18.61459 -21.00295
-16.89438 18.60327 -21.00137
-16.9498 18.59004 -21.00083
-17.00432 18.57484 -21.00138
-17.05793 18.55762 -21.00306
-17.11058 18.53833 -21.00592
-17.16228 18.51692 -21.01002
-17.21299 18.49334 -21.01539
-17.2627 18.46754 -21.02209
-17.29147 18.4513 -21.02667
-17.34334 18.42215 -21.03501
-17.40164 18.39125 -21.04363
-17.46618 18.35864 -21.0525
-17.53675 18.32435 -21.06161
-17.61316 18.28841 -21.07094
-17.69522 18.25086 -21.08045
-17.78271 18.21172 -21.09014
-17.87545 18.17102 -21.09998
-17.97324 18.1288 -21.10993
-18.07588 18.08509 -21.12
-18.18317 18.03992 -21.13015
-18.29492 17.99332 -21.14035
-18.41092 17.94532 -21.1506
-18.53099 17.89595 -21.16086
-18.65492 17.84525 -21.17112
-18.78251 17.79324 -21.18135
-18.91357 17.73996 -21.19153
-19.04791 17.68543 -21.20165
-19.18531 17.6297 -21.21167
-19.32559 17.57279 -21.22157
-19.46855 17.51473 -21.23135
-19.61399 17.45555 -21.24096
-19.76171 17.39529 -21.2504
-19.91152 17.33397 -21.25963
-20.06321 17.27163 -21.26864
-20.2166 17.20829 -21.27741
-20.37148 17.144 -21.28591
-20.52765 17.07878 -21.29412
-20.68492 17.01266 -21.30202
-20.84309 16.94567 -21.30959
-21.00196 16.87785 -21.3168
-21.16134 16.80922 -21.32364
-21.32103 16.73982 -21.33009
-21.48083 16.66968 -21.33611
-21.64054 16.59883 -21.3417
-21.79996 16.52729 -21.34682
-21.9589 16.45511 -21.35145
-22.11716 16.38232 -21.35558
-22.27454 16.30894 -21.35918
-22.43085 16.235 -21.36223
-22.58589 16.16055 -21.36471
-22.73945 16.0856 -21.36659
-22.89135 16.01019 -21.36786
-23.04139 15.93435 -21.3685
-23.18936 15.85811 -21.36847
-23.33507 15.78151 -21.36777
-23.47832 15.70457 -21.36635
-23.61892 15.62733 -21.36422
-23.75666 15.54982 -21.36134
-23.89136 15.47206 -21.35769
-24.0228 15.3941 -21.35325
-24.1508 15.31595 -21.348
-24.27516 15.23766 -21.34192
-24.39568 15.15926 -21.33498
-24.51216 15.08076 -21.32716
-24.6244 15.00222 -21.31844
-24.73222 14.92365 -21.30881
-24.8354 14.84509 -21.29823
-24.93375 14.76657 -21.28668
-25.02708 14.68812 -21.27415
-25.11518 14.60977 -21.26062
-25.19787 14.53156 -21.24605
-25.27494 14.45352 -21.23043
-25.34619 14.37567 -21.21374
-25.41142 14.29804 -21.19595
-25.47045 14.22068 -21.17704
-25.52307 14.14361 -21.157
-25.56908 14.06686 -21.1358
-25.6083 13.99046 -21.11341
-25.6405 13.91444 -21.08982
-25.6561 13.86992 -21.07537
-25.68032 13.79467 -21.04977
-25.70422 13.72004 -21.02286
-25.7278 13.64604 -20.99466
-25.75106 13.57265 -20.96519
-25.77399 13.4999 -20.93447
-25.7966 13.42776 -20.90254
-25.81887 13.35625 -20.86942
-25.84081 13.28536 -20.83513
-25.86241 13.21509 -20.79969
-25.88368 13.14545 -20.76315
-25.9046 13.07642 -20.72551
-25.92517 13.00802 -20.6868
-25.9454 12.94024 -20.64705
-25.96528 12.87308 -20.60629
-25.98481 12.80654 -20.56454
-26.00397 12.74063 -20.52182
-26.02278 12.67533 -20.47817
-26.04123 12.61066 -20.4336
-26.05931 12.5466 -20.38813
-26.07703 12.48317 -20.34181
-26.09437 12.42035 -20.29465
-26.11134 12.35816 -20.24667
-26.12794 12.29658 -20.1979
-26.14415 12.23562 -20.14837
-26.15999 12.17529 -20.0981
-26.17544 12.11557 -20.04712
-26.1905 12.05647 -19.99545
-26.20517 11.99799 -19.94312
-26.21945 11.94013 -19.89015
-26.23333 11.88289 -19.83657
-26.24682 11.82627 -19.7824
-26.2599 11.77026 -19.72767
-26.27258 11.71487 -19.6724
-26.28485 11.6601 -19.61662
-26.29671 11.60595 -19.56035
-26.30816 11.55241 -19.50363
-26.3192 11.4995 -19.44647
-26.32981 11.4472 -19.3889
-26.34001 11.39551 -19.33094
-26.34978 11.34445 -19.27262
-26.35912 11.29399 -19.21397
-26.36803 11.24416 -19.155
-26.37651 11.19494 -19.09576
-26.38456 11.14634 -19.03625
-26.39217 11.09835 -18.97651
-26.39933 11.05098 -18.91656
-26.40606 11.00423 -18.85643
-26.41233 10.95809 -18.79614
-26.41816 10.91256 -18.73572
-26.42354 10.86765 -18.67518
-26.42846 10.82335 -18.61457
-26.43292 10.77967 -18.55389
-26.43692 10.73661 -18.49319
-26.44046 10.69415 -18.43248
-26.44353 10.65232 -18.37178
-26.44613 10.61109 -18.31113
-26.44826 10.57048 -18.25055
-26.44992 10.53048 -18.19006
-26.4511 10.4911 -18.12969
-26.45179 10.45233 -18.06946
-26.45201 10.41417 -18.0094
-26.45174 10.37663 -17.94954
-26.45098 10.33969 -17.8899
-26.44972 10.30337 -17.8305
-26.44797 10.26766 -17.77137
-26.44573 10.23257 -17.71254
-26.44299 10.19808 -17.65402
-26.43974 10.16421 -17.59586
-26.43599 10.13095 -17.53806
-26.43172 10.0983 -17.48066
-26.42898 10.07938 -17.44709
-26.42433 10.04727 -17.39054
-26.41999 10.01493 -17.33476
-26.41596 9.98237 -17.27971
-26.41223 9.949615 -17.22536
-26.40879 9.916683 -17.17166
-26.40562 9.883591 -17.11858
-26.40272 9.850357 -17.06608
-26.40006 9.817002 -17.01413
-26.39766 9.783544 -16.96269
-26.39548 9.75 -16.91173
-26.39352 9.71639 -16.8612
-26.39177 9.682733 -16.81108
-26.39022 9.649048 -16.76132
-26.38886 9.615351 -16.71188
-26.38767 9.581664 -16.66274
-26.38665 9.548003 -16.61386
-26.38579 9.514389 -16.56519
-26.38506 9.480841 -16.51671
-26.38447 9.447373 -16.46837
-26.384 9.41401 -16.42014
-26.38363 9.380766 -16.37198
-26.38337 9.347662 -16.32386
-26.3832 9.314715 -16.27574
-26.3831 9.281946 -16.22758
-26.38307 9.249372 -16.17935
-26.38309 9.217011 -16.13101
-26.38316 9.184885 -16.08252
-26.38326 9.153009 -16.03385
-26.38339 9.121404 -15.98496
-26.38352 9.090086 -15.93581
-26.38366 9.059076 -15.88637
-26.38378 9.028394 -15.83661
-26.38388 8.998055 -15.78647
-26.38395 8.96808 -15.73594
-26.38397 8.938487 -15.68496
-26.38394 8.909295 -15.63351
-26.38384 8.880523 -15.58156
-26.38367 8.852188 -15.52905
-26.3834 8.824311 -15.47595
-26.38304 8.796908 -15.42224
-26.38257 8.770001 -15.36787
-26.38198 8.743607 -15.3128
-26.38125 8.717744 -15.25701
-26.38038 8.692431 -15.20045
-26.37936 8.667686 -15.14308
-26.37817 8.643531 -15.08487
-26.37681 8.619981 -15.02579
-26.37526 8.597056 -14.9658
-26.37351 8.574775 -14.90485
-26.37155 8.553157 -14.84292
-26.36937 8.532219 -14.77997
-26.36696 8.511981 -14.71595
-26.36431 8.492461 -14.65084
-26.3614 8.47368 -14.5846
-26.35823 8.455652 -14.51719
-26.35478 8.4384 -14.44858
-26.35105 8.421941 -14.37872
-26.34702 8.406293 -14.30759
-26.34269 8.391476 -14.23514
-26.33803 8.377509 -14.16134
-26.33304 8.364408 -14.08615
-26.32771 8.352195 -14.00954
-26.32203 8.340887 -13.93147
-26.31599 8.330503 -13.8519
-26.30957 8.321061 -13.77079
-26.30276 8.31258 -13.68812
