-30.83192 16.42667 -3.363181
-30.70099 16.45009 -3.324727
-30.57028 16.4729 -3.285766
-30.43981 16.49507 -3.246335
-30.30955 16.51658 -3.206468
-30.1795 16.53744 -3.166201
-30.04965 16.55762 -3.125571
-29.92001 16.57711 -3.084612
-29.79055 16.5959 -3.043361
-29.66129 16.61397 -3.001854
-29.5322 16.63131 -2.960125
-29.40328 16.6479 -2.918212
-29.27453 16.66373 -2.876148
-29.14594 16.67879 -2.833971
-29.0175 16.69307 -2.791716
-28.88921 16.70654 -2.749418
-28.76106 16.71921 -2.707113
-28.63305 16.73104 -2.664838
-28.50516 16.74204 -2.622627
-28.37739 16.75218 -2.580516
-28.24973 16.76145 -2.538542
-28.12219 16.76984 -2.496739
-27.99474 16.77734 -2.455144
-27.86739 16.78392 -2.413792
-27.74013 16.78959 -2.372718
-27.61294 16.79431 -2.33196
-27.48584 16.79809 -2.291552
-27.3588 16.8009 -2.251529
-27.23182 16.80274 -2.211929
-27.1049 16.80358 -2.172786
-26.97803 16.80342 -2.134136
-26.85121 16.80224 -2.096015
-26.72441 16.80003 -2.058459
-26.59765 16.79677 -2.021502
-26.47091 16.79246 -1.985182
-26.34419 16.78707 -1.949533
-26.21748 16.78059 -1.914592
-26.09077 16.77301 -1.880394
-25.96406 16.76432 -1.846975
-25.83734 16.7545 -1.81437
-25.7106 16.74354 -1.782616
-25.58384 16.73142 -1.751747
-25.45705 16.71813 -1.7218
-25.33023 16.70366 -1.69281
-25.20337 16.688 -1.664813
-25.07645 16.67112 -1.637845
-24.94949 16.65302 -1.611942
-24.82246 16.63369 -1.587139
-24.69536 16.6131 -1.563471
-24.56819 16.59124 -1.540975
-24.44094 16.56811 -1.519686
-24.31359 16.54369 -1.499641
-24.18616 16.51796 -1.480874
-24.05863 16.49091 -1.463421
-23.93099 16.46252 -1.447319
-23.80324 16.43279 -1.432602
-23.67536 16.4017 -1.419307
-23.54736 16.36924 -1.407469
-23.41923 16.33539 -1.397124
-23.29096 16.30013 -1.388308
-23.16254 16.26346 -1.381056
-23.03397 16.22536 -1.375404
-22.90524 16.18582 -1.371388
-22.77635 16.14482 -1.369043
-22.64728 16.10235 -1.368406
-22.51804 16.0584 -1.369511
-22.38861 16.01295 -1.372395
-22.25899 15.96599 -1.377093
-22.12917 15.9175 -1.383641
-22.0267 15.8782 -1.390131
-21.89805 15.83088 -1.398825
-21.77222 15.78975 -1.406949
-21.64917 15.75469 -1.414513
-21.52882 15.72554 -1.421529
-21.41111 15.70217 -1.428005
-21.296 15.68444 -1.433952
-21.1834 15.67221 -1.43938
-21.07327 15.66533 -1.444301
-20.96556 15.66368 -1.448723
-20.86018 15.6671 -1.452658
-20.75709 15.67545 -1.456115
-20.65623 15.68861 -1.459106
-20.55753 15.70642 -1.461639
-20.46093 15.72875 -1.463726
-20.36638 15.75545 -1.465377
-20.27382 15.78639 -1.466602
-20.18318 15.82142 -1.467412
-20.09441 15.86041 -1.467816
-20.00744 15.90322 -1.467825
-19.92221 15.9497 -1.467449
-19.83867 15.99971 -1.466699
-19.75676 16.05312 -1.465585
-19.67641 16.10978 -1.464117
-19.59756 16.16956 -1.462306
-19.52016 16.23231 -1.460161
-19.44414 16.29789 -1.457693
-19.36944 16.36617 -1.454913
-19.29601 16.437 -1.45183
-19.22379 16.51024 -1.448455
-19.15271 16.58575 -1.444799
-19.0827 16.6634 -1.440871
-19.01373 16.74304 -1.436681
-18.94572 16.82453 -1.432241
-18.87861 16.90773 -1.42756
-18.81235 16.99251 -1.422649
-18.74686 17.07871 -1.417518
-18.6821 17.1662 -1.412177
-18.61801 17.25485 -1.406637
-18.55452 17.34451 -1.400908
-18.49157 17.43503 -1.395
-18.4291 17.52629 -1.388923
-18.36706 17.61813 -1.382688
-18.30537 17.71043 -1.376305
-18.244 17.80303 -1.369785
-18.18286 17.8958 -1.363137
-18.1219 17.9886 -1.356372
-18.06107 18.08129 -1.3495
-18.0003 18.17373 -1.342532
-17.93954 18.26578 -1.335477
-17.87871 18.35729 -1.328347
-17.81777 18.44813 -1.321151
-17.75665 18.53815 -1.3139
-17.69528 18.62723 -1.306603
-17.63363 18.71521 -1.299272
-17.57161 18.80196 -1.291917
-17.50917 18.88733 -1.284547
-17.44626 18.97119 -1.277174
-17.38281 19.0534 -1.269807
-17.31876 19.13381 -1.262457
-17.25404 19.21228 -1.255134
-17.18862 19.28868 -1.247848
-17.12241 19.36287 -1.24061
-17.05536 19.4347 -1.23343
-16.98741 19.50403 -1.226318
-16.91851 19.57073 -1.219284
-16.84858 19.63465 -1.212339
-16.77758 19.69566 -1.205494
-16.70543 19.75361 -1.198758
-16.63209 19.80836 -1.192141
-16.55749 19.85977 -1.185655
-16.51298 19.8884 -1.181904
-16.43697 19.93544 -1.175054
-16.361 19.98128 -1.167195
-16.2851 20.02593 -1.158358
-16.20925 20.06942 -1.148573
-16.13347 20.11176 -1.137873
-16.05776 20.15294 -1.126289
-15.98213 20.19299 -1.113853
-15.90658 20.23191 -1.100595
-15.83112 20.26972 -1.086548
-15.75575 20.30642 -1.071743
-15.68048 20.34203 -1.056211
-15.60531 20.37655 -1.039983
-15.53024 20.41001 -1.023093
-15.45529 20.44241 -1.005569
-15.38045 20.47375 -0.9874454
-15.30573 20.50406 -0.968752
-15.23114 20.53334 -0.9495208
-15.15668 20.5616 -0.9297833
-15.08236 20.58885 -0.9095708
-15.00817 20.61511 -0.8889149
-14.93414 20.64038 -0.867847
-14.86025 20.66468 -0.8463987
-14.78652 20.68802 -0.8246012
-14.71295 20.71041 -0.8024862
-14.63955 20.73185 -0.7800851
-14.56632 20.75237 -0.7574293
-14.49326 20.77196 -0.7345504
-14.42039 20.79064 -0.7114798
-14.3477 20.80843 -0.688249
-14.2752 20.82533 -0.6648894
-14.20289 20.84135 -0.6414325
-14.13079 20.85652 -0.6179098
-14.05889 20.87082 -0.5943528
-13.9872 20.88428 -0.5707929
-13.91573 20.89691 -0.5472615
-13.84447 20.90871 -0.5237902
-13.77345 20.91971 -0.5004104
-13.70265 20.9299 -0.4771537
-13.63209 20.93931 -0.4540513
-13.56176 20.94794 -0.431135
-13.49169 20.9558 -0.408436
-13.42186 20.9629 -0.3859859
-13.35229 20.96926 -0.3638161
-13.28297 20.97488 -0.3419581
-13.21392 20.97978 -0.3204434
-13.14515 20.98396 -0.2993034
-13.07664 20.98745 -0.2785697
-13.00842 20.99024 -0.2582737
-12.94048 20.99235 -0.2384468
-12.87283 20.99379 -0.2191205
-12.80547 20.99457 -0.2003262
-12.73842 20.9947 -0.1820956
-12.67166 20.9942 -0.16446
-12.60522 20.99307 -0.1474509
-12.53909 20.99132 -0.1310997
-12.47328 20.98897 -0.115438
-12.4078 20.98603 -0.1004972
-12.34264 20.9825 -0.0863087
-12.27782 20.9784 -0.07290408
-12.21333 20.97374 -0.06031477
-12.14919 20.96852 -0.04857224
-12.0854 20.96277 -0.03770795
-12.02197 20.95649 -0.02775338
-11.95889 20.94969 -0.01873999
-11.89617 20.94239 -0.01069926
-11.83383 20.93458 -0.003662644
-11.77186 20.9263 0.002338379
-11.71026 20.91753 0.007272343
-11.64905 20.90831 0.01110778
-11.58823 20.89863 0.01381322
-11.55263 20.89273 0.01486419
-11.49126 20.88317 0.0159129
-11.42797 20.87475 0.01616746
-11.36285 20.8674 0.01561422
-11.29599 20.86101 0.01423953
-11.22747 20.85552 0.01202974
-11.15737 20.85084 0.008971208
-11.08577 20.84688 0.005050277
-11.01276 20.84357 0.0002532988
-10.93842 20.84081 -0.005433371
-10.86283 20.83853 -0.01202339
-10.78607 20.83664 -0.0195304
-10.70823 20.83506 -0.02796805
-10.62939 20.8337 -0.03735
-10.54963 20.83248 -0.04768989
-10.46904 20.83132 -0.05900137
-10.38769 20.83014 -0.0712981
-10.30568 20.82885 -0.08459371
-10.22308 20.82736 -0.09890185
-10.13998 20.8256 -0.1142362
-10.05646 20.82348 -0.1306103
-9.9726 20.82091 -0.148038
-9.888486 20.81782 -0.1665328
-9.804198 20.81412 -0.1861083
-9.719822 20.80973 -0.2067783
-9.635439 20.80455 -0.2285564
-9.551132 20.79852 -0.2514562
-9.466983 20.79155 -0.2754914
-9.383078 20.78355 -0.3006756
-9.299495 20.77444 -0.3270225
-9.216321 20.76413 -0.3545458
-9.133636 20.75254 -0.383259
-9.051524 20.7396 -0.4131758
-8.970068 20.72521 -0.4443099
-8.88935 20.7093 -0.476675
-8.809453 20.69177 -0.5102846
-8.73046 20.67254 -0.5451524
-8.652453 20.65155 -0.5812922
-8.575518 20.62868 -0.6187174
-8.499733 20.60388 -0.6574418
-8.425184 20.57704 -0.6974791
-8.351953 20.54809 -0.7388428
-8.280122 20.51695 -0.7815466
-8.209774 20.48353 -0.8256042
-8.140993 20.44775 -0.8710293
-8.07386 20.40952 -0.9178353
-8.00846 20.36876 -0.9660361
-7.944873 20.32539 -1.015645
-7.883185 20.27932 -1.066676
-7.823476 20.23048 -1.119143
-7.76583 20.17877 -1.173059
-7.71033 20.12411 -1.228439
-7.657057 20.06643 -1.285294
-7.606097 20.00563 -1.34364
-7.55753 19.94164 -1.40349
-7.51144 19.87436 -1.464858
-7.467909 19.80373 -1.527757
-7.427022 19.72964 -1.5922
-7.388858 19.65203 -1.658202
-7.353503 19.5708 -1.725776
-7.321038 19.48587 -1.794937
-7.291547 19.39716 -1.865696
-7.265112 19.30459 -1.938069
-7.241816 19.20807 -2.012068
-7.221741 19.10752 -2.087708
-7.204971 19.00286 -2.165002
-7.191589 18.894 -2.243963
-7.181676 18.78085 -2.324606
-7.175317 18.66334 -2.406944
-7.172593 18.54139 -2.49099
-7.173588 18.4149 -2.57676
-7.175943 18.33834 -2.628026
-7.183661 18.20963 -2.712493
-7.19647 18.08648 -2.790688
-7.214253 17.96877 -2.862773
-7.236892 17.8564 -2.928913
-7.264268 17.74927 -2.989272
-7.296265 17.64728 -3.044014
-7.332761 17.55032 -3.093303
-7.373642 17.45829 -3.137302
-7.418787 17.37109 -3.176176
-7.468079 17.28862 -3.210088
-7.5214 17.21076 -3.239203
-7.578631 17.13743 -3.263684
-7.639655 17.06851 -3.283695
-7.704353 17.0039 -3.299399
-7.772607 16.94351 -3.310962
-7.844299 16.88722 -3.318547
-7.919311 16.83494 -3.322317
-7.997524 16.78655 -3.322437
-8.078822 16.74197 -3.319071
-8.163084 16.70108 -3.312382
-8.250194 16.66378 -3.302534
-8.340032 16.62998 -3.289692
-8.432482 16.59956 -3.274019
-8.527424 16.57242 -3.255679
-8.624741 16.54847 -3.234835
-8.724315 16.52759 -3.211653
-8.826027 16.50969 -3.186296
-8.929759 16.49466 -3.158927
-9.035393 16.4824 -3.129711
-9.142811 16.47281 -3.098812
-9.251894 16.46577 -3.066393
-9.362526 16.4612 -3.032618
-9.474587 16.45899 -2.997651
-9.587959 16.45903 -2.961657
-9.702525 16.46123 -2.924799
-9.818165 16.46547 -2.88724
-9.934762 16.47166 -2.849146
-10.0522 16.47969 -2.810679
-10.17036 16.48946 -2.772004
-10.28911 16.50087 -2.733284
-10.40836 16.51381 -2.694685
-10.52797 16.52818 -2.656368
-10.64783 16.54389 -2.618499
-10.76781 16.56081 -2.58124
-10.88781 16.57887 -2.544757
-11.00771 16.59793 -2.509213
-11.12737 16.61792 -2.474772
-11.2467 16.63872 -2.441598
-11.36556 16.66023 -2.409854
-11.48385 16.68235 -2.379705
-11.60144 16.70498 -2.351315
-11.71821 16.728 -2.324847
-11.83405 16.75133 -2.300465
-11.94884 16.77485 -2.278334
-12.06246 16.79846 -2.258617
-12.17479 16.82207 -2.241477
-12.28571 16.84556 -2.22708
-12.39511 16.86884 -2.215589
-12.50287 16.8918 -2.207167
-12.60887 16.91433 -2.201979
-12.71299 16.93635 -2.200189
-12.81511 16.95773 -2.20196
-12.91512 16.97839 -2.207457
-13.01289 16.99821 -2.216843
-13.10832 17.0171 -2.230282
-13.20127 17.03495 -2.247938
-13.29164 17.05165 -2.269975
-13.3793 17.06711 -2.296557
-13.46414 17.08123 -2.327848
-13.54603 17.09389 -2.364012
-13.59279 17.10062 -2.38763
-13.67112 17.11058 -2.428455
-13.749 17.11854 -2.467663
-13.8264 17.12453 -2.505295
-13.90331 17.12859 -2.541389
-13.97971 17.13076 -2.575985
-14.05558 17.13106 -2.609121
-14.13091 17.12955 -2.640838
-14.20568 17.12625 -2.671173
-14.27987 17.1212 -2.700168
-14.35348 17.11443 -2.727859
-14.42648 17.10599 -2.754288
-14.49885 17.0959 -2.779493
-14.57058 17.08421 -2.803513
-14.64166 17.07094 -2.826388
-14.71207 17.05614 -2.848157
-14.78179 17.03984 -2.868859
-14.8508 17.02208 -2.888533
-14.91909 17.00289 -2.907219
-14.98664 16.98231 -2.924955
-15.05345 16.96038 -2.941782
-15.11948 16.93712 -2.957737
-15.18472 16.91259 -2.972862
-15.24917 16.8868 -2.987194
-15.31279 16.85981 -3.000773
-15.37558 16.83164 -3.013638
-15.43752 16.80232 -3.025829
-15.49859 16.77191 -3.037384
-15.55878 16.74043 -3.048343
-15.61807 16.70791 -3.058745
-15.67645 16.67441 -3.06863
-15.73389 16.63993 -3.078036
-15.79038 16.60454 -3.087003
-15.84591 16.56826 -3.09557
-15.90046 16.53113 -3.103777
-15.95401 16.49318 -3.111662
-16.00654 16.45445 -3.119265
-16.05805 16.41498 -3.126624
-16.10851 16.37479 -3.13378
-16.15792 16.33394 -3.140772
-16.20624 16.29245 -3.147638
-16.25346 16.25036 -3.154418
-16.29958 16.20771 -3.161151
-16.34457 16.16452 -3.167877
-16.38842 16.12085 -3.174634
-16.4311 16.07672 -3.181462
-16.47261 16.03216 -3.1884
-16.51293 15.98722 -3.195488
-16.55204 15.94194 -3.202764
-16.58993 15.89634 -3.210268
-16.62658 15.85046 -3.218039
-16.66197 15.80435 -3.226116
-16.69608 15.75802 -3.234539
-16.72891 15.71153 -3.243346
-16.76043 15.66491 -3.252577
-16.79063 15.61819 -3.262272
-16.81949 15.5714 -3.272469
-16.847 15.5246 -3.283208
-16.87313 15.4778 -3.294527
-16.89788 15.43105 -3.306467
-16.92123 15.38438 -3.319066
-16.94316 15.33783 -3.332364
-16.96365 15.29144 -3.346399
-16.98269 15.24523 -3.361212
-17.00026 15.19925 -3.376841
-17.01634 15.15354 -3.393325
-17.03093 15.10812 -3.410704
-17.044 15.06303 -3.429017
-17.05554 15.01832 -3.448304
-17.06552 14.97401 -3.468603
-17.07395 14.93015 -3.489953
-17.07816 14.90456 -3.503021
-17.08366 14.86186 -3.52542
-17.08678 14.82042 -3.547541
-17.08757 14.78022 -3.569382
-17.08608 14.74123 -3.590942
-17.08234 14.70342 -3.612219
-17.07641 14.66676 -3.633213
-17.06833 14.63122 -3.653922
-17.05815 14.59678 -3.674344
-17.04592 14.5634 -3.694479
-17.03166 14.53106 -3.714325
-17.01544 14.49973 -3.73388
-16.99731 14.46938 -3.753144
-16.97729 14.43998 -3.772115
-16.95545 14.4115 -3.790791
-16.93182 14.38391 -3.809172
-16.90645 14.35719 -3.827256
-16.87939 14.33131 -3.845042
-16.85068 14.30623 -3.862528
-16.82037 14.28194 -3.879714
-16.7885 14.2584 -3.896597
-16.75512 14.23557 -3.913177
-16.72027 14.21344 -3.929451
-16.68401 14.19198 -3.94542
-16.64637 14.17116 -3.961081
-16.6074 14.15094 -3.976434
-16.56714 14.1313 -3.991476
-16.52565 14.11221 -4.006207
-16.48296 14.09364 -4.020625
-16.43913 14.07557 -4.034729
-16.3942 14.05796 -4.048517
-16.34821 14.04079 -4.061989
-16.30121 14.02403 -4.075143
-16.25324 14.00764 -4.087978
-16.20436 13.99161 -4.100492
-16.15459 13.97589 -4.112684
-16.104 13.96048 -4.124552
-16.05263 13.94532 -4.136096
-16.00052 13.9304 -4.147314
-15.94772 13.91569 -4.158206
-15.89428 13.90116 -4.168767
-15.84023 13.88678 -4.179
-15.78562 13.87252 -4.188901
-15.73051 13.85835 -4.19847
-15.67493 13.84425 -4.207704
-15.61893 13.83018 -4.216604
-15.56256 13.81613 -4.225167
-15.50587 13.80205 -4.233392
-15.44888 13.78792 -4.241279
-15.39167 13.77371 -4.248824
-15.33426 13.75939 -4.256028
-15.2767 13.74494 -4.262889
-15.21905 13.73032 -4.269405
-15.16134 13.71552 -4.275577
-15.10362 13.70049 -4.2814
-15.04594 13.68521 -4.286875
-14.98834 13.66965 -4.292001
-14.93086 13.65378 -4.296776
-14.87356 13.63758 -4.301198
-14.81648 13.62101 -4.305267
-14.75966 13.60405 -4.308981
-14.70316 13.58667 -4.312338
-14.647 13.56884 -4.315338
-14.59125 13.55053 -4.317979
-14.53594 13.53171 -4.32026
-14.48113 13.51236 -4.322179
-14.42685 13.49244 -4.323735
-14.37315 13.47193 -4.324927
-14.32009 13.45079 -4.325754
-14.26769 13.42901 -4.326214
-14.21602 13.40655 -4.326305
-14.18597 13.393 -4.326187
-14.13604 13.37041 -4.326519
-14.08785 13.3491 -4.328123
-14.04133 13.32903 -4.330975
-13.99639 13.3102 -4.335052
-13.95293 13.29257 -4.340333
-13.91087 13.27613 -4.346794
-13.87012 13.26085 -4.354412
-13.83058 13.24671 -4.363165
-13.79218 13.23368 -4.373031
-13.75481 13.22175 -4.383985
-13.7184 13.21089 -4.396007
-13.68285 13.20108 -4.409072
-13.64808 13.1923 -4.42316
-13.61399 13.18452 -4.438245
-13.58049 13.17773 -4.454307
-13.5475 13.17189 -4.471322
-13.51493 13.167 -4.489267
-13.48269 13.16301 -4.508121
-13.45069 13.15992 -4.52786
-13.41884 13.1577 -4.54846
-13.38705 13.15633 -4.569902
-13.35523 13.15578 -4.59216
-13.32329 13.15603 -4.615212
-13.29115 13.15707 -4.639037
-13.25872 13.15886 -4.66361
-13.2259 13.16138 -4.68891
-13.19261 13.16462 -4.714913
-13.15876 13.16855 -4.741597
-13.12425 13.17315 -4.76894
-13.08901 13.17839 -4.796918
-13.05294 13.18426 -4.82551
-13.01595 13.19073 -4.854691
-12.97795 13.19777 -4.884439
-12.93886 13.20537 -4.914733
-12.89858 13.2135 -4.945549
-12.85703 13.22215 -4.976864
-12.81412 13.23128 -5.008656
-12.76975 13.24088 -5.040901
-12.72385 13.25092 -5.073579
-12.67631 13.26138 -5.106665
-12.62706 13.27224 -5.140137
-12.57599 13.28347 -5.173972
-12.52303 13.29506 -5.208147
-12.46808 13.30698 -5.24264
-12.41106 13.31921 -5.277429
-12.35188 13.33173 -5.31249
-12.29044 13.3445 -5.347801
-12.22666 13.35752 -5.383339
-12.16044 13.37076 -5.419081
-12.09171 13.3842 -5.455006
-12.02037 13.39781 -5.491088
-11.94633 13.41156 -5.527308
-11.8695 13.42545 -5.563641
-11.7898 13.43945 -5.600065
-11.70713 13.45353 -5.636557
-11.6214 13.46767 -5.673095
-11.53254 13.48184 -5.709655
-11.44044 13.49604 -5.746216
-11.34502 13.51023 -5.782754
-11.24619 13.52439 -5.819246
-11.14386 13.5385 -5.855672
-11.03794 13.55254 -5.892006
-10.92834 13.56648 -5.928227
-10.81497 13.58031 -5.964312
-10.69775 13.59399 -6.000238
-10.57659 13.60751 -6.035983
-10.45139 13.62084 -6.071524
-10.32207 13.63397 -6.106838
-10.18854 13.64686 -6.141902
-10.05071 13.65951 -6.176695
-9.967578 13.66682 -6.197026
-9.82773 13.67867 -6.231984
-9.693369 13.68955 -6.267909
-9.564429 13.69948 -6.304795
-9.44085 13.70847 -6.342632
-9.32257 13.71655 -6.381415
-9.209524 13.72374 -6.421134
-9.101653 13.73004 -6.461783
-8.998893 13.73549 -6.503354
-8.901181 13.7401 -6.545838
-8.808455 13.74388 -6.589228
-8.720654 13.74687 -6.633518
-8.637712 13.74907 -6.678698
-8.559571 13.75051 -6.724761
-8.486167 13.7512 -6.771699
-8.417437 13.75116 -6.819506
-8.353317 13.75042 -6.868173
-8.293749 13.74898 -6.917692
-8.238667 13.74688 -6.968056
-8.188009 13.74412 -7.019257
-8.141714 13.74073 -7.071287
-8.099719 13.73672 -7.124139
-8.061962 13.73212 -7.177805
-8.02838 13.72694 -7.232278
-7.99891 13.7212 -7.287549
-7.973492 13.71493 -7.343611
-7.952061 13.70813 -7.400456
-7.934555 13.70083 -7.458078
-7.920913 13.69305 -7.516467
-7.911072 13.6848 -7.575616
-7.904969 13.67611 -7.635519
-7.902542 13.66699 -7.696166
-7.903729 13.65746 -7.757549
-7.908468 13.64754 -7.819663
-7.916695 13.63726 -7.882499
-7.928349 13.62662 -7.946048
-7.943367 13.61564 -8.010304
-7.961687 13.60436 -8.075259
-7.983246 13.59277 -8.140905
-8.007982 13.58091 -8.207234
-8.035832 13.5688 -8.27424
-8.066735 13.55644 -8.341913
-8.100629 13.54386 -8.410247
-8.137448 13.53108 -8.479233
-8.177134 13.51812 -8.548864
-8.219622 13.50499 -8.619134
-8.264851 13.49172 -8.690032
-8.312756 13.47832 -8.761552
-8.363278 13.46481 -8.833687
-8.416352 13.45122 -8.906428
-8.471917 13.43755 -8.979768
-8.529911 13.42383 -9.0537
-8.590272 13.41008 -9.128215
-8.652935 13.39632 -9.203305
-8.71784 13.38256 -9.278965
-8.784924 13.36882 -9.355185
-8.854124 13.35512 -9.431956
-8.925377 13.34149 -9.509274
-8.998623 13.32794 -9.58713
-9.073797 13.31448 -9.665513
-9.150839 13.30114 -9.74442
-9.229686 13.28794 -9.823841
-9.310274 13.27489 -9.90377
-9.392542 13.26201 -9.984197
-9.476427 13.24933 -10.06512
-9.561868 13.23686 -10.14652
-9.6488 13.22462 -10.2284
-9.737164 13.21262 -10.31074
-9.826895 13.2009 -10.39355
-9.917931 13.18946 -10.47681
-10.01021 13.17832 -10.56051
-10.06505 13.17192 -10.60996
-10.1582 13.16079 -10.69306
-10.25052 13.14897 -10.77404
-10.34202 13.13647 -10.85295
-10.43273 13.12333 -10.92985
-10.52264 13.10954 -11.00479
-10.61178 13.09514 -11.07782
-10.70014 13.08014 -11.14901
-10.78776 13.06456 -11.21841
-10.87463 13.04841 -11.28607
-10.96078 13.03171 -11.35205
-11.0462 13.01448 -11.4164
-11.13092 12.99674 -11.47919
-11.21495 12.9785 -11.54046
-11.2983 12.95979 -11.60026
-11.38098 12.94061 -11.65867
-11.463 12.921 -11.71572
-11.54437 12.90096 -11.77148
-11.62512 12.88051 -11.826
-11.70524 12.85967 -11.87933
-11.78475 12.83846 -11.93154
-11.86367 12.8169 -11.98268
-11.942 12.795 -12.03279
-12.01977 12.77278 -12.08194
-12.09697 12.75026 -12.13019
-12.17362 12.72745 -12.17758
-12.24974 12.70438 -12.22418
-12.32533 12.68106 -12.27004
-12.40042 12.65751 -12.3152
-12.475 12.63375 -12.35974
-12.5491 12.60979 -12.4037
-12.62272 12.58565 -12.44714
-12.69588 12.56136 -12.49012
-12.76858 12.53692 -12.53269
-12.84085 12.51235 -12.5749
-12.91269 12.48768 -12.61681
-12.98412 12.46291 -12.65847
-13.05515 12.43808 -12.69995
-13.12578 12.41319 -12.7413
-13.19604 12.38826 -12.78256
-13.26593 12.36331 -12.8238
-13.33546 12.33836 -12.86508
-13.40466 12.31343 -12.90644
-13.47352 12.28853 -12.94795
-13.54207 12.26368 -12.98965
-13.61031 12.2389 -13.03161
-13.67826 12.2142 -13.07387
-13.74593 12.18961 -13.1165
-13.81333 12.16514 -13.15955
-13.88047 12.14081 -13.20307
-13.94736 12.11663 -13.24712
-14.01403 12.09263 -13.29175
-14.08047 12.06882 -13.33703
-14.1467 12.04522 -13.383
-14.21274 12.02185 -13.42972
-14.27859 11.99872 -13.47725
-14.34427 11.97586 -13.52564
-14.40979 11.95327 -13.57495
-14.47517 11.93098 -13.62522
-14.5404 11.90901 -13.67653
-14.60552 11.88737 -13.72891
-14.67052 11.86608 -13.78244
-14.73542 11.84515 -13.83715
-14.80024 11.82462 -13.89312
-14.86498 11.80448 -13.95039
-14.92965 11.78477 -14.00901
-14.99428 11.76549 -14.06905
-15.05886 11.74667 -14.13056
-15.12342 11.72833 -14.19359
-15.18797 11.71047 -14.25821
-15.25251 11.69312 -14.32446
-15.29049 11.68316 -14.36422
-15.35362 11.66731 -14.43205
-15.41394 11.65325 -14.49938
-15.47147 11.64097 -14.56618
-15.52621 11.63042 -14.63243
-15.5782 11.62156 -14.69813
-15.62745 11.61436 -14.76326
-15.67398 11.60879 -14.8278
-15.71782 11.6048 -14.89175
-15.75897 11.60236 -14.95508
-15.79747 11.60143 -15.01778
-15.83332 11.60198 -15.07984
-15.86656 11.60396 -15.14124
-15.8972 11.60735 -15.20197
-15.92527 11.61211 -15.26201
-15.95077 11.61819 -15.32134
-15.97373 11.62557 -15.37997
-15.99417 11.6342 -15.43786
-16.01212 11.64406 -15.49501
-16.02758 11.65509 -15.55139
-16.04058 11.66727 -15.60701
-16.05115 11.68057 -15.66183
-16.05929 11.69493 -15.71585
-16.06503 11.71033 -15.76906
-16.06839 11.72673 -15.82143
-16.0694 11.74409 -15.87295
-16.06805 11.76238 -15.92362
-16.06439 11.78156 -15.9734
-16.05843 11.8016 -16.0223
-16.05019 11.82245 -16.07029
-16.03968 11.84408 -16.11736
-16.02694 11.86645 -16.1635
-16.01197 11.88953 -16.20869
-15.9948 11.91328 -16.25292
-15.97544 11.93766 -16.29616
-15.95393 11.96264 -16.33842
-15.93027 11.98818 -16.37967
-15.90449 12.01425 -16.4199
-15.87661 12.0408 -16.45909
-15.84664 12.0678 -16.49723
-15.81461 12.09521 -16.53431
-15.78054 12.123 -16.5703
-15.74444 12.15114 -16.60521
-15.70635 12.17957 -16.639
-15.66626 12.20828 -16.67167
-15.62422 12.23721 -16.70321
-15.58022 12.26634 -16.73359
-15.53431 12.29562 -16.76281
-15.48649 12.32503 -16.79084
-15.43679 12.35452 -16.81768
-15.38522 12.38406 -16.84331
-15.33181 12.41361 -16.86771
-15.27657 12.44313 -16.89087
-15.21953 12.47259 -16.91278
-15.1607 12.50195 -16.93343
-15.1001 12.53118 -16.95278
-15.03777 12.56023 -16.97084
-14.9737 12.58908 -16.98759
-14.90793 12.61768 -17.00302
-14.84047 12.646 -17.0171
-14.77135 12.67399 -17.02982
-14.70058 12.70164 -17.04118
-14.62819 12.72889 -17.05115
-14.55419 12.75571 -17.05972
-14.4786 12.78207 -17.06687
-14.40144 12.80793 -17.0726
-14.32274 12.83324 -17.07689
-14.24251 12.85798 -17.07972
-14.16078 12.88212 -17.08108
-14.07755 12.9056 -17.08095
-13.99286 12.92839 -17.07931
-13.94236 12.94147 -17.07765
-13.85492 12.96329 -17.07391
-13.76523 12.98472 -17.06929
-13.67339 13.00581 -17.06384
-13.57952 13.02657 -17.0576
-13.48373 13.04704 -17.05064
-13.38613 13.06723 -17.04301
-13.28684 13.08719 -17.03474
-13.18597 13.10694 -17.0259
-13.08363 13.12649 -17.01654
-12.97993 13.14589 -17.00671
-12.875 13.16516 -16.99645
-12.76893 13.18432 -16.98582
-12.66185 13.2034 -16.97487
-12.55386 13.22243 -16.96366
-12.44509 13.24144 -16.95222
-12.33564 13.26046 -16.94062
-12.22562 13.27951 -16.92891
-12.11515 13.29861 -16.91713
-12.00435 13.31781 -16.90533
-11.89331 13.33711 -16.89358
-11.78217 13.35656 -16.88191
-11.67103 13.37618 -16.87039
-11.56 13.39599 -16.85906
-11.44919 13.41602 -16.84797
-11.33873 13.43631 -16.83717
-11.22871 13.45687 -16.82672
-11.11927 13.47774 -16.81667
-11.0105 13.49894 -16.80706
-10.90252 13.5205 -16.79795
-10.79545 13.54245 -16.78939
-10.68939 13.56481 -16.78143
-10.58446 13.58761 -16.77412
-10.48078 13.61088 -16.76752
-10.37845 13.63465 -16.76167
-10.27759 13.65894 -16.75662
-10.17832 13.68378 -16.75243
-10.08073 13.7092 -16.74915
-9.984959 13.73522 -16.74682
-9.891104 13.76188 -16.74551
-9.799283 13.78919 -16.74525
-9.709609 13.81719 -16.74611
-9.622194 13.84591 -16.74813
-9.537152 13.87537 -16.75137
-9.454595 13.9056 -16.75587
-9.374638 13.93663 -16.76168
-9.29739 13.96848 -16.76887
-9.222967 14.00117 -16.77747
-9.151481 14.03475 -16.78754
-9.083045 14.06924 -16.79913
-9.017773 14.10465 -16.8123
-8.955776 14.14103 -16.82709
-8.897168 14.17839 -16.84355
-8.842062 14.21677 -16.86173
-8.790572 14.2562 -16.8817
-8.742809 14.29669 -16.90349
-8.698887 14.33827 -16.92716
-8.658918 14.38098 -16.95276
-8.623016 14.42485 -16.98034
-8.591294 14.46989 -17.00995
-8.563865 14.51614 -17.04165
-8.54084 14.56362 -17.07547
-8.522335 14.61236 -17.11149
-8.508461 14.66239 -17.14974
-8.499331 14.71373 -17.19028
-8.49506 14.76642 -17.23315
-8.495757 14.82047 -17.27842
-8.501537 14.87593 -17.32613
-8.512516 14.9328 -17.37633
-8.528802 14.99113 -17.42907
-8.55051 15.05094 -17.48441
-8.56586 15.08683 -17.5182
-8.594311 15.14831 -17.57629
-8.624185 15.20985 -17.63413
-8.655456 15.27142 -17.69172
-8.688099 15.333 -17.74905
-8.722093 15.39456 -17.80611
-8.75741 15.45608 -17.8629
-8.794029 15.51754 -17.91941
-8.831923 15.57892 -17.97565
-8.87107 15.64018 -18.0316
-8.911446 15.70131 -18.08726
-8.953025 15.76227 -18.14263
-8.995783 15.82306 -18.19769
-9.039699 15.88364 -18.25245
-9.084743 15.94399 -18.3069
-9.130896 16.00409 -18.36104
-9.178131 16.06391 -18.41485
-9.226426 16.12343 -18.46834
-9.275755 16.18263 -18.5215
-9.326095 16.24148 -18.57433
-9.37742 16.29995 -18.62682
-9.429708 16.35803 -18.67896
-9.482933 16.4157 -18.73076
-9.537073 16.47291 -18.7822
-9.592102 16.52966 -18.83328
-9.647996 16.58592 -18.884
-9.70473 16.64167 -18.93435
-9.762282 16.69688 -18.98432
-9.820627 16.75153 -19.03392
-9.879741 16.80559 -19.08313
-9.939598 16.85904 -19.13195
-10.00018 16.91186 -19.18038
-10.06145 16.96402 -19.22841
-10.1234 17.0155 -19.27604
-10.18599 17.06628 -19.32326
-10.24921 17.11633 -19.37007
-10.31302 17.16562 -19.41646
-10.37741 17.21415 -19.46242
-10.44236 17.26187 -19.50796
-10.50782 17.30877 -19.55306
-10.5738 17.35483 -19.59773
-10.64024 17.40001 -19.64195
-10.70715 17.4443 -19.68573
-10.77448 17.48767 -19.72905
-10.84222 17.5301 -19.77192
-10.91034 17.57157 -19.81432
-10.97882 17.61204 -19.85625
-11.04763 17.65151 -19.89772
-11.11675 17.68994 -19.93871
-11.18616 17.7273 -19.97921
-11.25583 17.76358 -20.01922
-11.32573 17.79876 -20.05875
-11.39584 17.8328 -20.09778
-11.46615 17.86569 -20.1363
-11.53661 17.8974 -20.17432
-11.60722 17.92791 -20.21183
-11.67794 17.95719 -20.24882
-11.74876 17.98522 -20.28529
-11.81964 18.01198 -20.32123
-11.89056 18.03744 -20.35664
-11.9615 18.06158 -20.39151
-12.03244 18.08437 -20.42585
-12.10335 18.10579 -20.45963
-12.1742 18.12583 -20.49287
-12.24498 18.14444 -20.52555
-12.31565 18.16162 -20.55766
-12.3862 18.17733 -20.58922
-12.4566 18.19156 -20.6202
-12.52682 18.20427 -20.65061
-12.59684 18.21545 -20.68043
-12.66664 18.22507 -20.70967
-12.70759 18.22999 -20.72659
-12.77739 18.23797 -20.75452
-12.8477 18.2461 -20.78112
-12.9185 18.25435 -20.80643
-12.98977 18.26272 -20.83048
-13.06149 18.27118 -20.8533
-13.13362 18.27971 -20.87491
-13.20615 18.28829 -20.89536
-13.27905 18.2969 -20.91466
-13.3523 18.30553 -20.93285
-13.42588 18.31415 -20.94996
-13.49976 18.32275 -20.96602
-13.57392 18.3313 -20.98106
-13.64833 18.33979 -20.9951
-13.72297 18.34819 -21.00819
-13.79782 18.3565 -21.02035
-13.87285 18.36468 -21.0316
-13.94804 18.37272 -21.04199
-14.02337 18.3806 -21.05153
-14.09881 18.38831 -21.06027
-14.17435 18.39581 -21.06822
-14.24994 18.4031 -21.07543
-14.32558 18.41015 -21.08191
-14.40123 18.41694 -21.08771
-14.47688 18.42346 -21.09285
-14.5525 18.42968 -21.09735
-14.62807 18.43559 -21.10126
-14.70356 18.44117 -21.1046
-14.77894 18.44639 -21.1074
-14.85421 18.45124 -21.1097
-14.92933 18.4557 -21.11151
-15.00427 18.45975 -21.11287
-15.07902 18.46338 -21.11382
-15.15355 18.46655 -21.11438
-15.22784 18.46925 -21.11458
-15.30187 18.47146 -21.11445
-15.3756 18.47317 -21.11402
-15.44902 18.47436 -21.11333
-15.52211 18.47499 -21.11239
-15.59483 18.47507 -21.11126
-15.66717 18.47455 -21.10994
-15.7391 18.47344 -21.10847
-15.8106 18.4717 -21.10689
-15.88164 18.46933 -21.10523
-15.9522 18.46629 -21.1035
-16.02227 18.46257 -21.10175
-16.0918 18.45815 -21.1
-16.16079 18.45301 -21.09829
-16.2292 18.44714 -21.09663
-16.29702 18.4405 -21.09508
-16.36421 18.43309 -21.09364
-16.43076 18.42489 -21.09237
-16.49664 18.41587 -21.09127
-16.56183 18.40601 -21.09039
-16.6263 18.3953 -21.08975
-16.69004 18.38372 -21.08939
-16.75301 18.37125 -21.08933
-16.8152 18.35786 -21.08961
-16.87657 18.34355 -21.09025
-16.93711 18.32828 -21.09129
-16.9968 18.31204 -21.09275
-17.0556 18.29482 -21.09467
-17.1135 18.27659 -21.09707
-17.17047 18.25733 -21.09999
-17.22648 18.23702 -21.10345
-17.28152 18.21565 -21.10749
-17.33557 18.1932 -21.11214
-17.38859 18.16964 -21.11742
-17.44056 18.14495 -21.12337
-17.49146 18.11913 -21.13001
-17.54127 18.09214 -21.13738
-17.57005 18.07571 -21.14207
-17.62177 18.04689 -21.15025
-17.67963 18.01698 -21.15839
-17.74343 17.986 -21.16648
-17.813 17.95396 -21.17452
-17.88812 17.92087 -21.18248
-17.96863 17.88675 -21.19035
-18.05433 17.85159 -21.19812
-18.14504 17.81543 -21.20579
-18.24055 17.77826 -21.21332
-18.34069 17.74011 -21.22072
-18.44526 17.70098 -21.22797
-18.55408 17.66088 -21.23506
-18.66696 17.61984 -21.24197
-18.7837 17.57785 -21.2487
-18.90413 17.53494 -21.25522
-19.02805 17.49111 -21.26153
-19.15526 17.44637 -21.26762
-19.28559 17.40075 -21.27346
-19.41884 17.35424 -21.27906
-19.55483 17.30687 -21.2844
-19.69337 17.25864 -21.28945
-19.83426 17.20957 -21.29422
-19.97732 17.15967 -21.29869
-20.12236 17.10895 -21.30284
-20.26919 17.05742 -21.30667
-20.41762 17.0051 -21.31015
-20.56746 16.952 -21.31329
-20.71853 16.89812 -21.31606
-20.87063 16.84349 -21.31845
-21.02358 16.78811 -21.32046
-21.17719 16.732 -21.32206
-21.33126 16.67516 -21.32325
-21.48561 16.61762 -21.32401
-21.64005 16.55938 -21.32433
-21.7944 16.50045 -21.32419
-21.94845 16.44085 -21.32359
-22.10204 16.38058 -21.32252
-22.25495 16.31967 -21.32095
-22.40701 16.25812 -21.31888
-22.55803 16.19594 -21.31629
-22.70782 16.13316 -21.31317
-22.85618 16.06977 -21.30951
-23.00294 16.00579 -21.3053
-23.14789 15.94124 -21.30052
-23.29086 15.87612 -21.29517
-23.43165 15.81045 -21.28922
-23.57008 15.74424 -21.28267
-23.70595 15.6775 -21.2755
-23.83908 15.61025 -21.2677
-23.96927 15.54249 -21.25925
-24.09635 15.47424 -21.25016
-24.22012 15.40551 -21.24039
-24.34038 15.33631 -21.22995
-24.45696 15.26666 -21.21881
-24.56966 15.19657 -21.20697
-24.6783 15.12604 -21.19441
-24.78268 15.05509 -21.18112
-24.88262 14.98374 -21.16708
-24.97793 14.91199 -21.15229
-25.06841 14.83986 -21.13673
-25.15389 14.76736 -21.1204
-25.23417 14.6945 -21.10326
-25.30906 14.6213 -21.08532
-25.37837 14.54776 -21.06656
-25.44191 14.47389 -21.04697
-25.4995 14.39972 -21.02654
-25.55095 14.32525 -21.00524
-25.59607 14.2505 -20.98308
-25.63466 14.17547 -20.96004
-25.66655 14.10018 -20.9361
-25.68209 14.05577 -20.92159
-25.70612 13.98028 -20.8962
-25.72944 13.90495 -20.86987
-25.75208 13.82979 -20.84263
-25.77404 13.75482 -20.81448
-25.79533 13.68004 -20.78545
-25.81595 13.60548 -20.75554
-25.83592 13.53114 -20.72477
-25.85523 13.45704 -20.69316
-25.87391 13.38318 -20.66071
-25.89197 13.3096 -20.62744
-25.9094 13.23629 -20.59336
-25.92621 13.16328 -20.5585
-25.94241 13.09057 -20.52286
-25.95802 13.01818 -20.48645
-25.97305 12.94612 -20.4493
-25.98749 12.8744 -20.41141
-26.00135 12.80305 -20.37279
-26.01465 12.73206 -20.33347
-26.0274 12.66147 -20.29346
-26.0396 12.59127 -20.25276
-26.05125 12.52148 -20.2114
-26.06238 12.45212 -20.16939
-26.07298 12.3832 -20.12674
-26.08307 12.31473 -20.08346
-26.09265 12.24673 -20.03957
-26.10173 12.17921 -19.99509
-26.11032 12.11218 -19.95002
-26.11843 12.04565 -19.90439
-26.12607 11.97965 -19.8582
-26.13324 11.91418 -19.81147
-26.13995 11.84925 -19.76421
-26.14622 11.78489 -19.71644
-26.15204 11.7211 -19.66817
-26.15743 11.65789 -19.61941
-26.1624 11.59529 -19.57018
-26.16695 11.53329 -19.5205
-26.17109 11.47193 -19.47037
-26.17484 11.4112 -19.41981
-26.17819 11.35113 -19.36883
-26.18116 11.29173 -19.31746
-26.18375 11.233 -19.26569
-26.18598 11.17497 -19.21355
-26.18785 11.11765 -19.16105
-26.18937 11.06105 -19.10821
-26.19055 11.00518 -19.05503
-26.19139 10.95006 -19.00153
-26.19191 10.8957 -18.94773
-26.19212 10.84211 -18.89363
-26.19201 10.78932 -18.83927
-26.1916 10.73732 -18.78463
-26.1909 10.68614 -18.72975
-26.18992 10.63578 -18.67463
-26.18867 10.58627 -18.6193
-26.18714 10.53761 -18.56375
-26.18535 10.48982 -18.50801
-26.18332 10.44291 -18.45209
-26.18104 10.39689 -18.39601
-26.17853 10.35179 -18.33977
-26.17579 10.3076 -18.2834
-26.17284 10.26435 -18.2269
-26.16967 10.22205 -18.17029
-26.1663 10.18071 -18.11359
-26.16274 10.14034 -18.0568
-26.159 10.10097 -17.99995
-26.15508 10.0626 -17.94304
-26.15099 10.02524 -17.88609
-26.14674 9.988908 -17.82911
-26.14234 9.95362 -17.77212
-26.13779 9.919389 -17.71513
-26.13311 9.886227 -17.65816
-26.1303 9.867222 -17.62466
-26.12583 9.835451 -17.56804
-26.12203 9.804106 -17.51204
-26.11888 9.773187 -17.45664
-26.11636 9.742692 -17.40179
-26.11446 9.712624 -17.34747
-26.11314 9.68298 -17.29365
-26.11239 9.653756 -17.24028
-26.11218 9.624958 -17.18734
-26.1125 9.596581 -17.13481
-26.11333 9.568625 -17.08263
-26.11463 9.541092 -17.03079
-26.11639 9.513978 -16.97925
-26.1186 9.487285 -16.92797
-26.12122 9.46101 -16.87694
-26.12424 9.435155 -16.8261
-26.12763 9.409718 -16.77543
-26.13138 9.384699 -16.72491
-26.13546 9.360096 -16.67448
-26.13985 9.33591 -16.62414
-26.14453 9.31214 -16.57383
-26.14947 9.288784 -16.52353
-26.15467 9.265844 -16.47321
-26.16009 9.243319 -16.42283
-26.16571 9.221205 -16.37237
-26.17152 9.199506 -16.32178
-26.17749 9.178218 -16.27104
-26.1836 9.157343 -16.22012
-26.18983 9.136878 -16.16898
-26.19615 9.116823 -16.11758
-26.20255 9.09718 -16.06591
-26.20901 9.077946 -16.01392
-26.2155 9.05912 -15.96159
-26.222 9.040703 -15.90887
-26.22849 9.022694 -15.85575
-26.23495 9.005091 -15.80218
-26.24136 8.987895 -15.74813
-26.24769 8.971105 -15.69358
-26.25393 8.95472 -15.63848
-26.26006 8.93874 -15.58281
-26.26605 8.923164 -15.52654
-26.27188 8.907993 -15.46963
-26.27752 8.893224 -15.41205
-26.28297 8.878857 -15.35376
-26.28819 8.864892 -15.29474
-26.29317 8.851328 -15.23495
-26.29789 8.838165 -15.17437
-26.30232 8.825403 -15.11295
-26.30643 8.81304 -15.05067
-26.31022 8.801075 -14.98749
-26.31366 8.78951 -14.92338
-26.31673 8.778341 -14.85831
-26.3194 8.76757 -14.79225
-26.32166 8.757196 -14.72516
-26.32348 8.747218 -14.65701
-26.32484 8.737636 -14.58778
-26.32573 8.728447 -14.51742
-26.32611 8.719653 -14.4459
-26.32597 8.711253 -14.3732
-26.32529 8.703246 -14.29927
-26.32404 8.695632 -14.2241
-26.32221 8.68841 -14.14764
-26.31977 8.681579 -14.06986
-26.3167 8.675138 -13.99073
-26.31299 8.669087 -13.91022
-26.3086 8.663427 -13.8283
-26.30352 8.658155 -13.74494
