0.1051013 0.7266055 0.1119277 0.6696793
0.1047609 0.72676 0.111923 0.6695658
0.1042796 0.7269783 0.1119163 0.669405
0.1036616 0.7272582 0.1119076 0.6691984
0.1029111 0.7275976 0.111897 0.668947
0.1020325 0.7279942 0.1118845 0.6686522
0.10103 0.7284458 0.11187 0.6683149
0.09990776 0.7289501 0.1118537 0.6679364
0.09867007 0.7295048 0.1118354 0.6675177
0.09732118 0.7301075 0.1118153 0.6670599
0.09586528 0.730756 0.1117933 0.6665641
0.09430663 0.731448 0.1117694 0.6660314
0.09264946 0.7321808 0.1117436 0.6654628
0.09089804 0.7329524 0.1117159 0.6648594
0.08905657 0.7337603 0.1116863 0.6642221
0.08712936 0.7346021 0.1116548 0.6635522
0.08512066 0.7354755 0.1116213 0.6628507
0.08303475 0.7363781 0.111586 0.6621187
0.08087591 0.7373077 0.1115488 0.6613572
0.07864847 0.7382619 0.1115097 0.6605675
0.07635674 0.7392383 0.1114687 0.6597508
0.07400504 0.7402348 0.1114259 0.6589081
0.07159772 0.7412491 0.1113812 0.6580408
0.06913915 0.7422789 0.1113347 0.6571501
0.06663369 0.7433223 0.1112864 0.6562373
0.06408571 0.7443767 0.1112364 0.6553037
0.06149962 0.7454402 0.1111847 0.6543506
0.05887982 0.7465107 0.1111314 0.6533794
0.05623073 0.7475863 0.1110764 0.6523917
0.05355679 0.7486647 0.1110199 0.6513889
0.05086241 0.7497441 0.1109619 0.6503724
0.04815207 0.7508227 0.1109026 0.6493438
0.04543019 0.7518982 0.1108419 0.6483049
0.04270124 0.7529693 0.11078 0.647257
0.03996969 0.7540338 0.110717 0.6462022
0.03723998 0.7550901 0.110653 0.6451419
0.03451662 0.7561366 0.110588 0.6440779
0.03180404 0.7571715 0.1105223 0.6430122
0.02910672 0.7581934 0.1104558 0.6419464
0.02642913 0.7592005 0.1103889 0.6408825
0.02377573 0.7601915 0.1103215 0.6398225
0.02115097 0.7611648 0.1102539 0.6387682
0.01855931 0.7621192 0.1101862 0.6377217
0.0160052 0.7630531 0.1101185 0.6366849
0.01349308 0.7639654 0.110051 0.6356601
0.01102737 0.7648546 0.1099839 0.6346491
0.008612505 0.7657197 0.1099173 0.6336541
0.006252876 0.7665593 0.1098515 0.6326773
0.003952932 0.7673723 0.1097866 0.6317208
0.001717011 0.7681577 0.1097227 0.6307868
-0.0004504574 0.7689142 0.1096601 0.6298774
-0.002545139 0.7696408 0.109599 0.6289949
-0.004562634 0.7703366 0.1095395 0.6281416
-0.006498605 0.7710004 0.1094819 0.6273196
-0.008348731 0.7716312 0.1094264 0.6265312
-0.01010864 0.7722282 0.1093731 0.6257787
-0.01177402 0.7727902 0.1093223 0.6250643
-0.01334055 0.7733164 0.1092741 0.6243901
-0.01480393 0.7738056 0.1092288 0.6237586
-0.01615983 0.7742571 0.1091865 0.6231718
-0.01740394 0.7746698 0.1091475 0.6226321
-0.01853197 0.7750425 0.109112 0.6221417
-0.01953961 0.7753744 0.1090801 0.6217028
-0.02042255 0.7756644 0.109052 0.6213174
-0.0211765 0.7759115 0.1090279 0.6209879
-0.02179713 0.7761143 0.109008 0.6207163
-0.02228011 0.776272 0.1089925 0.6205047
-0.02262111 0.7763832 0.1089815 0.6203552
-0.02281583 0.7764466 0.1089753 0.6202698
-0.02286334 0.776462 0.1089737 0.6202489
0.02295244 -0.776421 -0.1088679 -0.6203156
0.02321636 -0.7762994 -0.1085545 -0.6205128
0.02365004 -0.7760993 -0.1080395 -0.6208366
0.02424849 -0.7758223 -0.1073286 -0.6212829
0.02500672 -0.77547 -0.1064276 -0.6218473
0.02591976 -0.775044 -0.1053424 -0.6225255
0.02698267 -0.7745454 -0.1040787 -0.623313
0.02819049 -0.7739753 -0.102642 -0.6242052
0.02953831 -0.7733349 -0.101038 -0.6251976
0.03102119 -0.772625 -0.09927243 -0.6262853
0.03263417 -0.7718466 -0.09735084 -0.6274636
0.03437231 -0.7710004 -0.0952789 -0.6287279
0.03623063 -0.7700875 -0.09306224 -0.6300731
0.03820416 -0.7691084 -0.09070653 -0.6314944
0.04028785 -0.768064 -0.08821747 -0.6329869
0.04247669 -0.7669551 -0.08560077 -0.6345457
0.04476559 -0.7657825 -0.08286221 -0.6361658
0.04714945 -0.7645474 -0.08000761 -0.6378425
0.04962314 -0.7632505 -0.07704283 -0.6395707
0.05218147 -0.761893 -0.0739738 -0.6413455
0.05481925 -0.7604761 -0.07080645 -0.6431622
0.0575312 -0.7590008 -0.06754684 -0.6450158
0.06031208 -0.7574688 -0.06420106 -0.6469018
0.06315656 -0.7558812 -0.06077522 -0.6488153
0.06605931 -0.75424 -0.05727556 -0.6507517
0.0690149 -0.7525468 -0.05370833 -0.6527064
0.07201798 -0.7508036 -0.05007986 -0.654675
0.07506312 -0.7490124 -0.04639649 -0.6566532
0.07814489 -0.7471754 -0.04266464 -0.6586366
0.08125777 -0.7452951 -0.0388908 -0.6606209
0.08439634 -0.7433739 -0.03508144 -0.6626023
0.08755512 -0.7414147 -0.03124312 -0.6645768
0.09072862 -0.7394204 -0.0273824 -0.6665404
0.09391136 -0.7373939 -0.02350589 -0.6684896
0.0970979 -0.7353386 -0.01962019 -0.670421
0.1002828 -0.7332578 -0.01573192 -0.672331
0.1034606 -0.7311551 -0.01184771 -0.6742164
0.1066259 -0.7290342 -0.007974205 -0.6760742
0.1097733 -0.7268993 -0.004118022 -0.6779014
0.1128976 -0.724754 -0.0002857698 -0.6796953
0.1159934 -0.7226027 0.003515962 -0.6814532
0.1190554 -0.7204498 0.007280594 -0.6831726
0.1220784 -0.7182996 0.01100161 -0.6848514
0.1250574 -0.7161568 0.01467247 -0.6864873
0.1279872 -0.7140261 0.01828678 -0.6880783
0.1308627 -0.7119122 0.02183804 -0.6896224
0.133679 -0.7098201 0.02531995 -0.6911181
0.1364312 -0.7077547 0.02872617 -0.6925638
0.1391143 -0.7057213 0.0320504 -0.6939579
0.1417236 -0.7037247 0.03528645 -0.6952991
0.1442544 -0.7017704 0.03842818 -0.6965861
0.1467019 -0.6998636 0.04146945 -0.697818
0.1490615 -0.6980094 0.04440423 -0.6989936
0.1513286 -0.6962132 0.04722651 -0.7001117
0.1534987 -0.6944805 0.04993033 -0.7011718
0.1555673 -0.6928166 0.05250981 -0.7021729
0.1575298 -0.6912268 0.05495904 -0.7031141
0.159382 -0.6897164 0.05727224 -0.7039947
0.1611194 -0.6882908 0.05944358 -0.704814
0.1627376 -0.6869553 0.06146729 -0.7055712
0.1642323 -0.6857152 0.06333765 -0.7062654
0.165599 -0.6845756 0.06504887 -0.7068959
0.1668334 -0.6835417 0.06659528 -0.707462
0.1679312 -0.6826186 0.06797106 -0.7079625
0.1688878 -0.6818113 0.0691705 -0.7083966
0.1696989 -0.6811248 0.07018786 -0.708763
0.17036 -0.6805639 0.07101727 -0.7090605
0.1708665 -0.6801332 0.0716529 -0.7092879
0.1712139 -0.6798375 0.07208887 -0.7094434
0.1713974 -0.6796811 0.07231923 -0.7095256
0.1714269 -0.679656 0.07235626 -0.7095388
0.1712483 -0.6796926 0.07225531 -0.7095571
0.1707192 -0.6798007 0.07195624 -0.7096113
0.1698494 -0.6799781 0.07146466 -0.7096999
0.1686486 -0.6802216 0.07078604 -0.7098207
0.1671263 -0.6805284 0.06992579 -0.7099721
0.1652918 -0.680895 0.06888921 -0.7101513
0.1631543 -0.6813181 0.06768158 -0.710356
0.160723 -0.6817939 0.0663081 -0.7105832
0.1580068 -0.6823187 0.06477396 -0.7108301
0.1550148 -0.6828884 0.0630843 -0.7110937
0.1517559 -0.683499 0.06124431 -0.7113708
0.1482393 -0.6841465 0.05925914 -0.711658
0.1444738 -0.6848265 0.05713398 -0.7119521
0.1404687 -0.6855348 0.05487407 -0.7122496
0.136233 -0.6862671 0.05248467 -0.7125472
0.1317762 -0.687019 0.04997112 -0.7128414
0.1271075 -0.6877863 0.04733879 -0.7131289
0.1222365 -0.6885647 0.04459318 -0.7134063
0.1171729 -0.6893498 0.04173981 -0.7136702
0.1119265 -0.6901376 0.0387843 -0.7139176
0.1065073 -0.690924 0.03573239 -0.7141452
0.1009254 -0.691705 0.03258989 -0.7143502
0.09519129 -0.6924767 0.02936269 -0.7145296
0.08931533 -0.6932354 0.02605679 -0.7146808
0.08330826 -0.6939775 0.02267827 -0.7148012
0.07718095 -0.6946996 0.01923332 -0.7148886
0.07094443 -0.6953984 0.0157282 -0.7149409
0.06460985 -0.6960711 0.01216925 -0.7149562
0.05818855 -0.6967149 0.008562887 -0.7149329
0.05169202 -0.6973272 0.004915622 -0.7148696
0.04513182 -0.6979057 0.001233964 -0.7147652
0.03851964 -0.6984483 -0.002475468 -0.7146188
0.03186726 -0.6989533 -0.006206053 -0.71443
0.02518656 -0.6994193 -0.009951097 -0.7141984
0.01848946 -0.6998448 -0.01370392 -0.7139241
0.01178782 -0.7002292 -0.01745786 -0.7136073
0.005093643 -0.7005717 -0.02120619 -0.7132486
-0.00158111 -0.700872 -0.02494224 -0.7128491
-0.008224557 -0.70113 -0.02865936 -0.7124099
-0.01482482 -0.7013459 -0.03235093 -0.7119323
-0.02137011 -0.7015201 -0.03601038 -0.7114184
-0.02784866 -0.7016537 -0.03963118 -0.7108698
-0.03424891 -0.7017474 -0.04320691 -0.7102892
-0.04055931 -0.7018027 -0.04673117 -0.7096789
-0.04676851 -0.701821 -0.05019768 -0.7090418
-0.05286526 -0.7018042 -0.05360019 -0.7083807
-0.05883853 -0.7017542 -0.05693266 -0.7076989
-0.06467734 -0.7016733 -0.06018901 -0.7069999
-0.07037096 -0.7015637 -0.06336332 -0.7062871
-0.07590876 -0.7014281 -0.06644978 -0.7055642
-0.08128037 -0.7012692 -0.06944267 -0.7048352
-0.08647552 -0.7010899 -0.07233636 -0.704104
-0.09148412 -0.7008929 -0.07512531 -0.7033747
-0.09629623 -0.7006816 -0.0778041 -0.7026514
-0.1009021 -0.7004588 -0.08036735 -0.7019383
-0.105292 -0.7002279 -0.08280981 -0.7012397
-0.1094565 -0.6999919 -0.08512624 -0.7005599
-0.1133861 -0.6997543 -0.08731154 -0.699903
-0.1170715 -0.6995181 -0.08936056 -0.6992735
-0.1205035 -0.6992866 -0.09126831 -0.6986755
-0.1236729 -0.6990628 -0.09302972 -0.698113
-0.1265704 -0.6988498 -0.09463979 -0.6975904
-0.1291871 -0.6986507 -0.09609351 -0.6971112
-0.1315136 -0.698468 -0.09738585 -0.6966798
-0.1335407 -0.6983047 -0.09851176 -0.6962994
-0.1352592 -0.6981631 -0.09946615 -0.695974
-0.1366597 -0.6980456 -0.1002438 -0.6957065
-0.1377326 -0.6979544 -0.1008396 -0.6955004
-0.1384684 -0.6978912 -0.1012481 -0.6953584
-0.138857 -0.6978576 -0.1014639 -0.6952831
-0.1389195 -0.6978522 -0.1014986 -0.6952711
0.1387885 0.6981966 0.1011654 0.6949998
0.1383997 0.6992174 0.1001767 0.6941939
0.137758 0.7008956 0.09854655 0.6928613
0.1368666 0.7032129 0.09628563 0.6910053
0.1357277 0.7061512 0.09340207 0.6886252
0.134342 0.7096925 0.08990153 0.6857161
0.1327089 0.7138186 0.08578746 0.6822697
0.1308271 0.7185105 0.08106151 0.6782743
0.1286941 0.7237486 0.07572372 0.6737149
0.1263067 0.729512 0.06977291 0.6685737
0.1236611 0.7357781 0.06320698 0.6628299
0.1207527 0.7425224 0.05602323 0.6564608
0.117577 0.7497179 0.04821884 0.6494411
0.1141286 0.7573349 0.03979115 0.6417438
0.1104027 0.7653404 0.03073822 0.6333407
0.1063942 0.7736977 0.02105921 0.6242024
0.1020985 0.7823662 0.01075497 0.6142992
0.09751175 0.7913005 -0.0001713631 0.6036018
0.09263083 0.8004511 -0.01171397 0.5920815
0.08745383 0.8097635 -0.02386354 0.5797116
0.08198033 0.8191784 -0.0366069 0.566468
0.07621174 0.8286315 -0.04992608 0.5523306
0.07015154 0.8380543 -0.06379816 0.5372835
0.06380562 0.847374 -0.07819463 0.5213174
0.05718263 0.8565145 -0.09308077 0.5044293
0.05029416 0.8653973 -0.1084158 0.4866252
0.04315494 0.8739424 -0.1241524 0.4679194
0.03578294 0.8820698 -0.1402372 0.4483368
0.02819949 0.8897013 -0.1566106 0.427913
0.02042916 0.8967615 -0.1732076 0.4066948
0.01249951 0.9031802 -0.1899588 0.3847401
0.00444091 0.9088941 -0.2067905 0.3621181
-0.003713919 0.913848 -0.223627 0.3389085
-0.01193043 0.9179969 -0.2403914 0.3152005
-0.0201728 0.921307 -0.2570066 0.2910911
-0.02840473 0.9237567 -0.273398 0.2666841
-0.03658991 0.9253368 -0.2894936 0.2420876
-0.04469291 0.9260515 -0.3052263 0.2174125
-0.05267969 0.925917 -0.3205346 0.1927696
-0.06051832 0.9249619 -0.335364 0.1682682
-0.06817941 0.9232251 -0.3496671 0.1440138
-0.07563645 0.9207554 -0.3634048 0.1201067
-0.0828663 0.9176095 -0.3765458 0.09663998
-0.08984908 0.9138504 -0.3890671 0.07369874
-0.09656853 0.9095456 -0.4009533 0.05135918
-0.1030117 0.904766 -0.4121962 0.02968842
-0.1091688 0.8995836 -0.4227944 0.008743813
-0.1150332 0.8940707 -0.4327522 -0.01142623
-0.120601 0.8882985 -0.4420789 -0.03078258
-0.1258708 0.882336 -0.450788 -0.04929411
-0.1308433 0.8762495 -0.4588967 -0.0669378
-0.1355208 0.8701019 -0.4664244 -0.08369683
-0.1399074 0.8639519 -0.4733928 -0.09956095
-0.1440081 0.8578545 -0.4798245 -0.1145245
-0.1478287 0.8518605 -0.4857427 -0.128586
-0.1513757 0.8460166 -0.491171 -0.1417478
-0.1546559 0.8403654 -0.4961324 -0.154014
-0.1576761 0.8349457 -0.5006493 -0.1653909
-0.160443 0.8297932 -0.5047432 -0.1758857
-0.1629632 0.8249397 -0.5084338 -0.1855058
-0.1652426 0.820415 -0.5117399 -0.1942588
-0.1672866 0.8162456 -0.5146781 -0.2021508
-0.1691001 0.8124558 -0.5172634 -0.2091874
-0.1706869 0.8090684 -0.5195087 -0.2153719
-0.1720501 0.8061042 -0.5214248 -0.2207055
-0.1731917 0.8035829 -0.5230201 -0.2251871
-0.1741125 0.8015227 -0.5243007 -0.2288122
-0.1748122 0.7999413 -0.52527 -0.2315729
-0.1752892 0.7988554 -0.5259289 -0.2334578
-0.1755403 0.7982813 -0.526275 -0.2344509
-0.1755805 0.798189 -0.5263305 -0.2346103
-0.175528 0.7982965 -0.5260875 -0.2348293
-0.1753722 0.7986143 -0.5253666 -0.235478
-0.1751155 0.799135 -0.5241799 -0.2365443
-0.1747602 0.7998506 -0.5225382 -0.2380161
-0.1743079 0.8007523 -0.5204511 -0.2398817
-0.1737604 0.8018305 -0.5179274 -0.2421292
-0.1731187 0.8030751 -0.5149751 -0.244747
-0.1723843 0.8044755 -0.5116014 -0.2477233
-0.171558 0.8060206 -0.5078134 -0.2510465
-0.1706406 0.8076987 -0.5036172 -0.2547045
-0.169633 0.8094975 -0.4990192 -0.2586855
-0.1685359 0.8114046 -0.4940254 -0.2629773
-0.1673499 0.8134071 -0.4886417 -0.2675672
-0.1660757 0.8154916 -0.4828742 -0.2724426
-0.164714 0.8176444 -0.4767292 -0.2775902
-0.1632657 0.8198516 -0.4702134 -0.2829967
-0.1617315 0.8220993 -0.4633338 -0.288648
-0.1601124 0.8243731 -0.4560979 -0.2945299
-0.1584096 0.8266586 -0.4485142 -0.3006276
-0.1566245 0.8289418 -0.4405916 -0.3069258
-0.1547585 0.8312081 -0.4323398 -0.313409
-0.1528134 0.8334436 -0.4237696 -0.320061
-0.1507913 0.8356346 -0.4148927 -0.3268654
-0.1486943 0.8377672 -0.4057218 -0.3338053
-0.146525 0.8398287 -0.3962705 -0.3408634
-0.1442863 0.8418064 -0.3865539 -0.3480225
-0.1419813 0.8436884 -0.3765878 -0.3552645
-0.1396136 0.8454635 -0.3663893 -0.3625719
-0.1371868 0.8471215 -0.3559766 -0.3699266
-0.1347052 0.8486528 -0.3453688 -0.3773106
-0.132173 0.8500491 -0.3345862 -0.3847061
-0.129595 0.8513031 -0.3236501 -0.3920955
-0.1269762 0.8524085 -0.3125823 -0.3994611
-0.1243218 0.8533602 -0.3014058 -0.4067861
-0.1216373 0.8541546 -0.2901443 -0.4140537
-0.1189284 0.8547893 -0.2788217 -0.4212479
-0.116201 0.8552629 -0.2674627 -0.4283531
-0.1134612 0.8555757 -0.2560923 -0.4353546
-0.1107152 0.855729 -0.2447356 -0.4422382
-0.1079692 0.8557255 -0.233418 -0.4489907
-0.1052296 0.8555691 -0.2221645 -0.4555998
-0.1025029 0.855265 -0.2110007 -0.4620538
-0.09979542 0.8548192 -0.199951 -0.4683424
-0.09711356 0.8542392 -0.1890402 -0.4744557
-0.09446363 0.8535331 -0.1782922 -0.4803852
-0.09185193 0.8527099 -0.1677307 -0.4861229
-0.08928455 0.8517798 -0.1573784 -0.4916621
-0.08676758 0.8507531 -0.1472577 -0.4969968
-0.08430688 0.8496411 -0.13739 -0.5021218
-0.08190823 0.8484556 -0.1277963 -0.5070328
-0.07957717 0.8472086 -0.1184964 -0.5117261
-0.07731916 0.8459126 -0.1095097 -0.5161989
-0.07513942 0.8445802 -0.1008546 -0.5204486
-0.07304303 0.8432242 -0.09254894 -0.5244735
-0.07103492 0.8418573 -0.08460981 -0.5282723
-0.06911979 0.8404923 -0.07705351 -0.5318438
-0.06730232 0.8391421 -0.06989608 -0.5351874
-0.06558692 0.8378189 -0.06315261 -0.5383026
-0.06397793 0.8365351 -0.05683812 -0.5411888
-0.06247961 0.8353027 -0.050967 -0.5438457
-0.06109606 0.8341332 -0.04555342 -0.5462728
-0.05983138 0.833038 -0.04061143 -0.5484694
-0.05868955 0.8320277 -0.03615481 -0.5504348
-0.05767457 0.8311126 -0.03219756 -0.5521675
-0.05679042 0.8303024 -0.02875353 -0.5536661
-0.05604105 0.8296062 -0.02583688 -0.5549283
-0.0554305 0.8290326 -0.02346214 -0.5559513
-0.05496285 0.8285895 -0.02164418 -0.5567317
-0.0546422 0.8282836 -0.02039816 -0.5572651
-0.05447284 0.8281214 -0.0197401 -0.5575463
-0.05444561 0.8280953 -0.01963437 -0.5575915
-0.05439954 0.8283323 -0.01990106 -0.5572345
-0.05426285 0.8290336 -0.02069179 -0.556175
-0.0540375 0.8301844 -0.02199378 -0.5544277
-0.05372504 0.8317689 -0.02379564 -0.5520037
-0.05332667 0.8337702 -0.02608726 -0.5489108
-0.05284327 0.8361707 -0.02885958 -0.5451543
-0.05227544 0.8389519 -0.03210445 -0.5407369
-0.05162352 0.8420936 -0.03581438 -0.5356591
-0.05088764 0.8455751 -0.03998241 -0.5299195
-0.0500678 0.8493738 -0.04460188 -0.5235152
-0.04916384 0.8534658 -0.04966619 -0.5164419
-0.04817554 0.8578259 -0.05516868 -0.5086947
-0.0471026 0.8624268 -0.06110233 -0.5002679
-0.04594475 0.8672396 -0.06745958 -0.4911555
-0.04470176 0.8722337 -0.07423208 -0.481352
-0.04337352 0.8773763 -0.08141053 -0.4708523
-0.04196004 0.8826329 -0.08898438 -0.4596524
-0.04046154 0.8879671 -0.09694164 -0.4477496
-0.03887852 0.8933405 -0.1052688 -0.4351433
-0.03721175 0.8987134 -0.1139503 -0.4218353
-0.03546239 0.904044 -0.1229688 -0.4078301
-0.03363204 0.9092901 -0.1323048 -0.3931359
-0.03172271 0.914408 -0.1419365 -0.3777642
-0.02973693 0.9193537 -0.1518399 -0.3617309
-0.02767783 0.9240831 -0.1619885 -0.3450567
-0.02554904 0.9285528 -0.1723536 -0.3277669
-0.02335482 0.9327205 -0.1829047 -0.3098918
-0.0211 0.9365455 -0.1936087 -0.291467
-0.01879003 0.9399896 -0.2044313 -0.2725334
-0.0164309 0.9430175 -0.2153364 -0.253137
-0.01402912 0.9455979 -0.2262867 -0.2333284
-0.01159172 0.9477036 -0.2372445 -0.2131633
-0.009126097 0.9493124 -0.2481717 -0.1927007
-0.006640019 0.9504072 -0.2590303 -0.1720039
-0.004141477 0.950977 -0.269783 -0.1511384
-0.001638616 0.9510164 -0.2803937 -0.1301717
0.0008603573 0.9505261 -0.2908279 -0.1091728
0.003347284 0.9495129 -0.3010532 -0.08821075
0.005814159 0.9479896 -0.3110393 -0.06735425
0.008253238 0.9459743 -0.3207592 -0.04667047
0.01065708 0.9434906 -0.3301883 -0.0262245
0.01301868 0.9405665 -0.3393055 -0.006078664
0.01533147 0.9372345 -0.3480927 0.01370825
0.01758944 0.9335303 -0.3565353 0.03308132
0.01978713 0.9294925 -0.3646219 0.05199013
0.02191962 0.9251622 -0.372344 0.07038841
0.02398261 0.9205815 -0.3796961 0.0882352
0.02597238 0.9157939 -0.3866757 0.1054936
0.02788573 0.9108431 -0.3932824 0.1221318
0.02972004 0.9057727 -0.3995181 0.1381223
0.03147315 0.9006256 -0.4053869 0.1534418
0.03314337 0.8954438 -0.4108942 0.1680711
0.03472941 0.890268 -0.4160467 0.1819942
0.03623031 0.8851374 -0.4208525 0.1951985
0.03764546 0.8800893 -0.42532 0.207674
0.03897445 0.8751596 -0.4294584 0.2194133
0.04021709 0.8703818 -0.4332771 0.2304104
0.04137333 0.8657881 -0.4367855 0.2406611
0.04244321 0.8614082 -0.4399928 0.2501618
0.0434268 0.8572704 -0.4429078 0.2589099
0.04432419 0.853401 -0.4455389 0.2669029
0.04513539 0.849825 -0.4478936 0.2741378
0.04586035 0.8465655 -0.4499789 0.2806114
0.04649886 0.8436443 -0.4518001 0.2863191
0.04705057 0.8410821 -0.4533623 0.2912556
0.04751489 0.8388979 -0.4546686 0.2954135
0.04789096 0.83711 -0.455721 0.2987836
0.04817768 0.8357357 -0.45652 0.3013543
0.04837359 0.8347909 -0.4570641 0.3031115
0.04847685 0.8342911 -0.4573504 0.3040379
0.04849344 0.8342107 -0.4573963 0.3041867
-0.04825556 -0.8341833 0.4572966 -0.3044495
-0.04755059 -0.8341014 0.4570007 -0.3052281
-0.046391 -0.8339646 0.4565128 -0.3065077
-0.0447886 -0.8337712 0.4558363 -0.308274
-0.04275464 -0.8335183 0.4549738 -0.310513
-0.04029988 -0.833202 0.4539269 -0.3132103
-0.0374347 -0.8328177 0.4526971 -0.3163522
-0.03416919 -0.8323598 0.4512849 -0.3199244
-0.03051324 -0.831822 0.4496906 -0.3239128
-0.02647665 -0.8311974 0.447914 -0.3283032
-0.0220692 -0.8304784 0.4459547 -0.333081
-0.01730076 -0.8296572 0.443812 -0.3382314
-0.01218138 -0.8287254 0.4414853 -0.3437392
-0.006721372 -0.8276744 0.4389735 -0.3495887
-0.0009313817 -0.8264953 0.4362759 -0.355764
0.005177516 -0.8251794 0.4333918 -0.3622483
0.01159377 -0.8237177 0.4303206 -0.3690245
0.01830523 -0.8221014 0.427062 -0.3760747
0.02529916 -0.8203222 0.4236162 -0.3833807
0.03256217 -0.8183717 0.4199837 -0.3909235
0.04008016 -0.8162424 0.4161654 -0.3986833
0.04783824 -0.8139271 0.4121628 -0.4066401
0.05582087 -0.8114193 0.4079784 -0.4147729
0.06401172 -0.8087133 0.4036147 -0.4230606
0.07239368 -0.8058048 0.3990757 -0.4314815
0.08094896 -0.80269 0.3943656 -0.4400134
0.0896591 -0.7993664 0.38949 -0.4486338
0.09850499 -0.7958325 0.3844548 -0.4573204
0.107467 -0.7920887 0.3792672 -0.4660502
0.1165249 -0.7881362 0.3739353 -0.4748007
0.1256582 -0.783978 0.3684677 -0.4835494
0.134846 -0.7796185 0.3628744 -0.4922741
0.1440674 -0.7750633 0.3571659 -0.5009531
0.153301 -0.77032 0.3513538 -0.5095649
0.1625258 -0.7653973 0.3454502 -0.5180893
0.171721 -0.7603055 0.339468 -0.5265062
0.1808656 -0.7550564 0.333421 -0.5347971
0.1899396 -0.7496629 0.3273231 -0.542944
0.1989229 -0.7441393 0.3211892 -0.55093
0.2077965 -0.7385011 0.3150341 -0.5587399
0.2165417 -0.7327648 0.3088733 -0.5663592
0.2251408 -0.7269478 0.3027223 -0.5737751
0.2335768 -0.7210684 0.2965969 -0.5809756
0.2418337 -0.7151455 0.2905127 -0.5879506
0.2498963 -0.7091986 0.2844855 -0.5946909
0.2577505 -0.7032476 0.278531 -0.6011889
0.2653831 -0.6973127 0.2726642 -0.6074381
0.2727819 -0.6914144 0.2669007 -0.6134331
0.2799357 -0.6855731 0.261255 -0.6191699
0.2868342 -0.6798092 0.2557417 -0.6246453
0.2934678 -0.6741431 0.2503749 -0.6298572
0.299828 -0.6685949 0.2451683 -0.6348043
0.305907 -0.6631842 0.2401351 -0.6394863
0.3116977 -0.6579307 0.2352882 -0.6439031
0.3171935 -0.6528533 0.2306398 -0.6480557
0.3223886 -0.6479706 0.226202 -0.6519451
0.3272774 -0.6433009 0.2219863 -0.6555728
0.3318547 -0.6388617 0.2180038 -0.6589405
0.3361157 -0.6346703 0.2142655 -0.66205
0.3400556 -0.6307434 0.2107817 -0.664903
0.3436698 -0.6270972 0.2075628 -0.6675012
0.3469535 -0.6237475 0.2046188 -0.6698459
0.3499019 -0.6207095 0.2019595 -0.671938
0.3525097 -0.6179985 0.1995946 -0.6737781
0.3547714 -0.6156286 0.1975337 -0.675366
0.3566811 -0.6136141 0.1957865 -0.6767009
0.3582322 -0.6119687 0.1943626 -0.677781
0.3594172 -0.610706 0.1932718 -0.6786041
0.3602283 -0.6098391 0.1925237 -0.6791661
0.3606562 -0.6093807 0.1921286 -0.6794622
0.360725 -0.6093071 0.192065 -0.6795098
-0.3606397 0.6094646 -0.1919581 0.6794439
-0.3603871 0.6099313 -0.1916413 0.6792485
-0.3599716 0.6106979 -0.1911204 0.6789269
-0.3593973 0.6117547 -0.190401 0.6784816
-0.3586684 0.6130922 -0.1894887 0.6779152
-0.3577886 0.6147009 -0.1883887 0.6772296
-0.3567616 0.6165705 -0.1871064 0.6764269
-0.3555909 0.6186911 -0.1856468 0.6755085
-0.35428 0.6210526 -0.184015 0.6744759
-0.3528322 0.6236447 -0.1822161 0.6733305
-0.3512508 0.626457 -0.1802551 0.6720734
-0.349539 0.6294789 -0.1781369 0.6707057
-0.3477001 0.6326997 -0.1758666 0.6692285
-0.3457373 0.6361088 -0.1734493 0.6676427
-0.3436539 0.6396952 -0.17089 0.6659494
-0.3414533 0.6434481 -0.1681939 0.6641498
-0.3391389 0.6473565 -0.1653663 0.6622449
-0.3367142 0.6514092 -0.1624124 0.6602361
-0.3341829 0.6555952 -0.1593378 0.6581249
-0.3315485 0.6599032 -0.156148 0.6559125
-0.3288152 0.6643221 -0.1528487 0.6536009
-0.3259867 0.6688405 -0.1494457 0.651192
-0.3230674 0.6734475 -0.1459449 0.648688
-0.3200616 0.6781319 -0.1423524 0.646091
-0.3169738 0.6828824 -0.1386745 0.6434039
-0.3138087 0.6876882 -0.1349176 0.6406296
-0.3105713 0.6925382 -0.1310882 0.6377713
-0.3072665 0.6974218 -0.1271928 0.6348324
-0.3038997 0.7023282 -0.1232384 0.6318167
-0.3004763 0.7072471 -0.1192318 0.6287283
-0.2970019 0.7121681 -0.1151801 0.6255717
-0.2934825 0.7170814 -0.1110904 0.6223515
-0.2899238 0.7219769 -0.1069699 0.6190727
-0.2863321 0.7268453 -0.1028259 0.6157408
-0.2827137 0.7316774 -0.098666 0.6123612
-0.2790749 0.7364642 -0.09449749 0.60894
-0.2754225 0.7411972 -0.09032793 0.6054834
-0.2717631 0.7458681 -0.08616488 0.6019976
-0.2681034 0.7504692 -0.0820159 0.5984897
-0.2644505 0.7549928 -0.07788858 0.5949666
-0.2608111 0.759432 -0.07379045 0.5914353
-0.2571924 0.7637799 -0.06972912 0.5879033
-0.2536015 0.76803 -0.06571206 0.5843784
-0.2500456 0.7721767 -0.06174675 0.5808681
-0.2465316 0.7762142 -0.0578406 0.5773804
-0.2430669 0.7801373 -0.05400098 0.5739235
-0.2396586 0.7839413 -0.05023512 0.5705054
-0.2363138 0.7876214 -0.04655026 0.5671343
-0.2330397 0.7911737 -0.04295344 0.5638189
-0.2298433 0.7945943 -0.03945175 0.5605673
-0.2267317 0.7978795 -0.03605203 0.5573879
-0.223712 0.8010263 -0.03276112 0.5542893
-0.2207909 0.8040314 -0.02958573 0.55128
-0.2179756 0.8068922 -0.0265325 0.5483682
-0.2152728 0.809606 -0.02360794 0.5455626
-0.2126892 0.8121703 -0.02081849 0.5428714
-0.2102316 0.8145828 -0.01817052 0.5403031
-0.2079067 0.8168412 -0.01567032 0.5378658
-0.2057209 0.8189435 -0.0133241 0.5355679
-0.2036809 0.8208873 -0.01113804 0.5334174
-0.201793 0.8226704 -0.009118233 0.5314225
-0.2000638 0.8242906 -0.007270807 0.529591
-0.1984995 0.8257455 -0.005601814 0.5279309
-0.1971065 0.8270324 -0.004117355 0.5264499
-0.1958911 0.8281487 -0.002823461 0.5251556
-0.1948596 0.8290914 -0.001726282 0.5240555
-0.1940181 0.8298571 -0.000831931 0.5231572
-0.193373 0.8304422 -0.0001466526 0.5224679
-0.1929303 0.8308427 0.0003233442 0.5219946
-0.1926964 0.831054 0.0005716466 0.5217443
-0.1926588 0.8310879 0.0006115586 0.5217041
-0.1925108 0.8313491 0.0006690468 0.5213422
-0.192072 0.8321226 0.000839492 0.5202689
-0.1913487 0.8333921 0.001120051 0.5184998
-0.1903465 0.835141 0.00150815 0.516048
-0.1890698 0.8373517 0.002001443 0.5129238
-0.1875221 0.8400058 0.002597777 0.5091355
-0.1857062 0.8430844 0.003295162 0.5046891
-0.1836243 0.8465672 0.004091725 0.4995891
-0.1812778 0.8504334 0.004985685 0.4938386
-0.1786678 0.8546607 0.005975307 0.4874394
-0.1757953 0.859226 0.007058869 0.4803925
-0.1726607 0.8641046 0.008234621 0.4726984
-0.1692647 0.8692707 0.009500748 0.4643574
-0.1656078 0.8746969 0.01085533 0.4553697
-0.1616908 0.8803546 0.0122963 0.4457361
-0.1575148 0.8862135 0.01382143 0.435458
-0.1530812 0.892242 0.01542824 0.4245377
-0.1483923 0.8984069 0.01711404 0.4129793
-0.1434507 0.9046736 0.01887581 0.4007883
-0.1382602 0.9110065 0.02071025 0.3879724
-0.1328253 0.9173684 0.02261372 0.3745414
-0.1271519 0.9237217 0.02458219 0.3605085
-0.1212467 0.9300278 0.0266113 0.3458892
-0.115118 0.9362479 0.02869628 0.3307026
-0.1087755 0.9423431 0.03083199 0.3149711
-0.10223 0.9482747 0.03301292 0.298721
-0.09549414 0.9540051 0.03523321 0.281982
-0.08858173 0.9594976 0.03748669 0.2647876
-0.08150818 0.9647174 0.03976687 0.247175
-0.07429028 0.9696316 0.04206703 0.2291852
-0.06694601 0.9742103 0.0443803 0.2108623
-0.05949464 0.9784263 0.04669961 0.1922536
-0.0519564 0.9822561 0.04901792 0.1734092
-0.04435244 0.9856798 0.05132812 0.1543816
-0.03670453 0.9886817 0.05362322 0.1352248
-0.02903481 0.9912506 0.05589641 0.1159945
-0.0213658 0.9933797 0.05814106 0.09674697
-0.01371993 0.9950665 0.06035085 0.07753868
-0.006119401 0.9963133 0.06251983 0.05842575
0.00141402 0.9971269 0.06464246 0.03946331
0.008859274 0.997518 0.06671362 0.02070501
0.01619603 0.9975015 0.06872872 0.002202736
0.02340509 0.9970959 0.07068363 -0.01599432
0.03046828 0.996323 0.07257479 -0.03383935
0.03736877 0.9952074 0.07439918 -0.05128893
0.04409094 0.9937763 0.07615424 -0.06830239
0.05062067 0.9920587 0.07783792 -0.08484298
0.05694504 0.9900854 0.07944871 -0.1008767
0.06305262 0.9878882 0.0809855 -0.1163733
0.0689332 0.9854996 0.08244757 -0.131306
0.07457801 0.9829525 0.08383465 -0.1456507
0.07997926 0.9802802 0.08514672 -0.1593867
0.08513037 0.9775152 0.08638407 -0.1724959
0.09002564 0.9746896 0.08754722 -0.1849626
0.09466036 0.971835 0.0886369 -0.1967734
0.09903047 0.9689818 0.08965397 -0.2079169
0.1031325 0.9661595 0.09059934 -0.2183831
0.1069636 0.9633965 0.09147409 -0.2281634
0.1105211 0.9607196 0.09227919 -0.2372501
0.1138026 0.9581545 0.09301566 -0.245636
0.1168059 0.9557256 0.09368446 -0.2533143
0.1195286 0.953456 0.09428641 -0.2602783
0.1219683 0.951367 0.09482223 -0.2665208
0.1241222 0.9494791 0.09529247 -0.2720338
0.1259872 0.9478112 0.09569749 -0.2768089
0.1275596 0.9463808 0.09603742 -0.2808359
0.1288351 0.9452041 0.09631213 -0.2841034
0.1298088 0.9442961 0.09652115 -0.2865978
0.1304746 0.9436702 0.09666381 -0.2883039
0.1308258 0.9433385 0.09673893 -0.2892038
0.1308822 0.9432851 0.096751 -0.2893484
-0.1308607 -0.9433051 -0.09662037 0.2893364
-0.1307972 -0.9433643 -0.09623346 0.2893009
-0.1306927 -0.9434614 -0.09559765 0.2892424
-0.1305483 -0.9435946 -0.09472022 0.2891614
-0.1303654 -0.9437624 -0.09360848 0.2890586
-0.1301448 -0.9439628 -0.09226964 0.2889343
-0.1298878 -0.9441937 -0.09071091 0.2887888
-0.1295953 -0.9444532 -0.08893946 0.2886227
-0.1292684 -0.944739 -0.08696245 0.2884361
-0.1289081 -0.945049 -0.08478702 0.2882296
-0.1285156 -0.9453807 -0.08242033 0.2880032
-0.1280917 -0.9457321 -0.07986953 0.2877574
-0.1276376 -0.9461004 -0.07714179 0.2874924
-0.1271542 -0.9464834 -0.0742443 0.2872085
-0.1266426 -0.9468788 -0.07118427 0.286906
-0.1261038 -0.947284 -0.06796893 0.2865852
-0.1255389 -0.9476968 -0.06460556 0.2862464
-0.1249488 -0.9481147 -0.0611015 0.2858897
-0.1243348 -0.9485355 -0.05746407 0.2855158
-0.1236978 -0.9489568 -0.05370069 0.2851247
-0.123039 -0.9493765 -0.04981877 0.2847171
-0.1223594 -0.9497924 -0.04582585 0.2842931
-0.1216602 -0.9502025 -0.04172945 0.2838533
-0.1209426 -0.9506048 -0.03753714 0.283398
-0.1202077 -0.9509973 -0.03325657 0.2829279
-0.1194566 -0.9513785 -0.02889542 0.2824434
-0.1186907 -0.9517463 -0.02446142 0.2819451
-0.1179111 -0.9520996 -0.01996231 0.2814336
-0.1171192 -0.9524367 -0.01540589 0.2809095
-0.116316 -0.9527563 -0.01080003 0.2803736
-0.1155031 -0.9530574 -0.00615255 0.2798265
-0.1146816 -0.9533387 -0.001471358 0.279269
-0.113853 -0.9535996 0.003235643 0.2787021
-0.1130185 -0.9538392 0.007960516 0.2781264
-0.1121796 -0.9540569 0.01269532 0.2775431
-0.1113377 -0.9542522 0.01743214 0.2769528
-0.1104941 -0.9544249 0.02216304 0.2763568
-0.1096503 -0.9545748 0.02688006 0.2757559
-0.1088078 -0.9547018 0.03157529 0.2751514
-0.1079679 -0.9548063 0.03624081 0.2745443
-0.1071323 -0.9548883 0.04086878 0.2739358
-0.1063023 -0.9549484 0.04545129 0.2733271
-0.1054794 -0.954987 0.04998055 0.2727194
-0.1046653 -0.955005 0.05444875 0.2721139
-0.1038613 -0.9550031 0.05884816 0.2715121
-0.103069 -0.9549823 0.06317104 0.2709152
-0.10229 -0.9549437 0.06740978 0.2703245
-0.1015257 -0.9548883 0.07155671 0.2697416
-0.1007778 -0.9548176 0.07560429 0.2691676
-0.1000476 -0.9547329 0.07954499 0.2686043
-0.09933692 -0.9546356 0.08337136 0.2680528
-0.0986471 -0.9545273 0.08707596 0.2675148
-0.09797976 -0.9544097 0.09065145 0.2669917
-0.09733641 -0.9542843 0.09409046 0.2664849
-0.09671861 -0.9541528 0.09738576 0.2659961
-0.09612787 -0.9540172 0.1005301 0.2655266
-0.09556574 -0.9538791 0.1035163 0.265078
-0.09503372 -0.9537402 0.1063372 0.2646519
-0.09453335 -0.9536026 0.1089855 0.2642496
-0.09406613 -0.9534677 0.1114543 0.2638727
-0.09363358 -0.9533376 0.1137364 0.2635227
-0.09323721 -0.9532139 0.1158248 0.2632011
-0.0928785 -0.9530982 0.1177123 0.2629093
-0.09255893 -0.9529922 0.1193917 0.2626486
-0.09228002 -0.9528974 0.1208562 0.2624208
-0.09204321 -0.9528154 0.1220984 0.2622269
-0.09184999 -0.9527472 0.1231113 0.2620686
-0.09170181 -0.9526943 0.1238876 0.261947
-0.09160013 -0.9526576 0.1244201 0.2618635
-0.09154639 -0.9526382 0.1247014 0.2618193
-0.09153775 -0.952635 0.1247467 0.2618122
0.09149381 0.9527655 -0.1244849 -0.2614771
0.09136346 0.9531512 -0.1237087 -0.2604834
0.09114861 0.9537824 -0.1224309 -0.2588472
0.09085078 0.9546476 -0.120663 -0.2565826
0.09047121 0.9557343 -0.1184153 -0.253702
0.09001083 0.9570287 -0.1156972 -0.2502166
0.0894703 0.9585155 -0.1125172 -0.2461362
0.0888501 0.9601783 -0.1088834 -0.2414698
0.0881505 0.9619997 -0.104803 -0.2362252
0.08737165 0.9639609 -0.1002832 -0.2304103
0.08651353 0.966042 -0.09533086 -0.224032
0.08557612 0.968222 -0.08995288 -0.2170975
0.0845593 0.970479 -0.08415636 -0.209614
0.08346294 0.9727897 -0.07794865 -0.201589
0.08228699 0.9751303 -0.07133767 -0.1930305
0.08103144 0.9774756 -0.06433194 -0.1839474
0.07969639 0.9798002 -0.0569408 -0.1743495
0.07828211 0.9820776 -0.04917457 -0.1642479
0.07678903 0.9842809 -0.04104467 -0.1536551
0.07521781 0.986383 -0.03256371 -0.1425851
0.07356939 0.9883565 -0.02374569 -0.1310538
0.071845 0.9901743 -0.0146061 -0.1190791
0.07004624 0.9918095 -0.005161878 -0.1066808
0.068175 0.9932359 0.004568455 -0.09388088
0.06623365 0.9944285 0.0145647 -0.08070372
0.06422489 0.9953629 0.02480508 -0.06717583
0.06215192 0.996017 0.03526626 -0.05332598
0.06001831 0.9963701 0.04592348 -0.03918509
0.05782811 0.996404 0.0567505 -0.02478621
0.05558579 0.9961029 0.06771977 -0.01016438
0.05329622 0.9954537 0.07880284 0.004643856
0.05096466 0.9944465 0.08997019 0.01960025
0.04859675 0.9930745 0.1011917 0.03466543
0.04619844 0.9913343 0.1124369 0.0497991
0.04377596 0.9892261 0.123675 0.0649604
0.04133575 0.9867536 0.1348756 0.0801084
0.03888442 0.9839239 0.1460082 0.09520207
0.03642874 0.9807478 0.1570435 0.110201
0.03397546 0.9772391 0.1679525 0.1250655
0.03153137 0.9734152 0.178708 0.1397574
0.02910318 0.9692962 0.1892834 0.1542396
0.02669749 0.9649047 0.1996542 0.168477
0.02432073 0.9602659 0.2097972 0.1824362
0.0219791 0.9554072 0.2196911 0.1960863
0.01967856 0.9503573 0.2293166 0.2093984
0.01742477 0.9451466 0.2386558 0.222346
0.01522308 0.9398063 0.2476932 0.2349052
0.01307855 0.9343685 0.2564149 0.2470543
0.01099584 0.9288656 0.264809 0.258774
0.008979339 0.9233302 0.272865 0.2700473
0.007033024 0.9177945 0.2805742 0.2808594
0.005160613 0.9122906 0.2879295 0.2911974
0.003365462 0.9068499 0.294925 0.3010505
0.001650665 0.901503 0.3015558 0.310409
1.905216E-05 0.8962798 0.3078185 0.3192654
-0.001526819 0.8912091 0.3137101 0.3276128
-0.002984553 0.8863186 0.3192284 0.3354455
-0.004351971 0.8816351 0.3243718 0.3427587
-0.005627021 0.8771842 0.3291389 0.3495481
-0.006807759 0.8729902 0.3335287 0.3558094
-0.007892316 0.8690766 0.3375399 0.361539
-0.00887885 0.8654657 0.3411709 0.3667324
-0.009765554 0.8621786 0.3444202 0.3713857
-0.01055055 0.8592358 0.3472856 0.3754933
-0.01123189 0.8566564 0.349764 0.3790497
-0.01180756 0.854459 0.3518518 0.382048
-0.01227535 0.8526611 0.3535441 0.3844802
-0.01263291 0.8512794 0.3548351 0.3863365
-0.0128777 0.8503298 0.3557177 0.3876061
-0.01300688 0.8498275 0.3561829 0.3882756
-0.01302763 0.8497466 0.3562576 0.3883831
0.01297606 -0.8498847 -0.3562264 -0.3881113
0.01282327 -0.8502933 -0.3561337 -0.3873057
0.01257202 -0.8509636 -0.3559805 -0.3859803
0.012225 -0.8518861 -0.3557676 -0.3841487
0.0117848 -0.8530506 -0.3554953 -0.3818231
0.01125393 -0.8544468 -0.3551637 -0.3790155
0.01063486 -0.8560635 -0.3547726 -0.3757374
0.00993001 -0.8578894 -0.3543213 -0.3719997
0.00914177 -0.8599123 -0.3538092 -0.3678129
0.008272522 -0.8621202 -0.3532355 -0.3631876
0.007324642 -0.8645002 -0.352599 -0.3581338
0.006300527 -0.8670393 -0.3518986 -0.352662
0.005202602 -0.8697245 -0.3511331 -0.3467824
0.004033327 -0.8725417 -0.3503011 -0.3405053
0.002795222 -0.8754773 -0.3494016 -0.3338417
0.001490865 -0.8785172 -0.3484331 -0.3268024
0.0001229073 -0.8816471 -0.3473944 -0.3193987
-0.001305909 -0.8848526 -0.3462845 -0.3116428
-0.002792761 -0.8881193 -0.3451023 -0.3035468
-0.004334727 -0.8914328 -0.3438471 -0.2951239
-0.005928791 -0.8947784 -0.3425179 -0.2863876
-0.007571816 -0.8981421 -0.3411147 -0.2773523
-0.009260576 -0.9015095 -0.3396369 -0.268033
-0.01099174 -0.9048668 -0.3380848 -0.2584455
-0.01276187 -0.9082003 -0.3364585 -0.2486063
-0.01456742 -0.9114968 -0.334759 -0.2385328
-0.01640476 -0.9147435 -0.332987 -0.2282429
-0.01827017 -0.9179283 -0.3311441 -0.2177554
-0.02015987 -0.9210395 -0.3292318 -0.2070899
-0.02206998 -0.9240662 -0.3272524 -0.1962664
-0.0239966 -0.9269981 -0.3252082 -0.1853058
-0.02593575 -0.9298261 -0.3231023 -0.1742293
-0.02788346 -0.9325413 -0.3209378 -0.1630587
-0.0298357 -0.9351364 -0.3187185 -0.1518165
-0.03178848 -0.9376048 -0.3164483 -0.140525
-0.03373782 -0.9399407 -0.3141317 -0.1292072
-0.03567975 -0.9421397 -0.3117735 -0.1178861
-0.03761037 -0.9441981 -0.3093787 -0.1065848
-0.03952581 -0.9461134 -0.3069528 -0.09532642
-0.04142231 -0.9478843 -0.3045014 -0.08413405
-0.04329618 -0.9495102 -0.3020305 -0.07303046
-0.04514383 -0.9509917 -0.2995464 -0.06203834
-0.04696177 -0.9523305 -0.2970553 -0.05117994
-0.04874664 -0.953529 -0.2945638 -0.04047717
-0.05049521 -0.9545906 -0.2920787 -0.02995136
-0.05220436 -0.9555195 -0.2896068 -0.01962356
-0.05387114 -0.9563208 -0.287155 -0.009513989
-0.0554927 -0.9570001 -0.2847303 0.0003574622
-0.05706632 -0.9575638 -0.2823396 0.009971684
-0.05858945 -0.9580188 -0.27999 0.01931007
-0.06005964 -0.9583726 -0.2776884 0.02835484
-0.06147458 -0.958633 -0.2754417 0.03708863
-0.06283206 -0.9588082 -0.2732569 0.04549475
-0.06413 -0.9589065 -0.2711407 0.05355715
-0.06536641 -0.9589368 -0.2690998 0.0612602
-0.06653938 -0.9589077 -0.2671408 0.06858896
-0.06764707 -0.9588279 -0.2652704 0.07552873
-0.06868773 -0.9587063 -0.2634946 0.08206543
-0.06965963 -0.9585516 -0.2618201 0.08818508
-0.07056109 -0.9583722 -0.2602528 0.09387418
-0.07139044 -0.9581764 -0.2587987 0.09911929
-0.072146 -0.9579722 -0.2574638 0.1039071
-0.07282609 -0.9577671 -0.2562539 0.1082244
-0.07342901 -0.9575683 -0.2551747 0.1120578
-0.07395298 -0.9573827 -0.2542316 0.115394
-0.07439617 -0.9572161 -0.2534302 0.1182192
-0.07475665 -0.9570742 -0.2527758 0.1205197
-0.0750324 -0.9569617 -0.2522737 0.1222807
-0.07522127 -0.9568827 -0.251929 0.1234877
-0.07532098 -0.9568403 -0.2517467 0.1241251
-0.07533701 -0.9568334 -0.2517174 0.1242275
0.07551137 0.9567913 0.2516926 -0.1244963
0.076028 0.9566658 0.2516189 -0.1252927
0.0768773 0.9564576 0.2514971 -0.1266019
0.07805002 0.956166 0.251328 -0.1284095
0.079537 0.9557896 0.2511118 -0.1307016
0.08132935 0.9553261 0.2508485 -0.1334642
0.08341822 0.9547721 0.2505378 -0.1366838
0.08579489 0.9541238 0.2501796 -0.1403469
0.08845063 0.9533767 0.2497732 -0.1444398
0.09137672 0.9525256 0.249318 -0.1489492
0.09456436 0.9515652 0.248813 -0.1538613
0.09800469 0.9504896 0.2482576 -0.1591626
0.1016887 0.9492928 0.2476506 -0.1648389
0.1056071 0.9479683 0.2469912 -0.170876
0.1097506 0.9465098 0.2462783 -0.1772594
0.1141095 0.9449111 0.245511 -0.1839741
0.1186738 0.9431656 0.2446884 -0.1910047
0.1234334 0.9412674 0.2438095 -0.1983354
0.1283778 0.9392104 0.2428736 -0.2059499
0.133496 0.9369893 0.2418801 -0.2138315
0.1387769 0.9345989 0.2408285 -0.2219628
0.144209 0.9320348 0.2397184 -0.2303259
0.1497804 0.929293 0.2385497 -0.2389027
0.155479 0.9263702 0.2373225 -0.2476743
0.1612924 0.9232642 0.2360371 -0.2566214
0.1672077 0.9199733 0.234694 -0.2657244
0.173212 0.9164969 0.2332941 -0.2749632
0.1792922 0.9128355 0.2318386 -0.2843176
0.1854348 0.9089905 0.2303288 -0.2937669
0.1916264 0.9049643 0.2287665 -0.3032901
0.1978534 0.9007607 0.2271536 -0.3128667
0.2041022 0.8963844 0.2254927 -0.3224754
0.2103593 0.8918415 0.2237862 -0.3320956
0.2166113 0.8871391 0.2220372 -0.3417065
0.2228447 0.8822855 0.2202489 -0.3512875
0.2290466 0.8772902 0.2184249 -0.3608187
0.2352041 0.8721637 0.2165691 -0.3702802
0.2413045 0.8669176 0.2146854 -0.3796528
0.2473359 0.8615644 0.2127783 -0.3889178
0.2532865 0.8561178 0.2108523 -0.3980573
0.2591448 0.8505921 0.2089121 -0.4070538
0.2649001 0.8450025 0.2069627 -0.4158908
0.2705422 0.8393649 0.2050091 -0.4245525
0.2760612 0.8336957 0.2030565 -0.4330241
0.281448 0.8280119 0.2011102 -0.4412913
0.2866938 0.822331 0.1991756 -0.4493411
0.2917906 0.8166708 0.1972581 -0.4571611
0.2967309 0.8110493 0.1953631 -0.4647398
0.3015077 0.8054847 0.1934961 -0.4720665
0.3061143 0.7999954 0.1916624 -0.4791315
0.3105451 0.7945995 0.1898676 -0.4859256
0.3147944 0.7893155 0.1881168 -0.4924405
0.3188572 0.7841614 0.1864155 -0.4986686
0.3227287 0.7791553 0.1847687 -0.5046027
0.3264046 0.7743148 0.1831817 -0.5102364
0.329881 0.7696576 0.1816594 -0.5155634
0.3331539 0.7652009 0.1802069 -0.5205783
0.3362198 0.7609615 0.1788288 -0.5252753
0.3390753 0.7569561 0.1775299 -0.5296496
0.3417169 0.7532009 0.176315 -0.5336956
0.3441413 0.7497118 0.1751884 -0.5374087
0.3463449 0.7465042 0.1741547 -0.5407835
0.3483244 0.7435935 0.1732182 -0.5438147
0.350076 0.7409942 0.1723832 -0.5464966
0.3515956 0.7387208 0.1716538 -0.5488234
0.3528792 0.7367874 0.1710342 -0.5507885
0.353922 0.7352076 0.1705284 -0.5523849
0.3547189 0.7339949 0.1701403 -0.5536048
0.3552643 0.733162 0.169874 -0.5544399
0.3555522 0.7327216 0.1697332 -0.5548805
0.3555984 0.7326508 0.1697106 -0.5549513
-0.3554141 -0.7327413 -0.1695006 0.5550141
-0.3548677 -0.733009 -0.1688786 0.5551998
-0.3539688 -0.7334478 -0.1678555 0.5555043
-0.3527262 -0.7340512 -0.1664421 0.5559228
-0.3511482 -0.7348121 -0.1646487 0.5564502
-0.3492429 -0.735723 -0.1624853 0.5570813
-0.3470176 -0.7367761 -0.1599613 0.5578102
-0.3444795 -0.7379629 -0.1570863 0.558631
-0.3416356 -0.7392749 -0.1538694 0.5595374
-0.3384924 -0.740703 -0.1503197 0.5605228
-0.3350568 -0.7422382 -0.1464465 0.5615807
-0.3313352 -0.7438708 -0.1422587 0.5627039
-0.3273342 -0.7455911 -0.1377656 0.5638855
-0.3230605 -0.7473891 -0.1329765 0.5651183
-0.3185209 -0.7492548 -0.1279009 0.5663947
-0.3137225 -0.751178 -0.1225486 0.5677075
-0.3086725 -0.7531481 -0.1169296 0.569049
-0.3033784 -0.755155 -0.1110542 0.5704117
-0.2978483 -0.7571881 -0.1049332 0.5717881
-0.2920904 -0.7592372 -0.09857772 0.5731706
-0.2861134 -0.7612919 -0.0919992 0.5745519
-0.2799267 -0.7633422 -0.08520968 0.5759246
-0.27354 -0.7653781 -0.07822154 0.5772814
-0.2669634 -0.7673897 -0.0710476 0.5786155
-0.2602077 -0.7693679 -0.06370122 0.5799201
-0.2532842 -0.7713034 -0.05619618 0.5811887
-0.2462047 -0.7731876 -0.04854666 0.5824152
-0.2389816 -0.7750123 -0.04076726 0.5835938
-0.2316277 -0.77677 -0.032873 0.5847191
-0.2241565 -0.7784534 -0.02487927 0.585786
-0.2165816 -0.780056 -0.01680168 0.5867903
-0.2089175 -0.781572 -0.008656216 0.5877277
-0.2011786 -0.7829963 -0.000459009 0.5885948
-0.1933802 -0.7843243 0.007773552 0.5893887
-0.1855374 -0.7855525 0.01602504 0.5901071
-0.1776659 -0.7866778 0.02427898 0.5907481
-0.1697813 -0.7876982 0.03251885 0.5913107
-0.1618997 -0.7886124 0.04072818 0.5917941
-0.1540371 -0.7894197 0.04889065 0.5921983
-0.1462094 -0.7901205 0.05699012 0.5925239
-0.1384326 -0.7907156 0.06501067 0.5927722
-0.1307228 -0.7912068 0.07293659 0.5929448
-0.1230957 -0.7915968 0.08075262 0.5930439
-0.1155668 -0.7918885 0.08844372 0.5930722
-0.1081517 -0.7920858 0.0959954 0.5930331
-0.1008653 -0.7921931 0.1033934 0.5929301
-0.09372251 -0.7922154 0.1106242 0.5927674
-0.08673789 -0.7921582 0.1176744 0.5925493
-0.07992547 -0.7920274 0.1245312 0.5922807
-0.07329913 -0.7918293 0.1311825 0.5919668
-0.06687221 -0.7915708 0.1376163 0.5916128
-0.0606578 -0.7912586 0.1438213 0.5912241
-0.05466852 -0.7909002 0.1497865 0.5908065
-0.04891669 -0.7905027 0.1555015 0.5903659
-0.04341426 -0.7900739 0.160956 0.5899081
-0.03817286 -0.7896212 0.1661404 0.5894392
-0.03320388 -0.7891524 0.171045 0.588965
-0.02851828 -0.7886748 0.1756606 0.5884914
-0.02412699 -0.7881961 0.1799783 0.5880244
-0.02004061 -0.7877235 0.1839892 0.5875696
-0.01626963 -0.7872643 0.1876845 0.5871327
-0.01282451 -0.7868254 0.1910554 0.586719
-0.00971547 -0.7864133 0.1940934 0.5863339
-0.006952937 -0.7860346 0.1967895 0.5859822
-0.004547222 -0.785695 0.1991349 0.5856688
-0.002508827 -0.7854003 0.2011203 0.5853979
-0.0008484065 -0.7851554 0.2027363 0.5851738
0.0004231802 -0.784965 0.2039732 0.5849999
0.001294966 -0.7848329 0.2048207 0.5848796
0.001755406 -0.7847627 0.2052683 0.5848157
0.001829416 -0.7847514 0.2053402 0.5848054
-0.001774911 0.7846772 -0.2058278 -0.5847337
-0.001613333 0.7844561 -0.2072732 -0.5845202
-0.001347275 0.7840884 -0.2096523 -0.5841658
-0.0009790463 0.7835716 -0.2129427 -0.5836695
-0.0005106934 0.7829013 -0.2171241 -0.5830287
5.596174E-05 0.782071 -0.2221777 -0.5822389
0.0007192842 0.781072 -0.2280857 -0.5812942
0.001477785 0.7798939 -0.2348313 -0.5801875
0.002330087 0.7785248 -0.2423983 -0.5789101
0.003274882 0.7769508 -0.2507705 -0.5774521
0.004310885 0.7751569 -0.2599317 -0.5758027
0.005436802 0.7731265 -0.269865 -0.5739502
0.006651275 0.770842 -0.2805529 -0.5718816
0.007952851 0.7682846 -0.2919764 -0.5695834
0.009339925 0.7654349 -0.3041151 -0.5670418
0.0108107 0.7622724 -0.3169464 -0.5642419
0.01236316 0.7587767 -0.3304456 -0.5611692
0.01399497 0.7549269 -0.3445851 -0.5578088
0.01570353 0.7507023 -0.3593347 -0.5541462
0.01748584 0.7460828 -0.3746607 -0.5501674
0.01933852 0.7410491 -0.3905262 -0.5458586
0.02125777 0.735583 -0.4068904 -0.5412079
0.02323934 0.7296681 -0.4237091 -0.5362042
0.02527855 0.7232901 -0.4409346 -0.5308382
0.02737022 0.7164371 -0.458515 -0.5251027
0.02950872 0.7091003 -0.4763954 -0.5189928
0.031688 0.7012742 -0.4945177 -0.5125062
0.03390158 0.6929571 -0.5128211 -0.5056438
0.03614265 0.6841515 -0.5312425 -0.4984093
0.03840402 0.6748643 -0.5497171 -0.4908101
0.04067832 0.6651069 -0.5681789 -0.482857
0.04295798 0.6548956 -0.5865621 -0.4745643
0.04523533 0.6442515 -0.6048012 -0.46595
0.04750271 0.6332002 -0.6228317 -0.4570357
0.04975255 0.6217722 -0.6405919 -0.4478462
0.05197751 0.6100017 -0.6580226 -0.4384092
0.05417046 0.5979272 -0.6750685 -0.4287556
0.05632467 0.5855903 -0.6916784 -0.4189184
0.05843385 0.5730356 -0.7078063 -0.4089327
0.0604922 0.5603101 -0.7234113 -0.398835
0.06249448 0.547462 -0.7384583 -0.3886633
0.06443606 0.5345409 -0.7529181 -0.3784555
0.0663129 0.5215966 -0.766767 -0.36825
0.06812163 0.5086788 -0.7799876 -0.3580849
0.06985946 0.4958362 -0.792568 -0.3479973
0.07152424 0.4831167 -0.8045015 -0.3380235
0.07311445 0.4705663 -0.8157866 -0.328198
0.07462902 0.4582288 -0.8264261 -0.3185541
0.07606743 0.4461461 -0.8364273 -0.3091228
0.07742962 0.4343575 -0.8458003 -0.2999336
0.07871596 0.4228996 -0.8545589 -0.2910136
0.07992708 0.4118065 -0.862719 -0.282388
0.08106398 0.4011099 -0.8702986 -0.2740801
0.08212782 0.3908387 -0.877317 -0.2661109
0.08312 0.3810195 -0.8837946 -0.2585001
0.08404201 0.3716768 -0.8897523 -0.2512651
0.08489541 0.3628329 -0.895211 -0.2444224
0.0856818 0.3545085 -0.9001915 -0.2379867
0.08640277 0.3467224 -0.9047139 -0.2319716
0.08705983 0.3394925 -0.9087976 -0.2263899
0.08765442 0.3328353 -0.9124606 -0.2212535
0.08818785 0.3267668 -0.9157194 -0.216574
0.08866128 0.3213022 -0.9185894 -0.2123622
0.08907564 0.3164565 -0.9210835 -0.2086291
0.08943168 0.3122448 -0.9232129 -0.2053856
0.08972988 0.3086822 -0.9249864 -0.2026429
0.08997043 0.3057843 -0.9264103 -0.2004126
0.09015325 0.3035678 -0.9274883 -0.198707
0.09027785 0.3020494 -0.9282211 -0.1975389
0.09034345 0.301248 -0.9286062 -0.1969223
0.09035397 0.3011192 -0.9286679 -0.1968232
0.09031672 0.3009827 -0.9287001 -0.196897
0.09020633 0.3005783 -0.9287955 -0.1971154
0.09002489 0.2999136 -0.9289517 -0.1974742
0.0897744 0.298996 -0.9291664 -0.1979692
0.08945687 0.2978329 -0.9294367 -0.198596
0.08907425 0.2964314 -0.92976 -0.1993504
0.08862846 0.2947986 -0.9301331 -0.200228
0.08812144 0.2929416 -0.9305528 -0.2012244
0.08755504 0.2908674 -0.931016 -0.2023354
0.08693118 0.288583 -0.931519 -0.2035564
0.08625173 0.2860952 -0.9320586 -0.2048831
0.08551855 0.283411 -0.932631 -0.206311
0.08473355 0.2805374 -0.9332327 -0.2078358
0.08389859 0.2774814 -0.9338601 -0.2094529
0.08301558 0.2742498 -0.9345095 -0.2111577
0.08208642 0.2708499 -0.9351771 -0.2129458
0.08111304 0.2672886 -0.9358596 -0.2148127
0.08009738 0.2635732 -0.9365529 -0.2167538
0.0790414 0.2597109 -0.937254 -0.2187644
0.07794709 0.255709 -0.9379589 -0.2208399
0.07681647 0.251575 -0.9386645 -0.2229759
0.07565159 0.2473165 -0.9393673 -0.2251676
0.0744545 0.242941 -0.9400643 -0.2274104
0.07322731 0.2384562 -0.9407521 -0.2296997
0.07197215 0.2338701 -0.9414279 -0.2320308
0.07069118 0.2291905 -0.9420889 -0.2343992
0.06938659 0.2244255 -0.9427324 -0.2368001
0.0680606 0.2195832 -0.9433559 -0.2392291
0.06671546 0.214672 -0.9439571 -0.2416815
0.06535343 0.2097 -0.9445339 -0.2441527
0.06397682 0.2046758 -0.9450844 -0.2466381
0.06258796 0.1996078 -0.9456066 -0.2491335
0.0611892 0.1945047 -0.9460994 -0.2516342
0.05978291 0.1893751 -0.9465612 -0.2541358
0.05837148 0.1842278 -0.946991 -0.2566339
0.05695731 0.1790715 -0.9473879 -0.2591244
0.05554282 0.173915 -0.9477513 -0.2616029
0.05413046 0.1687673 -0.9480807 -0.2640652
0.05272266 0.1636371 -0.9483761 -0.2665072
0.05132186 0.1585335 -0.9486372 -0.2689249
0.04993052 0.1534653 -0.9488646 -0.2713142
0.0485511 0.1484414 -0.9490584 -0.2736714
0.04718607 0.1434708 -0.9492196 -0.2759925
0.04583785 0.1385624 -0.9493487 -0.2782738
0.04450889 0.1337249 -0.9494471 -0.2805117
0.04320166 0.1289674 -0.9495158 -0.2827026
0.04191855 0.1242984 -0.9495564 -0.284843
0.04066201 0.1197269 -0.9495702 -0.2869295
0.03943443 0.1152615 -0.9495592 -0.2889587
0.03823822 0.1109109 -0.9495251 -0.2909273
0.03707575 0.1066836 -0.94947 -0.2928323
0.03594939 0.1025883 -0.949396 -0.2946703
0.03486149 0.09863337 -0.9493052 -0.2964384
0.03381438 0.09482728 -0.9492001 -0.2981335
0.03281039 0.09117838 -0.9490829 -0.2997527
0.03185181 0.08769499 -0.948956 -0.3012932
0.03094094 0.08438538 -0.948822 -0.3027519
0.03008006 0.08125774 -0.9486831 -0.3041261
0.02927143 0.07832026 -0.9485421 -0.3054128
0.02851731 0.07558106 -0.9484013 -0.3066093
0.02781993 0.07304821 -0.948263 -0.3077129
0.02718155 0.07072984 -0.9481298 -0.3087205
0.02660438 0.06863394 -0.9480038 -0.3096295
0.02609067 0.06676859 -0.9478872 -0.3104369
0.02564263 0.06514182 -0.9477822 -0.3111399
0.0252625 0.06376167 -0.9476905 -0.3117353
0.02495249 0.0626362 -0.9476142 -0.3122203
0.02471487 0.06177354 -0.9475546 -0.3125916
0.02455186 0.06118174 -0.9475132 -0.3128462
0.02446572 0.06086904 -0.9474912 -0.3129807
0.02445187 0.06081878 -0.9474876 -0.3130023
0.02451051 0.0607036 -0.9474921 -0.3130064
0.0246842 0.06036243 -0.9475054 -0.3130186
0.02496961 0.05980178 -0.9475269 -0.3130384
0.02536341 0.05902813 -0.947556 -0.3130657
0.0258623 0.05804792 -0.9475917 -0.3130998
0.02646296 0.05686757 -0.9476333 -0.3131405
0.02716211 0.05549344 -0.9476796 -0.3131871
0.02795644 0.05393192 -0.9477294 -0.3132391
0.02884267 0.05218938 -0.9477816 -0.3132961
0.02981748 0.05027214 -0.9478348 -0.3133574
0.0308776 0.04818657 -0.9478877 -0.3134224
0.0320197 0.04593904 -0.9479389 -0.3134905
0.03324049 0.0435359 -0.9479869 -0.3135611
0.03453663 0.04098355 -0.9480304 -0.3136336
0.0359048 0.03828839 -0.9480678 -0.3137073
0.03734165 0.03545685 -0.9480978 -0.3137816
0.03884384 0.03249541 -0.948119 -0.3138561
0.04040798 0.02941054 -0.9481299 -0.3139298
0.0420307 0.02620877 -0.9481292 -0.3140025
0.04370859 0.02289664 -0.9481157 -0.3140733
0.04543825 0.01948076 -0.948088 -0.3141418
0.04721624 0.01596775 -0.948045 -0.3142074
0.04903913 0.01236428 -0.9479857 -0.3142698
0.05090345 0.008677038 -0.9479089 -0.3143281
0.05280575 0.004912776 -0.9478139 -0.3143822
0.05474253 0.001078269 -0.9476998 -0.3144316
0.05671031 -0.002819679 -0.9475659 -0.3144758
0.0587056 -0.006774252 -0.9474114 -0.3145145
0.06072489 -0.01077858 -0.9472361 -0.3145474
0.06276466 -0.01482576 -0.9470395 -0.3145743
0.0648214 -0.01890891 -0.9468215 -0.3145948
0.06689159 -0.02302109 -0.9465817 -0.3146088
0.06897172 -0.02715538 -0.9463204 -0.3146161
0.07105827 -0.03130481 -0.9460376 -0.3146167
0.07314775 -0.03546242 -0.9457337 -0.3146104
0.07523665 -0.0396213 -0.945409 -0.3145972
0.07732148 -0.04377447 -0.9450642 -0.3145773
0.07939879 -0.047915 -0.9446999 -0.3145507
0.08146507 -0.05203596 -0.944317 -0.3145173
0.0835169 -0.05613044 -0.9439164 -0.3144776
0.08555086 -0.06019156 -0.9434993 -0.3144315
0.08756353 -0.06421244 -0.9430668 -0.3143795
0.08955154 -0.06818625 -0.9426203 -0.3143217
0.09151151 -0.07210619 -0.9421613 -0.3142586
0.09344009 -0.07596549 -0.9416913 -0.3141904
0.09533401 -0.07975743 -0.9412122 -0.3141177
0.09718995 -0.08347531 -0.9407255 -0.3140408
0.09900464 -0.08711246 -0.9402333 -0.3139602
0.1007749 -0.09066231 -0.9397374 -0.3138764
0.1024974 -0.09411824 -0.93924 -0.31379
0.1041692 -0.09747378 -0.9387434 -0.3137015
0.1057868 -0.1007224 -0.9382494 -0.3136115
0.1073474 -0.1038577 -0.9377606 -0.3135206
0.1088477 -0.1068733 -0.9372792 -0.3134295
0.1102846 -0.1097627 -0.9368075 -0.3133387
0.1116552 -0.1125198 -0.936348 -0.313249
0.1129563 -0.1151381 -0.935903 -0.3131609
0.1141848 -0.1176114 -0.9354749 -0.3130751
0.1153379 -0.1199335 -0.9350663 -0.3129923
0.1164124 -0.1220981 -0.9346794 -0.3129132
0.1174054 -0.124099 -0.9343167 -0.3128383
0.1183137 -0.12593 -0.9339804 -0.3127684
0.1191345 -0.1275848 -0.933673 -0.3127041
0.1198647 -0.1290574 -0.9333966 -0.3126459
0.1205013 -0.1303413 -0.9331535 -0.3125944
0.1210412 -0.1314305 -0.9329456 -0.3125502
