0.08713502 0.5537605 0.00769627 0.8280686
0.08685577 0.5544273 0.008232711 0.8276466
0.08646058 0.5553694 0.008991566 0.8270481
0.08595269 0.5565781 0.009966327 0.826277
0.08533525 0.5580441 0.01115056 0.8253366
0.08461139 0.5597581 0.01253786 0.8242297
0.08378413 0.5617109 0.0141219 0.8229591
0.0828565 0.5638927 0.01589635 0.8215273
0.08183149 0.5662941 0.01785487 0.8199365
0.08071209 0.5689053 0.01999114 0.8181887
0.07950128 0.5717163 0.0222988 0.816286
0.07820203 0.5747173 0.02477146 0.8142303
0.07681736 0.5778981 0.02740269 0.8120235
0.0753503 0.5812486 0.03018597 0.8096674
0.07380392 0.5847585 0.03311474 0.8071641
0.07218135 0.5884176 0.03618234 0.8045157
0.07048576 0.5922153 0.03938204 0.8017244
0.06872036 0.5961413 0.042707 0.7987924
0.06688844 0.600185 0.04615029 0.7957224
0.06499339 0.6043358 0.04970486 0.7925172
0.06303862 0.6085835 0.0533636 0.7891797
0.06102765 0.6129172 0.05711927 0.7857134
0.05896406 0.6173265 0.06096453 0.7821219
0.0568515 0.621801 0.06489193 0.778409
0.05469374 0.6263301 0.06889396 0.7745792
0.05249456 0.6309037 0.07296302 0.770637
0.05025787 0.6355114 0.07709142 0.7665874
0.04798764 0.6401433 0.08127141 0.7624361
0.04568786 0.6447893 0.08549518 0.7581885
0.04336264 0.6494399 0.08975492 0.7538512
0.04101611 0.6540854 0.09404272 0.7494304
0.03865247 0.6587165 0.09835069 0.7449334
0.03627595 0.6633242 0.102671 0.7403673
0.03389082 0.6678997 0.1069957 0.73574
0.03150138 0.6724345 0.1113169 0.7310596
0.02911192 0.6769204 0.1156269 0.7263344
0.02672681 0.6813496 0.119918 0.7215734
0.02435034 0.6857144 0.1241824 0.7167856
0.02198684 0.6900079 0.1284125 0.7119803
0.01964065 0.694223 0.132601 0.7071674
0.01731603 0.6983534 0.1367403 0.7023567
0.01501725 0.7023928 0.1408233 0.6975583
0.01274854 0.7063357 0.1448429 0.6927828
0.0105141 0.7101765 0.1487919 0.6880404
0.008318044 0.7139104 0.1526637 0.6833422
0.006164482 0.7175326 0.1564515 0.6786988
0.00405744 0.7210387 0.1601488 0.674121
0.002000889 0.7244247 0.1637492 0.6696201
-1.236583E-06 0.7276869 0.1672465 0.665207
-0.001945102 0.730822 0.1706346 0.6608928
-0.003826898 0.7338266 0.1739075 0.6566887
-0.005642904 0.736698 0.1770595 0.6526057
-0.007389441 0.7394333 0.1800849 0.6486549
-0.009062905 0.74203 0.1829782 0.6448475
-0.01065973 0.7444859 0.185734 0.6411943
-0.0121764 0.7467985 0.1883468 0.6377062
-0.01360945 0.7489659 0.1908115 0.6343942
-0.01495545 0.7509857 0.1931228 0.6312689
-0.01621103 0.752856 0.1952757 0.628341
-0.01737278 0.7545748 0.197265 0.625621
-0.01843736 0.7561397 0.1990856 0.6231194
-0.01940143 0.7575486 0.2007324 0.6208464
-0.02026163 0.7587991 0.2022002 0.6188121
-0.02101462 0.7598886 0.203484 0.6170267
-0.02165701 0.7608142 0.2045783 0.6155001
-0.02218542 0.761573 0.2054778 0.614242
-0.02259637 0.7621616 0.206177 0.6132621
-0.02288639 0.762576 0.2066702 0.6125696
-0.02305193 0.7628122 0.2069517 0.6121742
-0.02309234 0.7628698 0.2070204 0.6120776
0.02307597 -0.7627605 -0.2069304 -0.6122449
0.02302748 -0.7624363 -0.2066639 -0.6127404
0.02294777 -0.7619027 -0.2062257 -0.6135542
0.0228377 -0.7611647 -0.2056204 -0.6146764
0.02269812 -0.760227 -0.2048526 -0.6160967
0.02252986 -0.7590938 -0.2039266 -0.617805
0.02233374 -0.757769 -0.2028468 -0.6197907
0.02211056 -0.7562565 -0.2016174 -0.6220432
0.02186111 -0.7545594 -0.2002424 -0.624552
0.02158619 -0.7526813 -0.198726 -0.627306
0.02128658 -0.7506253 -0.1970722 -0.6302946
0.02096306 -0.7483943 -0.195285 -0.6335064
0.02061644 -0.7459915 -0.1933685 -0.6369303
0.02024749 -0.7434199 -0.1913268 -0.6405552
0.01985703 -0.7406827 -0.1891639 -0.6443694
0.01944586 -0.7377828 -0.186884 -0.6483616
0.01901482 -0.7347237 -0.1844914 -0.6525201
0.01856473 -0.7315086 -0.1819903 -0.6568334
0.01809647 -0.7281412 -0.1793853 -0.6612896
0.01761089 -0.7246252 -0.1766808 -0.665877
0.01710887 -0.7209646 -0.1738814 -0.6705838
0.01659135 -0.7171636 -0.1709919 -0.6753983
0.01605924 -0.713227 -0.1680171 -0.6803085
0.01551349 -0.7091593 -0.1649622 -0.6853028
0.01495506 -0.7049659 -0.1618322 -0.6903694
0.01438495 -0.7006522 -0.1586325 -0.6954965
0.01380416 -0.6962239 -0.1553683 -0.7006728
0.01321372 -0.6916874 -0.1520454 -0.7058868
0.01261467 -0.6870492 -0.1486693 -0.711127
0.01200808 -0.6823162 -0.1452459 -0.7163827
0.01139502 -0.6774955 -0.1417812 -0.7216426
0.01077658 -0.672595 -0.138281 -0.7268962
0.01015387 -0.6676226 -0.1347517 -0.7321332
0.009527992 -0.6625866 -0.1311994 -0.7373432
0.008900085 -0.6574957 -0.1276306 -0.7425165
0.008271266 -0.6523588 -0.1240514 -0.7476435
0.007642675 -0.6471853 -0.1204685 -0.7527152
0.007015448 -0.6419849 -0.1168884 -0.7577225
0.006390725 -0.6367673 -0.1133175 -0.762657
0.005769636 -0.6315427 -0.1097625 -0.7675107
0.005153316 -0.6263214 -0.1062299 -0.7722759
0.004542892 -0.6211141 -0.1027264 -0.7769453
0.003939479 -0.6159313 -0.09925855 -0.7815119
0.003344192 -0.6107841 -0.09583285 -0.7859693
0.002758126 -0.6056833 -0.09245583 -0.7903113
0.002182366 -0.6006403 -0.08913399 -0.7945323
0.001617984 -0.5956661 -0.08587373 -0.798627
0.001066045 -0.590772 -0.08268146 -0.8025903
0.0005275841 -0.5859694 -0.07956347 -0.8064176
3.636962E-06 -0.5812696 -0.076526 -0.8101047
-0.0005047926 -0.5766838 -0.07357518 -0.8136475
-0.0009967042 -0.5722235 -0.07071713 -0.8170425
-0.001471123 -0.5678999 -0.06795785 -0.8202861
-0.001927078 -0.5637243 -0.06530327 -0.8233752
-0.002363622 -0.5597077 -0.06275924 -0.8263069
-0.002779823 -0.5558614 -0.06033152 -0.8290781
-0.003174753 -0.5521962 -0.05802588 -0.8316864
-0.003547502 -0.5487232 -0.05584791 -0.8341291
-0.003897165 -0.5454533 -0.05380323 -0.8364035
-0.00422285 -0.5423968 -0.05189738 -0.8385073
-0.004523672 -0.5395648 -0.05013585 -0.8404379
-0.004798735 -0.5369676 -0.04852413 -0.8421925
-0.00504717 -0.5346155 -0.04706763 -0.8437685
-0.005268083 -0.5325191 -0.0457718 -0.8451631
-0.005460594 -0.5306883 -0.04464209 -0.846373
-0.005623812 -0.5291334 -0.04368392 -0.8473948
-0.005756834 -0.5278642 -0.04290274 -0.848225
-0.005858747 -0.5268907 -0.04230411 -0.8488594
-0.005928639 -0.5262224 -0.04189349 -0.8492937
-0.00596556 -0.5258693 -0.04167655 -0.8495228
-0.005971495 -0.5258124 -0.04164168 -0.8495597
-0.005958929 -0.5259824 -0.0416826 -0.8494526
-0.005921701 -0.5264858 -0.04180382 -0.849135
-0.005860509 -0.5273126 -0.042003 -0.8486123
-0.005776044 -0.528453 -0.04227785 -0.8478896
-0.005668982 -0.5298968 -0.04262605 -0.8469712
-0.005539994 -0.5316337 -0.04304532 -0.8458617
-0.005389743 -0.5336537 -0.04353337 -0.8445647
-0.005218888 -0.5359462 -0.04408789 -0.843084
-0.005028085 -0.5385008 -0.0447066 -0.8414232
-0.004817986 -0.5413069 -0.04538719 -0.8395854
-0.004589249 -0.5443539 -0.04612734 -0.8375739
-0.004342527 -0.547631 -0.04692474 -0.8353919
-0.004078479 -0.5511274 -0.04777703 -0.8330423
-0.003797768 -0.554832 -0.04868188 -0.8305281
-0.003501065 -0.5587341 -0.04963689 -0.8278527
-0.003189042 -0.5628223 -0.05063967 -0.8250191
-0.002862383 -0.5670856 -0.0516878 -0.8220305
-0.002521781 -0.5715126 -0.05277884 -0.8188903
-0.002167936 -0.5760921 -0.05391032 -0.8156022
-0.001801556 -0.5808126 -0.05507975 -0.8121698
-0.001423364 -0.5856628 -0.05628462 -0.808597
-0.001034091 -0.5906313 -0.05752238 -0.8048881
-0.0006344769 -0.5957065 -0.05879049 -0.8010474
-0.0002252729 -0.6008771 -0.06008636 -0.7970799
0.0001927566 -0.6061316 -0.0614074 -0.7929903
0.0006188407 -0.6114586 -0.06275101 -0.7887841
0.001052198 -0.6168467 -0.06411454 -0.7844669
0.001492039 -0.6222848 -0.06549539 -0.7800447
0.001937567 -0.6277616 -0.06689091 -0.7755238
0.002387973 -0.6332662 -0.06829847 -0.7709109
0.002842452 -0.6387874 -0.06971543 -0.7662129
0.003300183 -0.6443149 -0.07113916 -0.7614373
0.003760352 -0.6498378 -0.07256706 -0.7565916
0.004222131 -0.6553459 -0.07399652 -0.7516838
0.004684699 -0.6608289 -0.07542495 -0.7467224
0.005147237 -0.6662771 -0.07684981 -0.7417159
0.00560892 -0.6716808 -0.07826857 -0.7366732
0.00606893 -0.6770306 -0.07967874 -0.7316037
0.006526453 -0.6823174 -0.08107784 -0.7265169
0.006980681 -0.6875325 -0.0824635 -0.7214223
0.007430811 -0.6926674 -0.0838333 -0.71633
0.007876048 -0.697714 -0.08518495 -0.7112502
0.008315604 -0.7026642 -0.08651613 -0.7061932
0.008748706 -0.7075108 -0.08782463 -0.7011696
0.00917459 -0.7122464 -0.0891083 -0.6961901
0.009592497 -0.7168641 -0.09036499 -0.6912655
0.01000169 -0.7213576 -0.09159264 -0.6864066
0.01040143 -0.7257203 -0.09278924 -0.6816245
0.01079101 -0.7299465 -0.09395283 -0.6769302
0.01116972 -0.7340304 -0.09508149 -0.6723349
0.01153686 -0.7379665 -0.09617338 -0.6678495
0.01189176 -0.7417498 -0.09722666 -0.6634854
0.01223374 -0.7453752 -0.09823959 -0.6592535
0.01256215 -0.7488381 -0.09921043 -0.6551649
0.01287634 -0.7521337 -0.1001375 -0.6512308
0.01317567 -0.755258 -0.1010192 -0.647462
0.01345951 -0.7582062 -0.1018537 -0.6438696
0.01372724 -0.7609745 -0.1026397 -0.6404643
0.01397824 -0.7635586 -0.1033754 -0.637257
0.0142119 -0.7659543 -0.1040593 -0.6342584
0.01442762 -0.7681577 -0.1046898 -0.6314791
0.01462478 -0.7701643 -0.1052654 -0.6289294
0.01480277 -0.7719702 -0.1057844 -0.62662
0.014961 -0.7735708 -0.1062453 -0.624561
0.01509883 -0.7749616 -0.1066465 -0.6227625
0.01521566 -0.7761378 -0.1069863 -0.6212348
0.01531086 -0.7770944 -0.107263 -0.6199875
0.01538378 -0.7778261 -0.1074748 -0.6190308
0.01543378 -0.7783273 -0.10762 -0.618374
0.0154602 -0.7785919 -0.1076966 -0.6180268
0.01546444 -0.7786344 -0.107709 -0.617971
-0.01541592 0.7789333 0.1074856 0.6176344
-0.01527205 0.7798183 0.1068231 0.6166353
-0.01503507 0.7812718 0.1057317 0.6149871
-0.01470692 0.7832757 0.10422 0.6126999
-0.01428928 0.7858114 0.1022955 0.6097802
-0.01378358 0.7888598 0.09996422 0.6062321
-0.01319106 0.7924011 0.09723146 0.602057
-0.01251278 0.7964145 0.09410149 0.597254
-0.01174969 0.8008784 0.090578 0.5918204
-0.01090263 0.80577 0.08666416 0.5857518
-0.009972405 0.8110651 0.08236286 0.5790427
-0.008959797 0.8167381 0.0776768 0.571686
-0.007865625 0.8227617 0.07260884 0.5636748
-0.006690763 0.829107 0.06716204 0.5550011
-0.00543621 0.8357428 0.06133993 0.5456573
-0.004103117 0.8426362 0.05514673 0.5356364
-0.002692828 0.8497521 0.04858753 0.5249318
-0.001206943 0.8570532 0.04166854 0.5135388
0.0003526628 0.8645002 0.03439722 0.5014542
0.001983786 0.8720515 0.02678257 0.4886768
0.003683864 0.8796639 0.01883523 0.4752084
0.005449919 0.8872924 0.0105678 0.4610541
0.007278566 0.8948904 0.001994783 0.4462223
0.009165979 0.9024103 -0.006867186 0.4307256
0.01110785 0.9098039 -0.01599919 0.4145812
0.01309942 0.9170228 -0.02538012 0.3978109
0.01513547 0.924019 -0.0349866 0.3804417
0.01721036 0.9307455 -0.04479318 0.3625055
0.01931803 0.9371571 -0.0547723 0.3440399
0.02145205 0.9432108 -0.06489445 0.3250875
0.02360571 0.948867 -0.07512871 0.3056958
0.02577203 0.9540895 -0.08544263 0.2859173
0.02794388 0.9588466 -0.09580288 0.2658085
0.03011404 0.9631116 -0.1061754 0.2454301
0.03227527 0.9668633 -0.1165261 0.2248456
0.03442048 0.9700858 -0.1268209 0.2041209
0.0365427 0.9727697 -0.1370264 0.1833237
0.03863524 0.9749115 -0.1471104 0.1625224
0.04069179 0.9765137 -0.1570418 0.1417853
0.04270639 0.9775849 -0.1667915 0.1211798
0.04467361 0.9781392 -0.1763324 0.1007717
0.0465885 0.9781959 -0.1856398 0.08062433
0.04844666 0.9777791 -0.1946911 0.06079796
0.05024429 0.9769171 -0.2034667 0.0413495
0.05197814 0.9756418 -0.2119495 0.02233168
0.05364553 0.9739881 -0.2201249 0.003793196
0.05524434 0.971993 -0.2279812 -0.01422214
0.05677295 0.9696954 -0.2355089 -0.03167441
0.05823027 0.9671352 -0.2427009 -0.04852876
0.0596156 0.9643529 -0.2495523 -0.06475427
0.06092869 0.9613891 -0.25606 -0.08032454
0.06216961 0.9582839 -0.2622227 -0.09521683
0.06333874 0.9550766 -0.2680407 -0.1094121
0.0644367 0.9518058 -0.2735153 -0.1228945
0.06546427 0.9485084 -0.2786489 -0.1356507
0.06642246 0.9452199 -0.2834446 -0.1476704
0.06731229 0.9419743 -0.2879063 -0.1589446
0.06813488 0.9388039 -0.292038 -0.1694664
0.06889134 0.9357389 -0.2958438 -0.1792296
0.06958278 0.9328082 -0.2993277 -0.1882289
0.0702102 0.9300386 -0.3024937 -0.1964596
0.07077451 0.9274553 -0.3053452 -0.2039164
0.07127654 0.925082 -0.3078851 -0.210594
0.07171688 0.9229404 -0.3101153 -0.216486
0.07209596 0.921051 -0.3120373 -0.2215852
0.07241399 0.9194326 -0.3136511 -0.2258824
0.07267091 0.9181027 -0.3149557 -0.2293672
0.07286636 0.9170774 -0.3159487 -0.2320262
0.07299971 0.9163709 -0.3166265 -0.2338443
0.07306992 0.9159966 -0.3169836 -0.234803
0.0730812 0.9159364 -0.3170409 -0.234957
0.0730948 0.9158881 -0.3170111 -0.2351811
0.07313508 0.9157448 -0.3169226 -0.2358448
0.0732012 0.9155084 -0.3167769 -0.2369355
0.07329232 0.9151801 -0.3165751 -0.2384405
0.07340757 0.9147608 -0.3163182 -0.2403474
0.07354604 0.9142509 -0.3160071 -0.2426435
0.07370682 0.9136504 -0.3156425 -0.2453165
0.07388895 0.912959 -0.3152249 -0.2483537
0.07409149 0.9121763 -0.3147548 -0.2517428
0.07431346 0.9113012 -0.3142326 -0.2554711
0.07455386 0.910333 -0.3136588 -0.259526
0.0748117 0.9092705 -0.3130336 -0.2638947
0.07508595 0.9081124 -0.3123572 -0.2685645
0.07537558 0.9068576 -0.3116301 -0.2735224
0.07567953 0.9055048 -0.3108523 -0.2787552
0.07599679 0.9040529 -0.3100243 -0.2842498
0.07632626 0.9025005 -0.3091463 -0.2899927
0.07666689 0.9008468 -0.3082188 -0.2959704
0.07701763 0.8990909 -0.3072422 -0.3021691
0.07737739 0.8972321 -0.306217 -0.308575
0.07774512 0.8952699 -0.3051439 -0.315174
0.07811975 0.8932044 -0.3040236 -0.3219518
0.07850024 0.8910354 -0.3028569 -0.3288941
0.07888553 0.8887635 -0.3016448 -0.3359864
0.0792746 0.8863896 -0.3003884 -0.343214
0.07966644 0.8839147 -0.2990889 -0.3505622
0.08006003 0.8813405 -0.2977479 -0.3580162
0.0804544 0.878669 -0.2963666 -0.3655609
0.08084862 0.8759025 -0.294947 -0.3731817
0.08124174 0.8730441 -0.2934908 -0.3808635
0.08163286 0.870097 -0.2920001 -0.3885914
0.08202114 0.8670651 -0.2904771 -0.3963506
0.08240573 0.8639526 -0.2889242 -0.4041264
0.08278584 0.8607643 -0.2873438 -0.411904
0.08316074 0.8575055 -0.2857387 -0.4196689
0.08352971 0.8541818 -0.2841118 -0.4274071
0.08389206 0.8507994 -0.2824659 -0.4351041
0.0842472 0.8473648 -0.2808043 -0.4427463
0.08459453 0.8438851 -0.2791302 -0.45032
0.08493353 0.8403676 -0.277447 -0.457812
0.08526371 0.8368201 -0.2757584 -0.4652092
0.08558463 0.8332508 -0.2740677 -0.472499
0.08589591 0.8296681 -0.2723789 -0.4796691
0.08619718 0.8260809 -0.2706958 -0.4867076
0.08648816 0.8224981 -0.2690222 -0.4936029
0.08676859 0.818929 -0.2673621 -0.5003438
0.08703825 0.8153833 -0.2657197 -0.5069197
0.08729694 0.8118706 -0.2640988 -0.5133198
0.08754455 0.8084008 -0.2625037 -0.5195343
0.08778095 0.8049839 -0.2609385 -0.5255536
0.08800608 0.80163 -0.2594073 -0.5313682
0.0882199 0.7983493 -0.2579144 -0.5369691
0.08842237 0.795152 -0.2564638 -0.5423477
0.08861353 0.7920485 -0.2550599 -0.5474955
0.08879336 0.7890488 -0.2537066 -0.5524045
0.08896191 0.7861633 -0.2524082 -0.5570665
0.08911925 0.7834021 -0.2511687 -0.561474
0.08926542 0.7807755 -0.2499922 -0.5656193
0.08940046 0.7782934 -0.2488827 -0.569495
0.08952444 0.7759655 -0.2478442 -0.5730935
0.08963742 0.7738019 -0.2468807 -0.5764077
0.08973944 0.7718121 -0.245996 -0.5794298
0.08983051 0.7700056 -0.245194 -0.5821527
0.08991064 0.7683918 -0.2444784 -0.5845686
0.08997982 0.7669798 -0.243853 -0.5866697
0.090038 0.7657784 -0.2433215 -0.5884482
0.09008508 0.7647965 -0.2428873 -0.5898955
0.09012097 0.7640426 -0.2425542 -0.5910032
0.09014549 0.7635246 -0.2423254 -0.5917622
0.0901584 0.7632506 -0.2422045 -0.5921629
0.09016047 0.7632065 -0.242185 -0.5922273
0.08998993 0.7633944 -0.2424376 -0.591908
0.08948417 0.7639498 -0.2431858 -0.5909602
0.08865124 0.7648609 -0.2444165 -0.5893975
0.0874981 0.7661143 -0.2461169 -0.5872303
0.08603085 0.7676962 -0.2482749 -0.5844663
0.08425475 0.7695916 -0.2508786 -0.581111
0.08217444 0.7717845 -0.2539165 -0.5771677
0.079794 0.7742583 -0.2573771 -0.5726379
0.07711706 0.7769948 -0.261249 -0.5675218
0.07414696 0.7799754 -0.2655208 -0.5618179
0.07088686 0.7831797 -0.2701803 -0.5555243
0.06733985 0.7865867 -0.2752153 -0.5486377
0.0635091 0.7901737 -0.2806128 -0.5411549
0.05939799 0.7939171 -0.2863591 -0.5330723
0.05501023 0.7977918 -0.2924396 -0.5243865
0.05035001 0.8017716 -0.2988385 -0.5150949
0.0454221 0.8058289 -0.3055393 -0.5051954
0.04023205 0.8099351 -0.3125237 -0.4946874
0.03478623 0.8140603 -0.3197725 -0.4835715
0.02909202 0.8181739 -0.3272649 -0.4718505
0.02315786 0.8222443 -0.3349788 -0.4595294
0.01699343 0.8262396 -0.3428904 -0.4466157
0.01060967 0.8301273 -0.3509747 -0.4331199
0.004018805 0.8338751 -0.3592054 -0.4190557
-0.002765483 0.8374508 -0.3675548 -0.4044403
-0.009728164 0.8408231 -0.3759942 -0.3892946
-0.01685281 0.8439616 -0.3844939 -0.3736432
-0.02412173 0.8468375 -0.3930237 -0.3575148
-0.0315159 0.8494238 -0.4015527 -0.340942
-0.03901518 0.8516958 -0.41005 -0.3239613
-0.04659846 0.8536319 -0.4184851 -0.3066129
-0.0542438 0.8552129 -0.4268277 -0.2889405
-0.0619286 0.8564237 -0.4350484 -0.2709911
-0.06962988 0.8572525 -0.4431193 -0.2528146
-0.07732444 0.8576916 -0.4510137 -0.2344628
-0.08498924 0.8577373 -0.458707 -0.2159897
-0.09260149 0.8573901 -0.4661765 -0.1974506
-0.100139 0.8566546 -0.473402 -0.1789013
-0.1075802 0.8555394 -0.4803658 -0.1603979
-0.1149047 0.8540572 -0.4870528 -0.1419959
-0.1220932 0.8522239 -0.4934508 -0.1237496
-0.1291278 0.8500592 -0.4995503 -0.1057122
-0.1359919 0.8475853 -0.5053445 -0.0879343
-0.1426706 0.8448274 -0.5108293 -0.07046448
-0.1491505 0.8418127 -0.5160033 -0.05334834
-0.1554198 0.8385704 -0.5208672 -0.03662862
-0.1614684 0.8351308 -0.5254243 -0.02034458
-0.1672876 0.8315251 -0.5296794 -0.004532596
-0.1728703 0.8277855 -0.5336394 0.0107746
-0.1782108 0.8239439 -0.5373125 0.0255473
-0.1833047 0.8200325 -0.5407083 0.03975925
-0.1881486 0.8160828 -0.5438372 0.05338692
-0.1927405 0.8121259 -0.5467106 0.06640983
-0.1970789 0.808192 -0.5493402 0.07880978
-0.2011633 0.8043103 -0.5517384 0.09057102
-0.2049937 0.8005089 -0.5539172 0.10168
-0.2085705 0.796815 -0.5558889 0.1121244
-0.2118946 0.793254 -0.5576656 0.1218938
-0.2149669 0.7898504 -0.5592588 0.1309782
-0.2177885 0.7866275 -0.5606796 0.1393691
-0.2203604 0.7836071 -0.5619388 0.1470578
-0.2226832 0.7808102 -0.5630459 0.154036
-0.2247574 0.7782561 -0.5640098 0.160295
-0.2265831 0.7759633 -0.5648388 0.1658258
-0.2281595 0.7739493 -0.5655397 0.1706186
-0.2294855 0.7722303 -0.5661184 0.1746621
-0.230559 0.7708217 -0.5665796 0.1779441
-0.2313772 0.769738 -0.5669266 0.1804504
-0.2319361 0.7689926 -0.5671614 0.1821649
-0.2322306 0.768598 -0.5672844 0.1830693
-0.2322779 0.7685346 -0.5673041 0.1832146
0.2323615 -0.7686098 0.5671133 -0.1833841
0.232609 -0.7688322 0.5665474 -0.1838862
0.2330156 -0.7691968 0.5656163 -0.1847112
0.2335762 -0.7696978 0.5643291 -0.1858498
0.2342859 -0.7703291 0.5626941 -0.1872926
0.2351396 -0.7710844 0.5607192 -0.1890302
0.236132 -0.7719564 0.5584117 -0.1910533
0.2372579 -0.7729382 0.5557788 -0.1933525
0.2385121 -0.774022 0.5528271 -0.1959185
0.239889 -0.7752002 0.5495632 -0.1987417
0.2413832 -0.7764645 0.5459933 -0.2018128
0.2429891 -0.7778066 0.5421237 -0.2051222
0.2447011 -0.779218 0.5379606 -0.20866
0.2465135 -0.7806901 0.5335104 -0.2124165
0.2484203 -0.782214 0.5287794 -0.2163815
0.2504156 -0.783781 0.5237742 -0.220545
0.2524935 -0.7853819 0.5185015 -0.2248965
0.2546478 -0.787008 0.5129686 -0.2294255
0.2568724 -0.7886503 0.507183 -0.2341212
0.259161 -0.7902999 0.5011523 -0.2389726
0.2615075 -0.7919483 0.494885 -0.2439688
0.2639054 -0.7935866 0.4883898 -0.2490981
0.2663484 -0.7952065 0.4816759 -0.2543492
0.2688302 -0.7968 0.4747533 -0.2597105
0.2713442 -0.7983592 0.4676322 -0.2651699
0.2738844 -0.7998766 0.4603236 -0.2707158
0.2764443 -0.801345 0.4528391 -0.276336
0.2790177 -0.8027577 0.4451908 -0.2820184
0.2815984 -0.8041086 0.4373913 -0.2877509
0.2841804 -0.8053918 0.4294539 -0.2935214
0.2867578 -0.8066023 0.4213925 -0.2993178
0.2893247 -0.8077353 0.4132214 -0.305128
0.2918756 -0.8087867 0.4049554 -0.3109402
0.294405 -0.8097534 0.3966098 -0.3167425
0.2969077 -0.8106323 0.3882005 -0.3225234
0.2993787 -0.8114217 0.3797434 -0.3282716
0.3018133 -0.8121198 0.371255 -0.3339759
0.304207 -0.812726 0.3627521 -0.3396255
0.3065554 -0.8132403 0.3542516 -0.3452098
0.3088548 -0.8136631 0.3457706 -0.3507189
0.3111013 -0.8139957 0.3373265 -0.3561429
0.3132918 -0.81424 0.3289365 -0.3614725
0.3154229 -0.8143984 0.3206179 -0.3666985
0.3174919 -0.814474 0.3123882 -0.3718126
0.3194964 -0.8144704 0.3042645 -0.3768067
0.3214341 -0.8143916 0.2962639 -0.381673
0.323303 -0.8142422 0.2884033 -0.3864044
0.3251015 -0.8140274 0.2806996 -0.3909939
0.326828 -0.8137525 0.2731692 -0.3954352
0.3284814 -0.8134233 0.2658284 -0.3997223
0.3300607 -0.8130458 0.2586931 -0.4038496
0.3315649 -0.8126264 0.251779 -0.4078118
0.3329937 -0.8121716 0.2451016 -0.4116039
0.3343463 -0.8116881 0.2386759 -0.4152213
0.3356225 -0.8111829 0.2325168 -0.4186597
0.3368221 -0.8106625 0.2266387 -0.4219148
0.3379448 -0.8101341 0.2210559 -0.4249827
0.3389906 -0.8096046 0.2157824 -0.4278596
0.3399594 -0.8090807 0.2108319 -0.4305417
0.3408509 -0.8085691 0.2062179 -0.4330253
0.3416653 -0.8080764 0.2019538 -0.4353068
0.3424022 -0.807609 0.198053 -0.4373825
0.3430614 -0.8071731 0.1945283 -0.4392485
0.3436426 -0.8067744 0.191393 -0.4409009
0.3441451 -0.8064186 0.18866 -0.4423355
0.3445683 -0.8061107 0.1863423 -0.4435479
0.3449113 -0.8058557 0.184453 -0.4445333
0.345173 -0.8056578 0.1830053 -0.4452867
0.3453518 -0.8055208 0.1820124 -0.4458025
0.3454461 -0.805448 0.1814879 -0.4460747
0.3454612 -0.8054363 0.1814036 -0.4461185
-0.3454518 0.8053616 -0.1814016 0.4462614
-0.3454238 0.8051402 -0.1813959 0.4466847
-0.3453777 0.804776 -0.1813864 0.44738
-0.3453137 0.8042726 -0.181373 0.448339
-0.3452321 0.8036334 -0.1813559 0.4495535
-0.3451328 0.8028616 -0.1813347 0.4510149
-0.3450161 0.8019602 -0.1813095 0.4527147
-0.3448819 0.8009322 -0.18128 0.4546446
-0.3447302 0.7997804 -0.181246 0.4567958
-0.3445609 0.7985075 -0.1812074 0.4591597
-0.3443738 0.797116 -0.1811639 0.4617278
-0.3441688 0.7956086 -0.1811152 0.4644912
-0.3439459 0.7939879 -0.1810612 0.4674413
-0.3437048 0.7922564 -0.1810016 0.4705691
-0.3434454 0.7904166 -0.1809361 0.473866
-0.3431675 0.7884712 -0.1808645 0.4773229
-0.342871 0.786423 -0.1807865 0.480931
-0.3425558 0.7842745 -0.180702 0.4846813
-0.3422217 0.7820285 -0.1806106 0.4885648
-0.3418688 0.7796881 -0.1805122 0.4925725
-0.341497 0.7772561 -0.1804066 0.4966953
-0.3411064 0.7747357 -0.1802936 0.5009243
-0.3406969 0.7721304 -0.1801732 0.5052503
-0.3402688 0.7694435 -0.1800451 0.5096644
-0.3398221 0.7666783 -0.1799093 0.5141574
-0.3393573 0.7638391 -0.1797658 0.5187203
-0.3388746 0.7609293 -0.1796145 0.5233443
-0.3383743 0.7579533 -0.1794554 0.5280203
-0.3378569 0.7549152 -0.1792887 0.5327394
-0.3373229 0.7518197 -0.1791143 0.5374928
-0.336773 0.7486712 -0.1789324 0.5422717
-0.3362079 0.7454746 -0.1787433 0.5470675
-0.3356281 0.7422349 -0.178547 0.5518714
-0.3350347 0.7389575 -0.1783438 0.5566751
-0.3344284 0.7356474 -0.1781341 0.5614701
-0.3338104 0.7323106 -0.1779182 0.5662482
-0.3331817 0.7289525 -0.1776964 0.5710011
-0.3325433 0.7255791 -0.1774692 0.575721
-0.3318966 0.7221964 -0.177237 0.5803999
-0.3312429 0.7188107 -0.1770003 0.5850301
-0.3305834 0.7154283 -0.1767597 0.5896042
-0.3299196 0.7120557 -0.1765157 0.5941145
-0.329253 0.7086995 -0.1762689 0.598554
-0.3285852 0.7053663 -0.17602 0.6029155
-0.3279179 0.7020631 -0.1757696 0.6071922
-0.3272525 0.6987968 -0.1755185 0.6113772
-0.326591 0.6955743 -0.1752673 0.6154641
-0.325935 0.6924028 -0.1750169 0.6194464
-0.3252864 0.6892895 -0.174768 0.6233177
-0.324647 0.6862414 -0.1745215 0.6270722
-0.3240187 0.6832657 -0.174278 0.6307036
-0.3234033 0.68037 -0.1740386 0.6342062
-0.3228029 0.6775613 -0.173804 0.6375744
-0.3222195 0.6748471 -0.1735752 0.6408024
-0.3216548 0.6722346 -0.1733529 0.6438849
-0.3211109 0.6697311 -0.1731381 0.6468163
-0.3205899 0.667344 -0.1729316 0.6495913
-0.3200936 0.6650804 -0.1727345 0.6522047
-0.3196241 0.6629477 -0.1725473 0.6546512
-0.3191833 0.6609531 -0.1723713 0.6569256
-0.3187731 0.6591037 -0.172207 0.6590227
-0.3183955 0.6574066 -0.1720555 0.6609371
-0.3180524 0.6558688 -0.1719176 0.6626637
-0.3177456 0.6544974 -0.1717941 0.6641971
-0.3174769 0.6532992 -0.1716858 0.6655318
-0.3172482 0.6522811 -0.1715934 0.6666623
-0.3170611 0.6514499 -0.1715178 0.6675829
-0.3169175 0.650812 -0.1714597 0.6682878
-0.3168187 0.6503742 -0.1714198 0.668771
-0.3167665 0.6501427 -0.1713986 0.6690262
-0.3167581 0.6501055 -0.1713952 0.6690672
-0.3166134 0.6505295 -0.1713404 0.6687375
-0.3161836 0.651786 -0.1711776 0.6677583
-0.3154733 0.653853 -0.1709083 0.6661405
-0.3144852 0.6567094 -0.170533 0.6638904
-0.3132197 0.6603349 -0.1700512 0.6610096
-0.3116756 0.6647102 -0.1694618 0.6574963
-0.3098498 0.669816 -0.1687627 0.6533443
-0.3077379 0.6756329 -0.1679511 0.6485445
-0.3053338 0.6821411 -0.1670235 0.6430847
-0.3026304 0.68932 -0.1659759 0.6369497
-0.2996191 0.6971477 -0.1648035 0.6301217
-0.2962906 0.7056004 -0.1635011 0.6225811
-0.2926347 0.7146525 -0.1620629 0.6143064
-0.2886403 0.7242754 -0.1604829 0.6052746
-0.284296 0.7344373 -0.1587546 0.5954617
-0.2795902 0.7451031 -0.1568713 0.5848437
-0.2745112 0.7562335 -0.1548263 0.5733963
-0.2690479 0.7677846 -0.1526127 0.5610967
-0.2631894 0.7797079 -0.1502239 0.547923
-0.2569264 0.7919498 -0.1476537 0.5338565
-0.2502507 0.8044514 -0.1448962 0.5188813
-0.2431561 0.8171483 -0.1419466 0.5029861
-0.2356388 0.8299714 -0.1388006 0.486165
-0.2276978 0.8428464 -0.1354555 0.4684182
-0.2193356 0.8556947 -0.1319097 0.4497536
-0.2105581 0.8684345 -0.1281636 0.4301871
-0.2013756 0.880981 -0.1242191 0.4097439
-0.1918028 0.8932481 -0.1200803 0.3884587
-0.181859 0.9051499 -0.1157538 0.3663768
-0.1715685 0.9166018 -0.1112482 0.3435537
-0.1609602 0.9275227 -0.1065746 0.3200553
-0.1500677 0.9378361 -0.1017465 0.2959575
-0.1389289 0.9474726 -0.09677949 0.2713452
-0.1275855 0.9563709 -0.09169141 0.2463114
-0.1160826 0.9644795 -0.08650193 0.2209561
-0.1044674 0.9717578 -0.08123212 0.1953836
-0.09278911 0.9781768 -0.07590432 0.169702
-0.08109745 0.9837201 -0.07054166 0.1440207
-0.06944213 0.9883831 -0.06516749 0.1184479
-0.05787182 0.9921737 -0.05980518 0.09308968
-0.04643337 0.9951109 -0.05447756 0.06804749
-0.03517115 0.9972245 -0.04920664 0.04341715
-0.02412639 0.9985533 -0.04401321 0.01928706
-0.01333668 0.9991444 -0.03891663 -0.004262106
-0.002835682 0.999051 -0.03393463 -0.02715881
0.00734695 0.9983315 -0.02908315 -0.0493404
0.01718589 0.9970478 -0.02437625 -0.0707536
0.0266596 0.9952642 -0.01982618 -0.09135371
0.03575076 0.9930454 -0.01544331 -0.111105
0.0444455 0.9904563 -0.01123632 -0.1299795
0.05273349 0.9875606 -0.007212169 -0.1479568
0.06060729 0.9844201 -0.003376429 -0.1650226
0.06806213 0.981094 0.0002667175 -0.1811686
0.07509548 0.9776387 0.003714232 -0.196391
0.08170659 0.9741074 0.006964023 -0.2106902
0.08789632 0.9705497 0.01001489 -0.2240696
0.09366646 0.9670121 0.01286615 -0.2365347
0.09901979 0.9635373 0.01551775 -0.248093
0.1039594 0.960165 0.0179698 -0.2587523
0.1084885 0.9569314 0.02022272 -0.2685211
0.1126103 0.9538699 0.02227693 -0.2774075
0.1163276 0.9510109 0.02413271 -0.2854185
0.1196426 0.9483824 0.02579026 -0.29256
0.1225568 0.9460098 0.02724938 -0.2988358
0.1250705 0.9439163 0.02850952 -0.3042477
0.1271829 0.9421232 0.02956959 -0.3087944
0.1288919 0.9406499 0.03042792 -0.312472
0.1301934 0.9395142 0.0310821 -0.3152724
0.1310821 0.9387318 0.03152901 -0.3171844
0.1315504 0.9383174 0.03176454 -0.3181917
0.1316256 0.9382508 0.03180236 -0.3183534
-0.131637 -0.9382561 -0.03170909 0.3183421
-0.1316707 -0.9382721 -0.03143283 0.3183086
-0.1317261 -0.9382981 -0.03097889 0.3182534
-0.1318026 -0.9383337 -0.03035256 0.3181773
-0.1318993 -0.9383782 -0.02955911 0.3180805
-0.1320157 -0.938431 -0.02860381 0.3179638
-0.1321509 -0.9384913 -0.02749191 0.3178276
-0.1323044 -0.9385584 -0.02622867 0.3176724
-0.1324754 -0.9386314 -0.02481933 0.3174986
-0.1326631 -0.9387095 -0.02326914 0.3173067
-0.1328669 -0.9387918 -0.02158333 0.3170972
-0.133086 -0.9388773 -0.01976716 0.3168703
-0.1333197 -0.9389652 -0.01782589 0.3166267
-0.1335672 -0.9390545 -0.01576476 0.3163667
-0.1338279 -0.9391444 -0.01358906 0.3160907
-0.1341009 -0.9392337 -0.01130405 0.3157993
-0.1343855 -0.9393218 -0.008915035 0.3154927
-0.1346811 -0.9394076 -0.006427318 0.3151715
-0.1349869 -0.9394903 -0.003846215 0.3148361
-0.1353021 -0.939569 -0.001177059 0.3144871
-0.135626 -0.9396429 0.001574816 0.3141248
-0.1359579 -0.9397112 0.004404025 0.3137497
-0.1362972 -0.9397733 0.007305205 0.3133624
-0.136643 -0.9398283 0.01027297 0.3129634
-0.1369946 -0.9398755 0.01330191 0.3125533
-0.1373514 -0.9399146 0.01638659 0.3121324
-0.1377127 -0.9399448 0.01952159 0.3117017
-0.1380777 -0.9399657 0.02270148 0.3112614
-0.1384458 -0.9399769 0.02592079 0.3108124
-0.1388163 -0.939978 0.02917404 0.3103552
-0.1391886 -0.9399686 0.03245579 0.3098904
-0.1395619 -0.9399487 0.03576055 0.309419
-0.1399357 -0.939918 0.03908285 0.3089415
-0.1403093 -0.9398763 0.04241717 0.3084586
-0.140682 -0.9398237 0.04575804 0.3079711
-0.1410534 -0.9397603 0.0491 0.3074798
-0.1414226 -0.9396861 0.05243755 0.3069856
-0.1417892 -0.9396012 0.05576522 0.3064892
-0.1421526 -0.9395061 0.05907752 0.3059915
-0.1425122 -0.939401 0.06236902 0.3054934
-0.1428673 -0.9392862 0.06563425 0.3049958
-0.1432176 -0.9391624 0.06886777 0.3044996
-0.1435624 -0.9390299 0.07206416 0.3040057
-0.1439012 -0.9388894 0.075218 0.3035151
-0.1442335 -0.9387416 0.07832392 0.3030288
-0.1445587 -0.938587 0.08137649 0.3025478
-0.1448764 -0.9384266 0.08437041 0.302073
-0.1451861 -0.938261 0.08730028 0.3016056
-0.1454873 -0.9380913 0.09016083 0.3011464
-0.1457795 -0.9379183 0.09294672 0.3006968
-0.1460623 -0.9377429 0.09565269 0.3002575
-0.1463352 -0.9375663 0.09827346 0.2998298
-0.1465977 -0.9373893 0.1008038 0.2994147
-0.1468495 -0.9372129 0.1032384 0.2990133
-0.14709 -0.9370385 0.1055721 0.2986268
-0.1473189 -0.936867 0.1077998 0.298256
-0.1475357 -0.9366995 0.1099162 0.2979023
-0.1477399 -0.9365371 0.1119161 0.2975667
-0.1479313 -0.936381 0.1137944 0.2972504
-0.1481092 -0.9362323 0.1155459 0.2969542
-0.1482734 -0.9360921 0.1171656 0.2966796
-0.1484234 -0.9359615 0.1186481 0.2964274
-0.1485587 -0.9358416 0.1199885 0.2961987
-0.1486789 -0.9357333 0.1211814 0.2959947
-0.1487835 -0.9356377 0.1222219 0.2958164
-0.1488722 -0.9355558 0.1231047 0.2956648
-0.1489445 -0.9354884 0.1238246 0.295541
-0.1489998 -0.9354364 0.1243764 0.295446
-0.1490377 -0.9354005 0.1247549 0.2953808
-0.1490578 -0.9353815 0.124955 0.2953463
-0.149061 -0.9353785 0.1249871 0.2953407
0.1491451 0.9355331 -0.1247333 -0.2949156
0.1493942 0.9359901 -0.1239803 -0.2936543
0.1498037 0.9367378 -0.1227394 -0.2915752
0.1503692 0.937763 -0.1210199 -0.2886934
0.151086 0.9390506 -0.1188293 -0.2850205
0.1519499 0.9405838 -0.1161737 -0.2805656
0.1529562 0.9423444 -0.1130579 -0.2753353
0.1541004 0.944312 -0.1094854 -0.2693341
0.1553778 0.946465 -0.1054589 -0.2625649
0.1567835 0.9487792 -0.1009806 -0.2550291
0.1583122 0.9512292 -0.09605183 -0.2467272
0.1599586 0.953787 -0.09067404 -0.2376591
0.1617165 0.9564227 -0.08484851 -0.2278245
0.1635798 0.9591045 -0.07857681 -0.2172234
0.1655414 0.9617979 -0.07186103 -0.2058566
0.167594 0.9644667 -0.06470404 -0.1937258
0.1697294 0.9670725 -0.05710976 -0.1808347
0.1719388 0.969575 -0.04908353 -0.1671889
0.174213 0.9719321 -0.04063227 -0.1527969
0.1765417 0.9741001 -0.03176488 -0.1376703
0.178914 0.9760342 -0.02249241 -0.1218244
0.1813185 0.9776888 -0.01282852 -0.1052789
0.183743 0.9790182 -0.002789415 -0.08805785
0.1861749 0.9799767 0.007605771 -0.07019043
0.1886008 0.9805201 0.0183348 -0.0517113
0.1910073 0.9806053 0.02937233 -0.0326605
0.1933806 0.9801924 0.04068996 -0.01308376
0.1957071 0.9792444 0.0522562 0.006967721
0.197973 0.9777286 0.06403659 0.02743731
0.2001651 0.9756175 0.07599401 0.04826317
0.2022708 0.9728892 0.0880891 0.0693792
0.2042783 0.9695283 0.1002804 0.09071521
0.2061766 0.9655262 0.1125252 0.1121981
0.2079562 0.9608822 0.1247798 0.1337522
0.2096087 0.9556028 0.137 0.1553012
0.2111274 0.9497024 0.1491423 0.1767685
0.2125071 0.9432031 0.1611639 0.1980782
0.2137444 0.9361339 0.1730234 0.2191566
0.2148377 0.9285309 0.1846818 0.2399331
0.2157868 0.9204361 0.1961024 0.2603408
0.2165936 0.9118969 0.2072516 0.2803177
0.217261 0.9029653 0.2180991 0.299807
0.2177939 0.8936964 0.228618 0.3187577
0.2181979 0.8841481 0.2387854 0.3371251
0.2184802 0.87438 0.2485818 0.3548706
0.2186487 0.8644522 0.2579913 0.3719619
0.218712 0.8544247 0.267002 0.3883728
0.2186794 0.8443568 0.2756048 0.4040828
0.2185604 0.8343061 0.283794 0.4190772
0.2183649 0.8243282 0.2915664 0.433346
0.2181028 0.8144765 0.2989217 0.4468836
0.217784 0.8048013 0.3058614 0.4596887
0.2174181 0.7953504 0.3123889 0.471763
0.2170145 0.7861682 0.318509 0.4831111
0.2165825 0.7772963 0.3242278 0.4937398
0.2161307 0.7687731 0.329552 0.5036576
0.2156674 0.7606346 0.334489 0.5128741
0.2152006 0.7529137 0.3390463 0.5213995
0.2147375 0.7456408 0.3432316 0.5292444
0.2142853 0.7388445 0.3470522 0.5364191
0.2138501 0.732551 0.3505149 0.5429331
0.2134382 0.7267852 0.353626 0.548795
0.213055 0.7215701 0.3563908 0.5540124
0.2127056 0.7169279 0.3588137 0.5585906
0.2123947 0.7128795 0.3608979 0.5625336
0.2121265 0.7094455 0.3626453 0.5658426
0.2119049 0.7066459 0.364056 0.5685166
0.2117333 0.7045006 0.3651288 0.5705513
0.2116147 0.7030293 0.3658605 0.5719398
0.2115518 0.702252 0.3662457 0.5726709
0.2115417 0.7021271 0.3663076 0.5727884
-0.2114056 -0.7024873 -0.3662537 -0.5724313
-0.2110018 -0.7035545 -0.3660933 -0.5713712
-0.2103355 -0.7053086 -0.3658272 -0.5696222
-0.2094106 -0.7077295 -0.3654547 -0.5671939
-0.2082296 -0.7107978 -0.3649738 -0.564093
-0.2067938 -0.7144936 -0.3643815 -0.5603225
-0.2051034 -0.7187967 -0.3636734 -0.5558828
-0.2031576 -0.7236863 -0.3628441 -0.5507715
-0.2009549 -0.7291412 -0.3618873 -0.5449843
-0.198493 -0.7351388 -0.3607958 -0.5385146
-0.1957691 -0.7416553 -0.3595613 -0.5313545
-0.1927797 -0.7486655 -0.3581748 -0.5234948
-0.1895212 -0.7561421 -0.3566268 -0.5149254
-0.1859899 -0.7640558 -0.3549068 -0.5056358
-0.1821819 -0.772375 -0.353004 -0.4956155
-0.1780937 -0.7810653 -0.3509072 -0.4848543
-0.1737219 -0.7900897 -0.3486049 -0.473343
-0.1690639 -0.799408 -0.3460854 -0.4610741
-0.1641178 -0.8089769 -0.3433371 -0.4480417
-0.1588826 -0.8187504 -0.3403488 -0.4342428
-0.1533587 -0.8286789 -0.3371099 -0.4196776
-0.1475479 -0.8387102 -0.3336102 -0.40435
-0.1414536 -0.8487893 -0.3298409 -0.3882686
-0.1350811 -0.8588589 -0.3257944 -0.3714465
-0.1284379 -0.8688595 -0.3214648 -0.3539028
-0.1215335 -0.8787307 -0.3168481 -0.3356624
-0.11438 -0.8884112 -0.3119425 -0.3167563
-0.106992 -0.8978402 -0.3067486 -0.2972222
-0.09938621 -0.9069576 -0.3012697 -0.2771044
-0.09158222 -0.9157056 -0.2955121 -0.2564539
-0.08360172 -0.9240293 -0.289485 -0.2353276
-0.07546864 -0.9318778 -0.2832008 -0.2137887
-0.06720889 -0.9392052 -0.2766747 -0.1919053
-0.05885004 -0.9459714 -0.2699249 -0.1697505
-0.05042099 -0.952143 -0.2629727 -0.1474005
-0.04195149 -0.9576934 -0.2558415 -0.1249343
-0.03347192 -0.9626041 -0.248557 -0.1024324
-0.02501266 -0.9668642 -0.2411471 -0.07997552
-0.01660381 -0.9704708 -0.2336407 -0.05764381
-0.008274634 -0.9734288 -0.2260679 -0.03551509
-5.327981E-05 -0.9757504 -0.2184592 -0.01366464
0.008033521 -0.977455 -0.2108455 0.007836247
0.01596091 -0.9785681 -0.203257 0.02892104
0.02370589 -0.9791207 -0.1957234 0.0495282
0.0312478 -0.9791488 -0.1882731 0.069602
0.03856802 -0.9786921 -0.1809335 0.0890924
0.04565036 -0.9777932 -0.1737301 0.1079559
0.0524808 -0.976497 -0.1666868 0.1261544
0.05904756 -0.9748498 -0.1598257 0.1436559
0.06534091 -0.9728985 -0.1531669 0.1604337
0.07135304 -0.97069 -0.1467284 0.1764667
0.07707793 -0.9682705 -0.1405268 0.1917382
0.08251113 -0.9656853 -0.1345764 0.2062354
0.08764946 -0.9629782 -0.1288903 0.2199496
0.09249099 -0.9601914 -0.1234798 0.2328748
0.09703472 -0.9573649 -0.1183548 0.245008
0.1012803 -0.9545367 -0.1135243 0.2563476
0.105228 -0.9517429 -0.1089958 0.266894
0.1088785 -0.9490169 -0.1047765 0.2766481
0.1122324 -0.9463903 -0.1008727 0.2856116
0.1152905 -0.9438922 -0.09729 0.293786
0.1180534 -0.94155 -0.09403414 0.3011723
0.1205212 -0.9393885 -0.09111041 0.3077709
0.1226938 -0.937431 -0.08852429 0.3135807
0.1245702 -0.9356989 -0.08628144 0.318599
0.1261488 -0.9342117 -0.08438784 0.3228214
0.127427 -0.9329873 -0.08285001 0.3262406
0.1284012 -0.9320419 -0.08167515 0.3288468
0.1290668 -0.9313899 -0.08087116 0.3306275
0.1294176 -0.9310443 -0.08044699 0.3315659
0.1294739 -0.9309886 -0.08037884 0.3317166
-0.129186 0.9309834 0.0803313 -0.3318551
-0.1283328 0.9309673 0.08019035 -0.3322652
-0.1269297 0.9309389 0.07995843 -0.3329388
-0.1249913 0.930896 0.0796378 -0.3338678
-0.1225317 0.9308352 0.07923054 -0.3350439
-0.1195645 0.9307525 0.07873864 -0.3364587
-0.1161028 0.930643 0.07816397 -0.3381039
-0.1121596 0.9305013 0.07750827 -0.3399706
-0.1077477 0.9303215 0.07677324 -0.3420502
-0.1028794 0.9300968 0.07596056 -0.3443338
-0.09756745 0.9298205 0.07507182 -0.3468123
-0.09182443 0.9294851 0.07410863 -0.3494764
-0.08566308 0.929083 0.07307259 -0.3523166
-0.07909644 0.9286066 0.07196536 -0.3553233
-0.0721378 0.9280477 0.0707886 -0.3584866
-0.06480084 0.9273984 0.06954405 -0.3617963
-0.05709971 0.9266509 0.06823354 -0.3652424
-0.04904907 0.9257971 0.06685895 -0.3688142
-0.04066411 0.9248294 0.0654223 -0.372501
-0.03196063 0.9237404 0.06392571 -0.376292
-0.02295505 0.9225232 0.06237142 -0.3801762
-0.01366453 0.9211709 0.06076182 -0.3841423
-0.004106821 0.9196778 0.05909944 -0.3881793
0.005699657 0.9180382 0.05738697 -0.3922757
0.01573569 0.9162474 0.05562724 -0.39642
0.02598153 0.9143013 0.05382324 -0.4006011
0.03641669 0.9121968 0.05197812 -0.4048074
0.04702025 0.9099317 0.05009519 -0.4090279
0.05777062 0.9075047 0.04817788 -0.4132515
0.06864573 0.9049154 0.04622982 -0.4174671
0.07962318 0.9021646 0.0442547 -0.4216642
0.09068019 0.8992543 0.04225641 -0.4258326
0.1017938 0.8961872 0.04023888 -0.429962
0.1129407 0.8929677 0.0382062 -0.4340431
0.1240976 0.8896009 0.03616251 -0.4380666
0.1352416 0.8860931 0.034112 -0.442024
0.1463493 0.8824517 0.03205895 -0.4459069
0.157398 0.8786854 0.03000764 -0.449708
0.1683651 0.8748037 0.02796237 -0.4534203
0.1792284 0.8708168 0.02592745 -0.4570372
0.1899664 0.8667364 0.02390714 -0.4605533
0.2005579 0.8625746 0.0219057 -0.4639631
0.2109824 0.8583444 0.01992729 -0.4672624
0.2212201 0.8540596 0.01797603 -0.4704473
0.2312521 0.8497345 0.01605596 -0.4735145
0.2410601 0.8453838 0.01417102 -0.4764614
0.2506266 0.8410229 0.01232502 -0.4792859
0.2599348 0.8366674 0.01052172 -0.4819866
0.2689691 0.832333 0.008764703 -0.4845623
0.2777142 0.8280361 0.007057488 -0.4870126
0.2861559 0.8237928 0.005403423 -0.4893374
0.2942807 0.8196193 0.003805778 -0.491537
0.3020758 0.8155319 0.002267664 -0.493612
0.3095291 0.8115467 0.0007921199 -0.4955633
0.3166289 0.8076799 -0.0006179375 -0.4973921
0.3233643 0.8039472 -0.001959714 -0.4990998
0.3297247 0.8003643 -0.003230468 -0.5006877
0.3356999 0.7969465 -0.004427558 -0.5021575
0.34128 0.7937091 -0.005548396 -0.5035108
0.3464555 0.7906666 -0.00659047 -0.5047489
0.3512166 0.7878336 -0.007551303 -0.5058736
0.3555539 0.7852243 -0.008428411 -0.5068859
0.3594577 0.7828521 -0.009219364 -0.5077872
0.3629183 0.7807305 -0.009921704 -0.5085781
0.3659257 0.7788725 -0.01053296 -0.5092593
0.3684693 0.7772905 -0.01105062 -0.5098311
0.3705381 0.7759966 -0.01147212 -0.5102932
0.3721206 0.7750027 -0.01179479 -0.5106447
0.3732045 0.7743196 -0.01201596 -0.5108846
0.3737767 0.7739584 -0.01213275 -0.5110109
0.3738686 0.7739003 -0.01215152 -0.5110312
-0.3736783 -0.7739323 0.01230043 0.5111185
-0.3731144 -0.7740267 0.01274157 0.5113767
-0.3721868 -0.7741808 0.01346671 0.5118004
-0.3709053 -0.7743917 0.01446778 0.5123842
-0.369279 -0.7746556 0.01573683 0.513122
-0.3673168 -0.7749686 0.01726604 0.5140077
-0.3650272 -0.7753264 0.01904767 0.5150353
-0.3624186 -0.7757244 0.02107404 0.516198
-0.359499 -0.7761576 0.02333749 0.5174894
-0.3562765 -0.7766208 0.0258304 0.5189027
-0.3527589 -0.7771088 0.02854508 0.5204309
-0.3489542 -0.7776159 0.03147383 0.5220669
-0.3448703 -0.7781364 0.03460889 0.5238038
-0.3405152 -0.7786648 0.03794239 0.525634
-0.3358968 -0.7791948 0.04146635 0.5275503
-0.3310237 -0.779721 0.04517269 0.5295452
-0.325904 -0.7802371 0.04905316 0.5316111
-0.3205466 -0.7807376 0.05309936 0.5337408
-0.3149605 -0.7812166 0.05730275 0.5359263
-0.3091548 -0.7816684 0.06165458 0.5381603
-0.3031392 -0.7820877 0.06614596 0.5404351
-0.2969236 -0.7824691 0.07076778 0.5427433
-0.2905184 -0.7828076 0.07551076 0.5450775
-0.2839341 -0.7830983 0.0803655 0.5474303
-0.2771819 -0.7833368 0.08532235 0.5497944
-0.2702731 -0.7835189 0.09037151 0.5521627
-0.2632197 -0.7836407 0.0955031 0.5545285
-0.2560339 -0.7836989 0.1007071 0.5568849
-0.2487281 -0.7836905 0.1059732 0.5592255
-0.2413154 -0.783613 0.1112913 0.5615442
-0.2338091 -0.7834643 0.1166511 0.5638347
-0.2262226 -0.7832428 0.1220421 0.5660917
-0.21857 -0.7829474 0.127454 0.5683098
-0.2108653 -0.7825778 0.1328763 0.5704839
-0.2031228 -0.7821336 0.1382988 0.5726095
-0.1953571 -0.7816156 0.1437111 0.5746823
-0.1875829 -0.7810248 0.1491031 0.5766985
-0.179815 -0.7803628 0.1544646 0.5786545
-0.1720682 -0.7796318 0.1597858 0.5805475
-0.1643574 -0.7788342 0.1650567 0.5823747
-0.1566974 -0.7779733 0.1702679 0.5841339
-0.1491033 -0.7770527 0.1754099 0.5858232
-0.1415896 -0.7760764 0.1804736 0.5874411
-0.1341711 -0.775049 0.18545 0.5889869
-0.1268623 -0.7739752 0.1903305 0.5904597
-0.1196774 -0.7728605 0.1951066 0.5918592
-0.1126307 -0.7717106 0.1997703 0.5931855
-0.105736 -0.7705311 0.2043135 0.594439
-0.09900713 -0.7693285 0.2087288 0.5956203
-0.0924574 -0.7681092 0.2130087 0.5967305
-0.08610002 -0.7668799 0.2171463 0.5977706
-0.07994793 -0.7656472 0.2211346 0.5987421
-0.07401382 -0.7644185 0.2249672 0.5996467
-0.06831006 -0.7632006 0.2286375 0.6004861
-0.06284889 -0.7620006 0.2321394 0.6012623
-0.05764217 -0.7608259 0.235467 0.6019772
-0.0527017 -0.7596836 0.2386143 0.6026331
-0.04803893 -0.7585808 0.2415757 0.6032319
-0.0436653 -0.7575245 0.2443455 0.6037758
-0.03959198 -0.7565219 0.2469183 0.6042669
-0.03583007 -0.7555797 0.2492884 0.6047072
-0.03239065 -0.7547047 0.2514504 0.6050987
-0.02928459 -0.7539032 0.2533989 0.6054431
-0.02652295 -0.7531818 0.255128 0.6057422
-0.02411662 -0.7525463 0.2566321 0.605997
-0.0220767 -0.7520026 0.2579054 0.6062091
-0.02041429 -0.7515562 0.2589419 0.6063792
-0.01914077 -0.7512121 0.2597351 0.6065078
-0.01826745 -0.7509751 0.2602787 0.6065951
-0.01780612 -0.7508497 0.2605657 0.6066411
-0.01773197 -0.7508295 0.2606119 0.6066483
0.01783912 0.7507309 -0.2609782 -0.6066097
0.01815663 0.750438 -0.2620636 -0.6064947
0.01867889 0.7499541 -0.2638484 -0.6063036
0.01940054 0.7492807 -0.2663133 -0.6060358
0.02031647 0.7484181 -0.2694398 -0.6056896
0.02142179 0.7473654 -0.2732098 -0.6052623
0.02271176 0.7461206 -0.2776052 -0.6047509
0.02418173 0.7446807 -0.2826084 -0.6041509
0.02582716 0.7430421 -0.2882019 -0.6034577
0.02764351 0.7411999 -0.2943676 -0.6026661
0.02962621 0.7391492 -0.3010876 -0.60177
0.03177063 0.7368842 -0.3083436 -0.6007634
0.03407204 0.734399 -0.3161165 -0.5996395
0.03652554 0.7316874 -0.3243869 -0.5983917
0.03912606 0.7287429 -0.3331346 -0.5970129
0.04186828 0.7255592 -0.3423383 -0.5954959
0.04474662 0.7221301 -0.3519762 -0.5938339
0.0477552 0.7184497 -0.362025 -0.5920198
0.05088783 0.7145123 -0.3724608 -0.590047
0.05413796 0.7103134 -0.3832584 -0.587909
0.05749872 0.7058485 -0.3943913 -0.5856
0.06096279 0.7011144 -0.4058322 -0.5831144
0.06452255 0.6961087 -0.4175524 -0.5804479
0.06816998 0.6908302 -0.4295222 -0.577596
0.07189669 0.6852792 -0.441711 -0.5745561
0.07569396 0.679457 -0.4540873 -0.571326
0.07955273 0.6733667 -0.4666188 -0.5679045
0.08346371 0.6670128 -0.4792726 -0.5642921
0.08741732 0.6604015 -0.4920153 -0.56049
0.09140378 0.653541 -0.5048132 -0.5565009
0.0954132 0.6464407 -0.5176327 -0.5523289
0.0994356 0.6391124 -0.53044 -0.5479794
0.103461 0.6315689 -0.5432023 -0.5434592
0.1074793 0.6238254 -0.5558867 -0.5387765
0.1114808 0.6158984 -0.5684615 -0.5339408
0.1154557 0.6078059 -0.5808961 -0.5289629
0.1193947 0.5995674 -0.593161 -0.5238549
0.1232885 0.5912038 -0.6052279 -0.51863
0.1271284 0.5827371 -0.6170709 -0.5133025
0.1309059 0.5741903 -0.6286648 -0.5078877
0.1346133 0.565587 -0.6399871 -0.5024014
0.1382429 0.556952 -0.6510169 -0.4968606
0.141788 0.54831 -0.6617354 -0.4912826
0.1452421 0.5396865 -0.6721258 -0.4856853
0.1485994 0.5311068 -0.6821734 -0.4800867
0.1518546 0.5225964 -0.6918656 -0.4745052
0.1550031 0.5141802 -0.7011918 -0.4689592
0.1580406 0.5058836 -0.7101431 -0.463467
0.1609635 0.4977308 -0.7187126 -0.4580469
0.1637686 0.4897459 -0.726895 -0.4527168
0.1664533 0.4819523 -0.7346864 -0.4474944
0.1690152 0.4743725 -0.7420846 -0.442397
0.1714526 0.4670288 -0.7490882 -0.4374414
0.1737637 0.4599422 -0.7556973 -0.4326442
0.1759474 0.4531333 -0.7619125 -0.4280211
0.1780027 0.4466219 -0.7677353 -0.4235876
0.1799287 0.4404269 -0.7731677 -0.4193585
0.1817248 0.4345667 -0.7782118 -0.4153483
0.1833904 0.4290589 -0.7828704 -0.4115708
0.1849249 0.4239206 -0.7871454 -0.4080395
0.1863277 0.4191682 -0.7910395 -0.4047672
0.1875982 0.414818 -0.7945542 -0.4017669
0.1887357 0.4108855 -0.7976909 -0.3990504
0.1897391 0.4073861 -0.8004502 -0.3966298
0.1906074 0.4043348 -0.8028317 -0.3945168
0.191339 0.4017468 -0.804834 -0.3927227
0.1919322 0.3996369 -0.8064545 -0.3912588
0.1923848 0.39802 -0.8076892 -0.3901363
0.1926943 0.396911 -0.8085325 -0.389366
0.1928575 0.3963251 -0.8089768 -0.3889589
0.1928837 0.3962309 -0.8090481 -0.3888935
0.1927422 0.3962248 -0.8091393 -0.3887801
0.1923231 0.3962065 -0.8094092 -0.3884442
0.1916342 0.3961762 -0.8098522 -0.387892
0.1906831 0.3961337 -0.8104623 -0.3871292
0.1894772 0.3960788 -0.8112333 -0.3861613
0.1880239 0.396011 -0.8121588 -0.384994
0.1863303 0.39593 -0.8132322 -0.3836324
0.1844037 0.395835 -0.8144467 -0.3820818
0.182251 0.3957255 -0.8157954 -0.3803472
0.1798794 0.3956005 -0.8172709 -0.3784335
0.1772958 0.3954593 -0.8188663 -0.3763458
0.1745072 0.3953011 -0.820574 -0.374089
0.1715208 0.3951249 -0.8223867 -0.3716679
0.1683435 0.3949298 -0.824297 -0.3690874
0.1649826 0.3947149 -0.8262969 -0.3663527
0.1614452 0.3944792 -0.8283793 -0.3634686
0.1577386 0.3942219 -0.8305362 -0.3604404
0.1538703 0.3939421 -0.8327602 -0.3572732
0.1498477 0.3936391 -0.8350435 -0.3539723
0.1456786 0.3933118 -0.8373786 -0.3505433
0.1413706 0.3929598 -0.8397581 -0.3469917
0.1369317 0.3925824 -0.8421745 -0.3433233
0.13237 0.392179 -0.8446204 -0.3395441
0.1276936 0.3917493 -0.8470887 -0.33566
0.1229109 0.3912928 -0.8495723 -0.3316773
0.1180304 0.3908093 -0.8520643 -0.3276025
0.1130606 0.3902988 -0.8545579 -0.3234422
0.1080104 0.3897613 -0.8570468 -0.3192033
0.1028885 0.3891968 -0.8595246 -0.3148925
0.09770416 0.3886058 -0.8619852 -0.3105173
0.0924663 0.3879886 -0.864423 -0.3060848
0.0871842 0.3873458 -0.8668323 -0.3016025
0.08186713 0.3866782 -0.8692079 -0.2970781
0.0765245 0.3859866 -0.8715451 -0.2925194
0.07116574 0.385272 -0.8738391 -0.2879344
0.06580029 0.3845357 -0.8760857 -0.283331
0.0604377 0.383779 -0.8782811 -0.2787175
0.05508749 0.3830032 -0.8804215 -0.2741021
0.0497592 0.3822101 -0.8825037 -0.2694932
0.04446233 0.3814015 -0.8845249 -0.2648993
0.03920636 0.3805791 -0.8864825 -0.2603287
0.03400075 0.3797451 -0.8883743 -0.2557902
0.02885488 0.3789015 -0.8901984 -0.2512922
0.02377809 0.3780507 -0.8919533 -0.2468434
0.01877959 0.377195 -0.8936377 -0.2424522
0.01386857 0.3763368 -0.8952506 -0.2381274
0.009054018 0.3754786 -0.8967916 -0.2338774
0.004344957 0.3746233 -0.8982602 -0.2297109
-0.0002498114 0.3737735 -0.8996564 -0.2256362
-0.004721536 0.3729319 -0.9009804 -0.2216619
-0.009061628 0.3721014 -0.9022323 -0.2177963
-0.0132616 0.3712849 -0.9034131 -0.2140478
-0.01731304 0.3704852 -0.9045233 -0.2104246
-0.02120772 0.3697055 -0.905564 -0.2069349
-0.02493743 0.3689486 -0.906536 -0.2035869
-0.02849416 0.3682176 -0.9074406 -0.2003885
-0.03186991 0.3675153 -0.9082789 -0.1973478
-0.03505681 0.3668448 -0.9090524 -0.1944728
-0.03804701 0.3662091 -0.9097621 -0.1917711
-0.04083279 0.3656111 -0.9104095 -0.1892506
-0.04340643 0.3650537 -0.9109956 -0.1869191
-0.04576021 0.3645397 -0.9115216 -0.1847843
-0.04788651 0.3640719 -0.9119885 -0.1828537
-0.04977759 0.3636532 -0.9123973 -0.181135
-0.05142581 0.3632861 -0.9127484 -0.1796358
-0.0528234 0.3629733 -0.9130424 -0.1783636
-0.05396258 0.3627174 -0.9132797 -0.177326
-0.05483543 0.3625206 -0.9134598 -0.1765306
-0.05543406 0.3623853 -0.9135827 -0.1759849
-0.05575032 0.3623137 -0.9136473 -0.1756965
-0.05580116 0.3623022 -0.9136577 -0.1756502
-0.05578646 0.3620692 -0.9137194 -0.1758142
-0.05574289 0.3613785 -0.9139019 -0.1763
-0.05567117 0.3602424 -0.9142004 -0.1770984
-0.05557194 0.3586724 -0.9146095 -0.1782003
-0.05544581 0.3566796 -0.9151232 -0.1795966
-0.0552933 0.3542744 -0.9157349 -0.1812783
-0.05511492 0.3514669 -0.9164376 -0.1832364
-0.0549111 0.3482668 -0.9172235 -0.185462
-0.05468226 0.3446835 -0.9180847 -0.1879459
-0.05442881 0.3407265 -0.9190127 -0.1906792
-0.05415111 0.3364049 -0.9199989 -0.1936527
-0.05384953 0.3317279 -0.9210343 -0.1968571
-0.05352442 0.3267046 -0.9221095 -0.2002829
-0.05317616 0.3213446 -0.9232152 -0.2039207
-0.0528051 0.3156572 -0.9243417 -0.2077608
-0.05241164 0.3096522 -0.9254795 -0.2117933
-0.05199618 0.3033398 -0.9266186 -0.2160079
-0.05155914 0.2967303 -0.9277495 -0.2203946
-0.051101 0.2898346 -0.9288625 -0.2249427
-0.05062224 0.282664 -0.929948 -0.2296414
-0.05012342 0.2752301 -0.9309968 -0.2344801
-0.04960511 0.2675454 -0.9319999 -0.2394473
-0.04906796 0.2596227 -0.9329484 -0.2445319
-0.04851263 0.2514753 -0.9338338 -0.2497224
-0.04793987 0.2431171 -0.9346482 -0.255007
-0.04735049 0.2345628 -0.9353842 -0.2603741
-0.04674534 0.2258275 -0.9360347 -0.2658117
-0.04612533 0.2169267 -0.9365935 -0.2713078
-0.04549144 0.2078767 -0.9370548 -0.2768505
-0.0448447 0.1986943 -0.9374136 -0.2824277
-0.04418621 0.1893965 -0.9376656 -0.2880275
-0.04351712 0.180001 -0.9378073 -0.2936381
-0.04283862 0.1705258 -0.9378362 -0.2992475
-0.04215199 0.1609893 -0.9377503 -0.3048442
-0.04145851 0.1514101 -0.9375487 -0.3104168
-0.04075953 0.1418069 -0.9372312 -0.3159542
-0.04005644 0.1321988 -0.9367987 -0.3214454
-0.03935066 0.1226048 -0.9362527 -0.3268799
-0.03864366 0.1130442 -0.9355958 -0.3322473
-0.03793688 0.1035359 -0.9348311 -0.3375379
-0.03723185 0.09409885 -0.933963 -0.3427423
-0.03653007 0.08475203 -0.9329963 -0.3478513
-0.03583305 0.075514 -0.9319367 -0.3528564
-0.03514232 0.06640308 -0.9307905 -0.3577495
-0.0344594 0.05743729 -0.9295648 -0.362523
-0.03378582 0.04863441 -0.9282671 -0.3671695
-0.03312306 0.04001159 -0.9269056 -0.3716825
-0.03247265 0.0315859 -0.9254891 -0.3760556
-0.03183603 0.02337366 -0.9240265 -0.3802829
-0.0312147 0.01539103 -0.9225275 -0.384359
-0.03061005 0.00765341 -0.9210016 -0.388279
-0.03002352 0.0001760554 -0.9194589 -0.392038
-0.02945649 -0.007026461 -0.9179097 -0.395632
-0.0289103 -0.01393981 -0.9163644 -0.3990567
-0.02838632 -0.0205502 -0.9148332 -0.4023085
-0.02788582 -0.02684416 -0.9133267 -0.405384
-0.02741011 -0.03280852 -0.9118553 -0.4082797
-0.02696043 -0.03843052 -0.9104293 -0.4109925
-0.02653802 -0.04369749 -0.9090589 -0.4135194
-0.0261441 -0.04859717 -0.9077542 -0.4158572
-0.02577985 -0.05311732 -0.9065249 -0.4180031
-0.02544646 -0.05724581 -0.9053807 -0.4199538
-0.02514509 -0.0609706 -0.9043307 -0.4217063
-0.02487691 -0.06427959 -0.903384 -0.4232572
-0.02464307 -0.06716059 -0.902549 -0.4246029
-0.0244447 -0.06960134 -0.9018337 -0.4257396
