-29.5287 16.5391 -3.181453
-29.39847 16.55958 -3.148789
-29.27029 16.57918 -3.115537
-29.14409 16.59788 -3.081729
-29.01982 16.61569 -3.047398
-28.89742 16.6326 -3.012575
-28.77681 16.64861 -2.977292
-28.65796 16.66371 -2.941581
-28.54078 16.67791 -2.905474
-28.42522 16.6912 -2.869003
-28.31123 16.70358 -2.8322
-28.19874 16.71505 -2.795097
-28.08768 16.72559 -2.757726
-27.97801 16.73521 -2.720119
-27.86965 16.74391 -2.682308
-27.76256 16.75169 -2.644325
-27.65666 16.75853 -2.606202
-27.55189 16.76444 -2.56797
-27.4482 16.76941 -2.529663
-27.34553 16.77344 -2.491311
-27.24381 16.77654 -2.452946
-27.14299 16.77868 -2.414602
-27.043 16.77988 -2.376309
-26.94378 16.78013 -2.3381
-26.84527 16.77942 -2.300006
-26.74741 16.77776 -2.262061
-26.65014 16.77514 -2.224294
-26.5534 16.77155 -2.186739
-26.45713 16.76701 -2.149428
-26.36127 16.76149 -2.112392
-26.26576 16.755 -2.075664
-26.17053 16.74753 -2.039274
-26.07553 16.73909 -2.003257
-25.9807 16.72967 -1.967643
-25.88597 16.71926 -1.932464
-25.79128 16.70787 -1.897752
-25.69658 16.69549 -1.86354
-25.6018 16.68212 -1.829859
-25.50688 16.66775 -1.796741
-25.41176 16.65238 -1.764218
-25.31638 16.63601 -1.732323
-25.22068 16.61864 -1.701086
-25.12461 16.60026 -1.670541
-25.02809 16.58087 -1.640719
-24.93106 16.56047 -1.611652
-24.83348 16.53905 -1.583372
-24.73527 16.51662 -1.555911
-24.63638 16.49316 -1.5293
-24.53674 16.46868 -1.503573
-24.4363 16.44316 -1.478761
-24.33499 16.41662 -1.454895
-24.23275 16.38905 -1.432009
-24.12953 16.36044 -1.410133
-24.02525 16.33079 -1.3893
-23.91987 16.30009 -1.369542
-23.81332 16.26835 -1.350891
-23.70554 16.23557 -1.333378
-23.59646 16.20173 -1.317036
-23.48604 16.16684 -1.301896
-23.3742 16.13088 -1.287992
-23.26089 16.09387 -1.275353
-23.14604 16.0558 -1.264014
-23.0296 16.01666 -1.254005
-22.91151 15.97645 -1.245358
-22.7917 15.93517 -1.238106
-22.67011 15.89282 -1.23228
-22.54668 15.84938 -1.227913
-22.42136 15.80487 -1.225037
-22.29408 15.75927 -1.223682
-22.19232 15.72256 -1.223708
-22.06341 15.67878 -1.224572
-21.93642 15.64136 -1.225849
-21.81134 15.61013 -1.227523
-21.68812 15.58497 -1.229579
-21.56673 15.56571 -1.232003
-21.44713 15.55222 -1.234781
-21.3293 15.54435 -1.237896
-21.21319 15.54195 -1.241334
-21.09878 15.54488 -1.24508
-20.98603 15.55298 -1.249119
-20.8749 15.56613 -1.253437
-20.76536 15.58416 -1.258018
-20.65738 15.60693 -1.262848
-20.55093 15.6343 -1.267911
-20.44596 15.66612 -1.273192
-20.34245 15.70225 -1.278678
-20.24036 15.74253 -1.284352
-20.13965 15.78683 -1.2902
-20.0403 15.83499 -1.296207
-19.94227 15.88687 -1.302358
-19.84552 15.94233 -1.308638
-19.75002 16.00121 -1.315032
-19.65574 16.06338 -1.321525
-19.56264 16.12868 -1.328103
-19.47069 16.19698 -1.334751
-19.37985 16.26811 -1.341453
-19.29009 16.34195 -1.348195
-19.20138 16.41833 -1.354961
-19.11368 16.49713 -1.361737
-19.02695 16.57818 -1.368508
-18.94117 16.66134 -1.375259
-18.8563 16.74648 -1.381975
-18.7723 16.83343 -1.388642
-18.68915 16.92207 -1.395243
-18.6068 17.01223 -1.401765
-18.52523 17.10377 -1.408192
-18.44439 17.19655 -1.41451
-18.36426 17.29042 -1.420704
-18.2848 17.38524 -1.426758
-18.20597 17.48086 -1.432657
-18.12775 17.57713 -1.438388
-18.0501 17.67391 -1.443935
-17.97298 17.77105 -1.449282
-17.89636 17.8684 -1.454416
-17.82021 17.96583 -1.459321
-17.74449 18.06318 -1.463982
-17.66916 18.1603 -1.468384
-17.59421 18.25705 -1.472513
-17.51958 18.35329 -1.476354
-17.44524 18.44887 -1.479891
-17.37117 18.54364 -1.48311
-17.29732 18.63746 -1.485995
-17.22367 18.73018 -1.488533
-17.15018 18.82166 -1.490707
-17.07681 18.91174 -1.492503
-17.00354 19.00028 -1.493907
-16.93032 19.08714 -1.494903
-16.85712 19.17218 -1.495476
-16.78391 19.25523 -1.495611
-16.71066 19.33617 -1.495294
-16.63732 19.41484 -1.494509
-16.56388 19.49109 -1.493243
-16.49028 19.56479 -1.491479
-16.41651 19.63577 -1.489202
-16.34252 19.70391 -1.486399
-16.26827 19.76905 -1.483053
-16.19374 19.83105 -1.479151
-16.1189 19.88975 -1.474677
-16.04371 19.94502 -1.469616
-15.96812 19.99671 -1.463953
-15.92346 20.02538 -1.460335
-15.84772 20.07203 -1.453482
-15.77257 20.11671 -1.445611
-15.69799 20.15948 -1.436756
-15.62398 20.20036 -1.426946
-15.55053 20.23939 -1.416214
-15.47763 20.27659 -1.404592
-15.40526 20.31201 -1.39211
-15.33342 20.34567 -1.378802
-15.26208 20.37761 -1.364698
-15.19126 20.40786 -1.349831
-15.12092 20.43645 -1.334231
-15.05107 20.46342 -1.317931
-14.98169 20.48881 -1.300962
-14.91277 20.51263 -1.283356
-14.8443 20.53493 -1.265145
-14.77626 20.55575 -1.246359
-14.70866 20.5751 -1.227033
-14.64147 20.59303 -1.207195
-14.57469 20.60957 -1.186879
-14.50831 20.62475 -1.166117
-14.44231 20.63861 -1.144938
-14.37669 20.65118 -1.123377
-14.31143 20.66248 -1.101463
-14.24652 20.67256 -1.079229
-14.18196 20.68145 -1.056707
-14.11773 20.68918 -1.033928
-14.05382 20.69579 -1.010924
-13.99022 20.7013 -0.9877259
-13.92692 20.70575 -0.9643662
-13.86391 20.70917 -0.9408765
-13.80118 20.7116 -0.9172884
-13.73872 20.71306 -0.8936335
-13.67651 20.71361 -0.8699436
-13.61455 20.71325 -0.8462503
-13.55282 20.71204 -0.8225853
-13.49132 20.70999 -0.7989803
-13.43003 20.70715 -0.775467
-13.36895 20.70355 -0.752077
-13.30806 20.69922 -0.7288421
-13.24735 20.69419 -0.7057939
-13.18681 20.68851 -0.682964
-13.12644 20.68219 -0.6603844
-13.06621 20.67527 -0.6380864
-13.00612 20.66779 -0.616102
-12.94616 20.65978 -0.5944626
-12.88632 20.65127 -0.5732002
-12.82659 20.6423 -0.5523462
-12.76695 20.6329 -0.5319324
-12.70739 20.62309 -0.5119905
-12.64792 20.61293 -0.4925521
-12.5885 20.60243 -0.4736491
-12.52914 20.59163 -0.4553129
-12.46982 20.58057 -0.4375754
-12.41054 20.56927 -0.4204681
-12.35127 20.55778 -0.4040228
-12.29202 20.54612 -0.3882712
-12.23277 20.53432 -0.3732449
-12.1735 20.52242 -0.3589757
-12.11421 20.51046 -0.3454952
-12.0549 20.49846 -0.332835
-11.99553 20.48647 -0.321027
-11.93612 20.4745 -0.3101027
-11.87664 20.4626 -0.3000939
-11.81709 20.45079 -0.2910322
-11.75744 20.43913 -0.2829493
-11.69771 20.42762 -0.2758769
-11.63786 20.41631 -0.2698467
-11.5779 20.40523 -0.2648904
-11.51781 20.39441 -0.2610396
-11.45758 20.38389 -0.2583261
-11.42208 20.37786 -0.2572738
-11.36067 20.36869 -0.2560465
-11.2973 20.36141 -0.2552633
-11.23204 20.35593 -0.2549478
-11.16498 20.35213 -0.255124
-11.09621 20.34991 -0.2558157
-11.02581 20.34918 -0.2570468
-10.95386 20.34981 -0.2588412
-10.88045 20.35171 -0.2612226
-10.80567 20.35477 -0.264215
-10.72959 20.35888 -0.2678423
-10.6523 20.36394 -0.2721282
-10.57389 20.36985 -0.2770967
-10.49445 20.37649 -0.2827716
-10.41404 20.38377 -0.2891768
-10.33277 20.39157 -0.2963361
-10.25071 20.3998 -0.3042735
-10.16795 20.40834 -0.3130127
-10.08457 20.41709 -0.3225776
-10.00067 20.42595 -0.332992
-9.916309 20.4348 -0.3442799
-9.831589 20.44355 -0.3564652
-9.746591 20.45209 -0.3695716
-9.661396 20.46031 -0.383623
-9.576093 20.46811 -0.3986433
-9.490764 20.47538 -0.4146563
-9.405494 20.48202 -0.431686
-9.320366 20.48792 -0.4497561
-9.235467 20.49298 -0.4688906
-9.15088 20.49709 -0.4891132
-9.066689 20.50014 -0.510448
-8.98298 20.50203 -0.5329186
-8.899837 20.50265 -0.556549
-8.817344 20.5019 -0.581363
-8.735585 20.49968 -0.6073846
-8.654644 20.49587 -0.6346375
-8.574608 20.49037 -0.6631456
-8.49556 20.48309 -0.6929328
-8.417583 20.4739 -0.7240229
-8.340764 20.4627 -0.7564399
-8.265185 20.4494 -0.7902075
-8.190933 20.43388 -0.8253496
-8.118091 20.41604 -0.8618902
-8.046742 20.39578 -0.8998529
-7.976974 20.37298 -0.9392619
-7.908869 20.34754 -0.9801407
-7.842512 20.31936 -1.022513
-7.777987 20.28833 -1.066404
-7.71538 20.25435 -1.111836
-7.654773 20.21731 -1.158833
-7.596253 20.17711 -1.20742
-7.539903 20.13363 -1.25762
-7.485806 20.08678 -1.309456
-7.434051 20.03645 -1.362954
-7.384718 19.98253 -1.418136
-7.337893 19.92492 -1.475027
-7.293661 19.8635 -1.533651
-7.252106 19.79819 -1.59403
-7.213312 19.72887 -1.65619
-7.177365 19.65543 -1.720154
-7.144347 19.57778 -1.785946
-7.114345 19.49579 -1.85359
-7.087441 19.40938 -1.923109
-7.063721 19.31843 -1.994527
-7.04327 19.22284 -2.067869
-7.026171 19.12251 -2.143159
-7.01251 19.01731 -2.220419
-7.002369 18.90717 -2.299674
-6.995835 18.79195 -2.380948
-6.992991 18.67157 -2.464265
-6.993923 18.54592 -2.549648
-6.996268 18.46949 -2.600852
-7.004008 18.34065 -2.685316
-7.016884 18.21711 -2.7635
-7.034778 18.09876 -2.835569
-7.057568 17.98551 -2.901686
-7.085136 17.87726 -2.962015
-7.117363 17.77393 -3.016722
-7.15413 17.6754 -3.06597
-7.195315 17.5816 -3.109922
-7.240801 17.49241 -3.148744
-7.290468 17.40776 -3.182599
-7.344196 17.32753 -3.211651
-7.401866 17.25164 -3.236064
-7.463359 17.18 -3.256003
-7.528555 17.1125 -3.271632
-7.597334 17.04905 -3.283114
-7.669578 16.98955 -3.290615
-7.745166 16.93391 -3.294297
-7.82398 16.88204 -3.294325
-7.9059 16.83383 -3.290863
-7.990805 16.7892 -3.284076
-8.078578 16.74804 -3.274127
-8.169098 16.71027 -3.26118
-8.262246 16.67579 -3.2454
-8.357903 16.64449 -3.226951
-8.45595 16.61629 -3.205996
-8.556266 16.5911 -3.1827
-8.658732 16.56881 -3.157227
-8.76323 16.54932 -3.129741
-8.869639 16.53256 -3.100407
-8.977839 16.51841 -3.069388
-9.087713 16.50678 -3.036848
-9.19914 16.49759 -3.002951
-9.312001 16.49072 -2.967862
-9.426175 16.4861 -2.931745
-9.541545 16.48361 -2.894764
-9.65799 16.48317 -2.857082
-9.775391 16.48468 -2.818865
-9.893628 16.48805 -2.780275
-10.01258 16.49318 -2.741478
-10.13214 16.49998 -2.702637
-10.25217 16.50834 -2.663917
-10.37255 16.51818 -2.625481
-10.49318 16.52939 -2.587494
-10.61393 16.54189 -2.550119
-10.73468 16.55558 -2.513521
-10.85531 16.57036 -2.477864
-10.9757 16.58614 -2.443312
-11.09574 16.60282 -2.41003
-11.21529 16.6203 -2.37818
-11.33425 16.6385 -2.347928
-11.4525 16.65731 -2.319437
-11.56991 16.67665 -2.292872
-11.68636 16.6964 -2.268397
-11.80174 16.71649 -2.246175
-11.91592 16.73681 -2.226371
-12.02879 16.75727 -2.209149
-12.14023 16.77777 -2.194673
-12.25012 16.79822 -2.183107
-12.35833 16.81852 -2.174616
-12.46476 16.83858 -2.169363
-12.56927 16.8583 -2.167512
-12.67175 16.87758 -2.169228
-12.77209 16.89634 -2.174675
-12.87015 16.91447 -2.184016
-12.96583 16.93188 -2.197417
-13.059 16.94848 -2.21504
-13.14954 16.96416 -2.23705
-13.23734 16.97884 -2.263612
-13.32227 16.99242 -2.294889
-13.40421 17.0048 -2.331045
-13.45097 17.01148 -2.354661
-13.52939 17.02155 -2.39554
-13.60748 17.02984 -2.434909
-13.68525 17.03637 -2.472803
-13.76265 17.04117 -2.509259
-13.83968 17.04428 -2.544314
-13.91631 17.04572 -2.578003
-13.99252 17.04552 -2.610362
-14.06829 17.04372 -2.641428
-14.14361 17.04033 -2.671237
-14.21844 17.0354 -2.699824
-14.29278 17.02895 -2.727227
-14.36659 17.02102 -2.75348
-14.43986 17.01162 -2.778621
-14.51257 17.00079 -2.802686
-14.5847 16.98856 -2.82571
-14.65623 16.97496 -2.847729
-14.72713 16.96002 -2.868781
-14.79739 16.94377 -2.888901
-14.86699 16.92624 -2.908125
-14.9359 16.90746 -2.926489
-15.00411 16.88745 -2.94403
-15.07159 16.86625 -2.960783
-15.13833 16.84389 -2.976785
-15.2043 16.82039 -2.992072
-15.26948 16.79579 -3.00668
-15.33386 16.77011 -3.020645
-15.39741 16.74339 -3.034004
-15.46011 16.71566 -3.046792
-15.52194 16.68694 -3.059046
-15.58288 16.65726 -3.070801
-15.64291 16.62666 -3.082094
-15.70202 16.59516 -3.092962
-15.76017 16.5628 -3.10344
-15.81735 16.52959 -3.113564
-15.87354 16.49558 -3.123371
-15.92871 16.46079 -3.132896
-15.98286 16.42525 -3.142176
-16.03595 16.38899 -3.151248
-16.08797 16.35205 -3.160146
-16.13889 16.31444 -3.168907
-16.1887 16.2762 -3.177568
-16.23738 16.23737 -3.186165
-16.2849 16.19796 -3.194733
-16.33124 16.15801 -3.203309
-16.37639 16.11755 -3.211929
-16.42032 16.0766 -3.220629
-16.46301 16.03521 -3.229445
-16.50445 15.99339 -3.238414
-16.5446 15.95118 -3.247571
-16.58346 15.9086 -3.256953
-16.621 15.86569 -3.266597
-16.6572 15.82248 -3.276536
-16.69204 15.77899 -3.28681
-16.7255 15.73526 -3.297452
-16.75755 15.69131 -3.3085
-16.78819 15.64718 -3.319989
-16.81738 15.60289 -3.331957
-16.84511 15.55847 -3.344438
-16.87136 15.51395 -3.357469
-16.8961 15.46937 -3.371086
-16.91933 15.42475 -3.385326
-16.941 15.38013 -3.400224
-16.96111 15.33552 -3.415817
-16.97964 15.29096 -3.43214
-16.99656 15.24649 -3.449231
-17.01185 15.20212 -3.467124
-17.02549 15.1579 -3.485857
-17.03747 15.11385 -3.505465
-17.04776 15.06999 -3.525985
-17.05634 15.02636 -3.547452
-17.06059 15.00082 -3.560538
-17.06624 14.95812 -3.58282
-17.06982 14.91669 -3.604597
-17.07136 14.87651 -3.62587
-17.0709 14.83754 -3.646649
-17.06848 14.79976 -3.666936
-17.06413 14.76314 -3.686737
-17.0579 14.72764 -3.706059
-17.0498 14.69325 -3.724905
-17.0399 14.65993 -3.743282
-17.02821 14.62764 -3.761194
-17.01478 14.59638 -3.778648
-16.99964 14.56609 -3.795649
-16.98283 14.53677 -3.812201
-16.96439 14.50837 -3.82831
-16.94436 14.48087 -3.843982
-16.92276 14.45423 -3.859222
-16.89964 14.42844 -3.874035
-16.87504 14.40346 -3.888426
-16.84898 14.37927 -3.902401
-16.82151 14.35582 -3.915966
-16.79267 14.33311 -3.929125
-16.76249 14.31109 -3.941884
-16.731 14.28974 -3.954248
-16.69825 14.26902 -3.966224
-16.66426 14.24892 -3.977814
-16.62909 14.2294 -3.989027
-16.59276 14.21043 -3.999866
-16.55531 14.19199 -4.010336
-16.51677 14.17404 -4.020445
-16.47719 14.15655 -4.030196
-16.4366 14.13951 -4.039595
-16.39504 14.12287 -4.048647
-16.35254 14.10661 -4.057358
-16.30914 14.0907 -4.065733
-16.26488 14.07512 -4.073778
-16.2198 14.05983 -4.081497
-16.17392 14.0448 -4.088896
-16.1273 14.03001 -4.095981
-16.07995 14.01543 -4.102757
-16.03193 14.00102 -4.109228
-15.98326 13.98676 -4.115401
-15.93399 13.97263 -4.121281
-15.88415 13.95858 -4.126873
-15.83378 13.9446 -4.132183
-15.78291 13.93066 -4.137215
-15.73158 13.91671 -4.141975
-15.67983 13.90275 -4.14647
-15.6277 13.88873 -4.150702
-15.57521 13.87463 -4.154679
-15.52241 13.86042 -4.158406
-15.46934 13.84608 -4.161888
-15.41603 13.83156 -4.16513
-15.36251 13.81685 -4.168137
-15.30883 13.80192 -4.170916
-15.25502 13.78672 -4.17347
-15.20112 13.77125 -4.175807
-15.14716 13.75547 -4.177929
-15.09319 13.73934 -4.179845
-15.03923 13.72285 -4.181558
-14.98533 13.70596 -4.183074
-14.93151 13.68864 -4.184399
-14.87783 13.67086 -4.185537
-14.82431 13.65261 -4.186494
-14.77099 13.63383 -4.187275
-14.71791 13.61452 -4.187887
-14.6651 13.59464 -4.188333
-14.61261 13.57415 -4.18862
-14.56046 13.55304 -4.188752
-14.5087 13.53127 -4.188736
-14.45736 13.50881 -4.188576
-14.42737 13.49527 -4.188416
-14.37717 13.47261 -4.188909
-14.32822 13.45108 -4.190983
-14.28044 13.43066 -4.194611
-14.23376 13.41134 -4.199757
-14.18809 13.3931 -4.206392
-14.14338 13.37591 -4.214482
-14.09954 13.35976 -4.223998
-14.0565 13.34464 -4.234905
-14.01418 13.33052 -4.247173
-13.97252 13.31738 -4.260771
-13.93143 13.30521 -4.275665
-13.89084 13.29399 -4.291825
-13.85068 13.2837 -4.309218
-13.81088 13.27433 -4.327814
-13.77136 13.26584 -4.347579
-13.73204 13.25824 -4.368482
-13.69285 13.25148 -4.390492
-13.65373 13.24557 -4.413576
-13.61458 13.24048 -4.437703
-13.57534 13.23619 -4.462841
-13.53594 13.23269 -4.488958
-13.4963 13.22995 -4.516022
-13.45635 13.22795 -4.544002
-13.416 13.22669 -4.572865
-13.3752 13.22614 -4.602581
-13.33386 13.22628 -4.633116
-13.29191 13.22709 -4.66444
-13.24927 13.22856 -4.69652
-13.20588 13.23067 -4.729325
-13.16165 13.2334 -4.762824
-13.11651 13.23672 -4.796983
-13.0704 13.24063 -4.831771
-13.02323 13.24511 -4.867157
-12.97493 13.25013 -4.903109
-12.92542 13.25568 -4.939594
-12.87463 13.26173 -4.976582
-12.8225 13.26828 -5.01404
-12.76894 13.2753 -5.051936
-12.71387 13.28278 -5.090239
-12.65723 13.29069 -5.128917
-12.59894 13.29902 -5.167938
-12.53893 13.30775 -5.207271
-12.47712 13.31686 -5.246882
-12.41344 13.32633 -5.286742
-12.34781 13.33615 -5.326817
-12.28017 13.3463 -5.367076
-12.21043 13.35675 -5.407488
-12.13852 13.36749 -5.44802
-12.06436 13.37851 -5.488641
-11.98789 13.38977 -5.529319
-11.90903 13.40128 -5.570022
-11.8277 13.41299 -5.610718
-11.74384 13.42491 -5.651375
-11.65736 13.43701 -5.691962
-11.56819 13.44927 -5.732447
-11.47626 13.46167 -5.772799
-11.38149 13.47419 -5.812984
-11.28381 13.48683 -5.852971
-11.18315 13.49955 -5.892729
-11.07943 13.51234 -5.932226
-10.97257 13.52518 -5.971431
-10.86251 13.53806 -6.01031
-10.74917 13.55095 -6.048833
-10.63247 13.56384 -6.086967
-10.51234 13.57671 -6.124681
-10.3887 13.58954 -6.161944
-10.26149 13.60231 -6.198723
-10.13063 13.615 -6.234986
-9.996034 13.6276 -6.270701
-9.857641 13.64009 -6.305838
-9.774421 13.64737 -6.326224
-9.634601 13.65936 -6.36132
-9.500321 13.67066 -6.397653
-9.371518 13.68126 -6.435208
-9.248124 13.69119 -6.473971
-9.130079 13.70046 -6.513924
-9.01732 13.70907 -6.555053
-8.909779 13.71704 -6.597342
-8.807394 13.72437 -6.640775
-8.710101 13.73108 -6.685338
-8.617836 13.73718 -6.731014
-8.530535 13.74268 -6.777787
-8.448134 13.74759 -6.825643
-8.370569 13.75192 -6.874565
-8.297777 13.75568 -6.924539
-8.229692 13.75889 -6.975548
-8.166252 13.76155 -7.027577
-8.107392 13.76367 -7.080611
-8.053048 13.76527 -7.134633
-8.003155 13.76635 -7.189629
-7.957652 13.76693 -7.245582
-7.916472 13.76702 -7.302478
-7.879553 13.76663 -7.3603
-7.84683 13.76576 -7.419034
-7.81824 13.76443 -7.478662
-7.793717 13.76266 -7.539171
-7.7732 13.76045 -7.600544
-7.756622 13.7578 -7.662766
-7.743921 13.75475 -7.725822
-7.735033 13.75128 -7.789695
-7.729892 13.74742 -7.85437
-7.728437 13.74317 -7.919832
-7.730601 13.73855 -7.986065
-7.736323 13.73357 -8.053053
-7.745537 13.72824 -8.120782
-7.75818 13.72256 -8.189235
-7.774187 13.71655 -8.258396
-7.793495 13.71023 -8.32825
-7.81604 13.70359 -8.398783
-7.841756 13.69665 -8.469977
-7.870583 13.68943 -8.541818
-7.902453 13.68193 -8.61429
-7.937304 13.67417 -8.687378
-7.975072 13.66615 -8.761065
-8.015694 13.65788 -8.835337
-8.059104 13.64938 -8.910176
-8.105238 13.64066 -8.985571
-8.154035 13.63173 -9.061502
-8.205427 13.62259 -9.137956
-8.259353 13.61327 -9.214915
-8.315746 13.60376 -9.292366
-8.374546 13.59409 -9.370293
-8.435687 13.58425 -9.448679
-8.499104 13.57427 -9.527509
-8.564735 13.56416 -9.606769
-8.632515 13.55392 -9.68644
-8.702379 13.54356 -9.766511
-8.774266 13.5331 -9.846963
-8.848109 13.52254 -9.927781
-8.923845 13.5119 -10.00895
-9.00141 13.50119 -10.09046
-9.080742 13.49043 -10.17228
-9.161774 13.4796 -10.25441
-9.244444 13.46875 -10.33683
-9.328687 13.45786 -10.41952
-9.414438 13.44695 -10.50246
-9.501637 13.43604 -10.58566
-9.590216 13.42513 -10.66907
-9.680112 13.41423 -10.7527
-9.77126 13.40336 -10.83652
-9.8636 13.39253 -10.92053
-9.918452 13.38618 -10.97002
-10.01166 13.37518 -11.05301
-10.10415 13.36375 -11.13366
-10.19594 13.3519 -11.21204
-10.28703 13.33965 -11.2882
-10.37744 13.327 -11.3622
-10.46717 13.31396 -11.43411
-10.55623 13.30054 -11.50399
-10.64463 13.28676 -11.5719
-10.73238 13.27262 -11.63791
-10.81949 13.25812 -11.70206
-10.90596 13.2433 -11.76443
-10.99182 13.22814 -11.82508
-11.07705 13.21267 -11.88406
-11.16168 13.19688 -11.94145
-11.24571 13.1808 -11.9973
-11.32915 13.16444 -12.05167
-11.41201 13.14779 -12.10462
-11.49429 13.13088 -12.15622
-11.57602 13.11371 -12.20652
-11.65719 13.09629 -12.2556
-11.73781 13.07863 -12.3035
-11.8179 13.06075 -12.3503
-11.89746 13.04265 -12.39605
-11.9765 13.02434 -12.44082
-12.05503 13.00583 -12.48466
-12.13306 12.98713 -12.52765
-12.2106 12.96826 -12.56983
-12.28765 12.94922 -12.61127
-12.36423 12.93002 -12.65204
-12.44034 12.91067 -12.69219
-12.51599 12.89119 -12.73179
-12.5912 12.87157 -12.77089
-12.66596 12.85184 -12.80956
-12.7403 12.83201 -12.84787
-12.81421 12.81207 -12.88587
-12.8877 12.79205 -12.92362
-12.9608 12.77194 -12.96118
-13.03349 12.75177 -12.99863
-13.1058 12.73155 -13.03601
-13.17774 12.71127 -13.07339
-13.2493 12.69096 -13.11083
-13.3205 12.67062 -13.1484
-13.39135 12.65026 -13.18615
-13.46185 12.6299 -13.22415
-13.53202 12.60953 -13.26246
-13.60187 12.58918 -13.30113
-13.6714 12.56885 -13.34024
-13.74062 12.54855 -13.37984
-13.80954 12.5283 -13.41999
-13.87817 12.50809 -13.46076
-13.94652 12.48795 -13.50221
-14.0146 12.46789 -13.54439
-14.08241 12.4479 -13.58738
-14.14997 12.42801 -13.63123
-14.21728 12.40821 -13.676
-14.28435 12.38853 -13.72176
-14.3512 12.36898 -13.76856
-14.41782 12.34955 -13.81647
-14.48423 12.33027 -13.86555
-14.55044 12.31114 -13.91586
-14.61646 12.29217 -13.96747
-14.68229 12.27337 -14.02043
-14.74794 12.25476 -14.0748
-14.81343 12.23634 -14.13066
-14.87876 12.21812 -14.18805
-14.94394 12.20011 -14.24704
-15.00898 12.18232 -14.3077
-15.07388 12.16477 -14.37007
-15.13867 12.14746 -14.43424
-15.20333 12.1304 -14.50025
-15.24133 12.12049 -14.53997
-15.3044 12.10443 -14.60781
-15.36451 12.0898 -14.67514
-15.42169 12.07656 -14.74194
-15.47596 12.06468 -14.8082
-15.52735 12.05415 -14.87391
-15.57588 12.04494 -14.93905
-15.62158 12.03702 -15.00361
-15.66446 12.03037 -15.06757
-15.70456 12.02497 -15.13092
-15.74189 12.02077 -15.19364
-15.77648 12.01777 -15.25572
-15.80835 12.01594 -15.31714
-15.83753 12.01524 -15.37789
-15.86405 12.01567 -15.43796
-15.88791 12.01718 -15.49732
-15.90916 12.01975 -15.55597
-15.92781 12.02336 -15.6139
-15.94389 12.02799 -15.67107
-15.95741 12.03361 -15.7275
-15.96842 12.04019 -15.78314
-15.97692 12.0477 -15.838
-15.98294 12.05613 -15.89206
-15.98651 12.06545 -15.94529
-15.98764 12.07562 -15.9977
-15.98638 12.08664 -16.04926
-15.98273 12.09846 -16.09997
-15.97672 12.11107 -16.14979
-15.96837 12.12443 -16.19873
-15.95772 12.13854 -16.24676
-15.94478 12.15335 -16.29387
-15.92958 12.16885 -16.34005
-15.91213 12.185 -16.38528
-15.89247 12.20179 -16.42955
-15.87063 12.21918 -16.47284
-15.84661 12.23716 -16.51513
-15.82045 12.25569 -16.55643
-15.79217 12.27476 -16.59669
-15.76179 12.29433 -16.63593
-15.72934 12.31438 -16.67411
-15.69485 12.33489 -16.71123
-15.65832 12.35583 -16.74726
-15.6198 12.37717 -16.78221
-15.57931 12.3989 -16.81604
-15.53686 12.42097 -16.84875
-15.49248 12.44338 -16.88033
-15.44619 12.46608 -16.91075
-15.39803 12.48907 -16.94
-15.348 12.51231 -16.96807
-15.29615 12.53577 -16.99494
-15.24248 12.55944 -17.02061
-15.18703 12.58328 -17.04504
-15.12982 12.60728 -17.06824
-15.07087 12.6314 -17.09018
-15.0102 12.65562 -17.11085
-14.94785 12.67991 -17.13024
-14.88382 12.70426 -17.14833
-14.81816 12.72862 -17.1651
-14.75088 12.75299 -17.18055
-14.682 12.77733 -17.19465
-14.61155 12.80162 -17.2074
-14.53956 12.82583 -17.21877
-14.46604 12.84994 -17.22876
-14.39102 12.87392 -17.23735
-14.31453 12.89774 -17.24453
-14.23659 12.92139 -17.25027
-14.15721 12.94483 -17.25456
-14.07644 12.96805 -17.2574
-13.99428 12.99101 -17.25876
-13.91077 13.01368 -17.25864
-13.82593 13.03606 -17.25701
-13.7754 13.04906 -17.25534
-13.68801 13.07067 -17.25154
-13.59843 13.09148 -17.24671
-13.50678 13.11155 -17.24092
-13.41318 13.1309 -17.23421
-13.31772 13.14958 -17.22666
-13.22053 13.16762 -17.2183
-13.12171 13.18508 -17.20921
-13.02137 13.20198 -17.19942
-12.91962 13.21836 -17.189
-12.81658 13.23427 -17.178
-12.71236 13.24974 -17.16648
-12.60706 13.26482 -17.15449
-12.50079 13.27954 -17.14209
-12.39368 13.29394 -17.12933
-12.28582 13.30806 -17.11626
-12.17733 13.32195 -17.10295
-12.06832 13.33563 -17.08945
-11.9589 13.34915 -17.07581
-11.84918 13.36255 -17.06209
-11.73927 13.37587 -17.04834
-11.62929 13.38914 -17.03461
-11.51933 13.40242 -17.02098
-11.40952 13.41573 -17.00747
-11.29997 13.42911 -16.99417
-11.19077 13.44261 -16.98111
-11.08206 13.45626 -16.96836
-10.97393 13.4701 -16.95596
-10.8665 13.48418 -16.94398
-10.75987 13.49853 -16.93247
-10.65416 13.51319 -16.92148
-10.54949 13.5282 -16.91107
-10.44595 13.5436 -16.90129
-10.34366 13.55943 -16.89221
-10.24273 13.57573 -16.88387
-10.14328 13.59254 -16.87633
-10.04541 13.60989 -16.86964
-9.949227 13.62783 -16.86387
-9.854851 13.64639 -16.85906
-9.76239 13.66562 -16.85527
-9.671955 13.68556 -16.85256
-9.583654 13.70624 -16.85097
-9.497602 13.7277 -16.85058
-9.413905 13.74998 -16.85142
-9.332677 13.77313 -16.85356
-9.254027 13.79717 -16.85705
-9.178067 13.82216 -16.86195
-9.104908 13.84813 -16.86831
-9.034659 13.87511 -16.87618
-8.967431 13.90316 -16.88563
-8.903336 13.9323 -16.8967
-8.842484 13.96258 -16.90945
-8.784985 13.99403 -16.92395
-8.730949 14.0267 -16.94023
-8.68049 14.06063 -16.95836
-8.633716 14.09585 -16.9784
-8.590737 14.1324 -17.00039
-8.551667 14.17033 -17.02439
-8.516614 14.20967 -17.05047
-8.485689 14.25046 -17.07866
-8.459003 14.29274 -17.10904
-8.436667 14.33656 -17.14164
-8.418793 14.38194 -17.17654
-8.405488 14.42893 -17.21378
-8.396866 14.47757 -17.25341
-8.393037 14.52789 -17.2955
-8.39411 14.57995 -17.3401
-8.400197 14.63377 -17.38727
-8.41141 14.68939 -17.43705
-8.427857 14.74686 -17.48951
-8.449653 14.80621 -17.54469
-8.465014 14.84203 -17.57845
-8.492292 14.90268 -17.63651
-8.518693 14.96176 -17.69423
-8.544254 15.01929 -17.75163
-8.569023 15.07529 -17.80869
-8.593041 15.12979 -17.86541
-8.616351 15.18281 -17.92179
-8.638996 15.23438 -17.97783
-8.661018 15.28451 -18.03353
-8.682462 15.33324 -18.08888
-8.703368 15.38058 -18.14388
-8.723782 15.42656 -18.19853
-8.743745 15.47121 -18.25282
-8.763301 15.51454 -18.30675
-8.782492 15.55658 -18.36033
-8.80136 15.59737 -18.41354
-8.819951 15.6369 -18.46638
-8.838305 15.67522 -18.51886
-8.856466 15.71235 -18.57096
-8.874478 15.74831 -18.62269
-8.892382 15.78312 -18.67405
-8.910221 15.81681 -18.72503
-8.928041 15.8494 -18.77562
-8.94588 15.88092 -18.82583
-8.963786 15.91138 -18.87565
-8.981798 15.94082 -18.92508
-8.999961 15.96926 -18.97412
-9.018316 15.99671 -19.02277
-9.036908 16.02321 -19.07102
-9.055779 16.04878 -19.11887
-9.074972 16.07344 -19.16631
-9.094531 16.09721 -19.21335
-9.114496 16.12013 -19.25998
-9.134913 16.1422 -19.3062
-9.155824 16.16347 -19.35201
-9.177271 16.18394 -19.3974
-9.199297 16.20365 -19.44237
-9.221946 16.22262 -19.48692
-9.24526 16.24087 -19.53104
-9.269283 16.25842 -19.57474
-9.294057 16.2753 -19.61801
-9.319625 16.29154 -19.66085
-9.34603 16.30716 -19.70325
-9.373315 16.32217 -19.74521
-9.401523 16.33661 -19.78674
-9.430696 16.3505 -19.82782
-9.460878 16.36386 -19.86846
-9.492112 16.37671 -19.90865
-9.524441 16.38909 -19.94839
-9.557906 16.40101 -19.98767
-9.592552 16.4125 -20.0265
-9.628422 16.42357 -20.06487
-9.665557 16.43427 -20.10278
-9.704001 16.4446 -20.14023
-9.743798 16.45459 -20.1772
-9.78499 16.46427 -20.21371
-9.82762 16.47366 -20.24975
-9.87173 16.48279 -20.28531
-9.917364 16.49167 -20.3204
-9.964564 16.50033 -20.35501
-10.01338 16.5088 -20.38913
-10.06384 16.51709 -20.42277
-10.116 16.52524 -20.45592
-10.16989 16.53327 -20.48858
-10.22557 16.54119 -20.52075
-10.28307 16.54904 -20.55242
-10.34244 16.55684 -20.58359
-10.40372 16.56461 -20.61426
-10.46695 16.57237 -20.64443
-10.53218 16.58015 -20.67409
-10.59944 16.58798 -20.70325
-10.63998 16.59261 -20.72016
-10.71074 16.60129 -20.7484
-10.78389 16.6115 -20.77596
-10.85936 16.62318 -20.80283
-10.93706 16.63627 -20.82903
-11.01693 16.6507 -20.85458
-11.09887 16.66643 -20.87948
-11.18282 16.68338 -20.90374
-11.2687 16.70151 -20.92738
-11.35642 16.72075 -20.95042
-11.4459 16.74104 -20.97285
-11.53708 16.76232 -20.9947
-11.62987 16.78453 -21.01597
-11.72419 16.80762 -21.03668
-11.81996 16.83152 -21.05684
-11.9171 16.85618 -21.07645
-12.01555 16.88153 -21.09554
-12.11521 16.90752 -21.11412
-12.21601 16.93408 -21.13219
-12.31787 16.96116 -21.14976
-12.42071 16.9887 -21.16686
-12.52446 17.01663 -21.18349
-12.62903 17.0449 -21.19965
-12.73435 17.07345 -21.21538
-12.84034 17.10222 -21.23067
-12.94692 17.13115 -21.24554
-13.05401 17.16017 -21.25999
-13.16153 17.18924 -21.27405
-13.26941 17.21829 -21.28772
-13.37756 17.24726 -21.30102
-13.48591 17.27609 -21.31396
-13.59438 17.30473 -21.32654
-13.70289 17.33311 -21.33878
-13.81136 17.36117 -21.3507
-13.91971 17.38885 -21.3623
-14.02787 17.4161 -21.37359
-14.13576 17.44286 -21.3846
-14.24329 17.46906 -21.39532
-14.3504 17.49465 -21.40577
-14.45699 17.51956 -21.41596
-14.563 17.54374 -21.42592
-14.66834 17.56713 -21.43563
-14.77294 17.58967 -21.44513
-14.87671 17.61129 -21.45441
-14.97958 17.63194 -21.4635
-15.08147 17.65157 -21.4724
-15.18231 17.6701 -21.48112
-15.282 17.68749 -21.48969
-15.38048 17.70366 -21.4981
-15.47767 17.71857 -21.50637
-15.57349 17.73215 -21.51451
-15.66785 17.74434 -21.52254
-15.76068 17.75509 -21.53046
-15.85191 17.76433 -21.5383
-15.94145 17.772 -21.54605
-16.02922 17.77805 -21.55373
-16.11515 17.78241 -21.56135
-16.19916 17.78503 -21.56894
-16.28117 17.78585 -21.57648
-16.3611 17.7848 -21.58401
-16.43887 17.78183 -21.59152
-16.5144 17.77688 -21.59904
-16.58763 17.76988 -21.60657
-16.65845 17.76079 -21.61412
-16.72681 17.74953 -21.62172
-16.79262 17.73605 -21.62936
-16.85579 17.7203 -21.63706
-16.91627 17.7022 -21.64484
-16.97395 17.68171 -21.6527
-17.02878 17.65876 -21.66065
-17.08066 17.63329 -21.66872
-17.10977 17.61711 -21.67352
-17.1617 17.58865 -21.68137
-17.22019 17.55981 -21.68853
-17.28502 17.53059 -21.69502
-17.356 17.50098 -21.70085
-17.43292 17.47096 -21.70601
-17.5156 17.44053 -21.71051
-17.60381 17.40969 -21.71436
-17.69737 17.37842 -21.71756
-17.79608 17.34671 -21.72013
-17.89972 17.31456 -21.72206
-18.00811 17.28195 -21.72337
-18.12104 17.24888 -21.72405
-18.2383 17.21535 -21.72412
-18.3597 17.18133 -21.72359
-18.48504 17.14683 -21.72245
-18.61412 17.11182 -21.72072
-18.74673 17.07632 -21.7184
-18.88267 17.0403 -21.71549
-19.02175 17.00376 -21.71201
-19.16376 16.96669 -21.70796
-19.3085 16.92908 -21.70334
-19.45577 16.89092 -21.69817
-19.60537 16.85221 -21.69244
-19.75709 16.81293 -21.68617
-19.91075 16.77308 -21.67936
-20.06612 16.73265 -21.67201
-20.22303 16.69163 -21.66414
-20.38126 16.65001 -21.65575
-20.54061 16.60778 -21.64684
-20.70088 16.56493 -21.63743
-20.86188 16.52146 -21.62751
-21.02339 16.47736 -21.6171
-21.18522 16.43262 -21.60619
-21.34718 16.38722 -21.59481
-21.50904 16.34117 -21.58294
-21.67063 16.29445 -21.57061
-21.83173 16.24705 -21.55781
-21.99214 16.19897 -21.54455
-22.15167 16.1502 -21.53084
-22.31011 16.10072 -21.51669
-22.46726 16.05054 -21.50209
-22.62292 15.99963 -21.48706
-22.77689 15.948 -21.4716
-22.92896 15.89563 -21.45572
-23.07895 15.84252 -21.43943
-23.22664 15.78865 -21.42273
-23.37183 15.73403 -21.40562
-23.51433 15.67863 -21.38812
-23.65394 15.62245 -21.37023
-23.79044 15.56549 -21.35195
-23.92365 15.50773 -21.3333
-24.05335 15.44917 -21.31427
-24.17936 15.38979 -21.29488
-24.30146 15.32959 -21.27513
-24.41946 15.26856 -21.25503
-24.53316 15.20669 -21.23458
-24.64235 15.14398 -21.21379
-24.74684 15.08041 -21.19267
-24.84642 15.01597 -21.17121
-24.94089 14.95066 -21.14944
-25.03006 14.88447 -21.12735
-25.11371 14.81739 -21.10495
-25.19165 14.74942 -21.08225
-25.26369 14.68053 -21.05925
-25.3296 14.61073 -21.03596
-25.38921 14.54 -21.01239
-25.4423 14.46834 -20.98853
-25.48867 14.39574 -20.96441
-25.52813 14.32219 -20.94002
-25.56047 14.24768 -20.91537
-25.57609 14.2034 -20.90075
-25.60005 14.12784 -20.87531
-25.6232 14.05229 -20.84887
-25.64552 13.97676 -20.82144
-25.66706 13.90129 -20.79303
-25.68781 13.82588 -20.76366
-25.70779 13.75055 -20.73336
-25.727 13.67532 -20.70212
-25.74547 13.6002 -20.66998
-25.7632 13.52523 -20.63694
-25.7802 13.4504 -20.60302
-25.79649 13.37575 -20.56824
-25.81208 13.30128 -20.53262
-25.82697 13.22702 -20.49616
-25.84119 13.15298 -20.4589
-25.85475 13.07918 -20.42083
-25.86765 13.00564 -20.38199
-25.8799 12.93238 -20.34238
-25.89153 12.85942 -20.30202
-25.90253 12.78676 -20.26093
-25.91294 12.71443 -20.21912
-25.92274 12.64245 -20.17661
-25.93196 12.57084 -20.13342
-25.94061 12.49961 -20.08956
-25.9487 12.42877 -20.04504
-25.95625 12.35836 -19.9999
-25.96325 12.28838 -19.95412
-25.96974 12.21885 -19.90775
-25.97571 12.1498 -19.86079
-25.98118 12.08123 -19.81326
-25.98617 12.01317 -19.76518
-25.99067 11.94563 -19.71655
-25.99471 11.87864 -19.66741
-25.9983 11.8122 -19.61775
-26.00146 11.74634 -19.56761
-26.00418 11.68107 -19.51699
-26.00648 11.61642 -19.46591
-26.00838 11.5524 -19.41439
-26.00988 11.48902 -19.36245
-26.011 11.42631 -19.31009
-26.01176 11.36428 -19.25734
-26.01215 11.30296 -19.20421
-26.0122 11.24235 -19.15073
-26.01192 11.18247 -19.09689
-26.01131 11.12335 -19.04273
-26.0104 11.065 -18.98825
-26.00918 11.00744 -18.93348
-26.00768 10.95069 -18.87843
-26.00591 10.89476 -18.82311
-26.00387 10.83968 -18.76754
-26.00158 10.78545 -18.71174
-25.99905 10.7321 -18.65573
-25.99629 10.67964 -18.59951
-25.99332 10.6281 -18.54311
-25.99015 10.57749 -18.48655
-25.98678 10.52782 -18.42983
-25.98323 10.47913 -18.37297
-25.97952 10.43141 -18.316
-25.97565 10.3847 -18.25892
-25.97164 10.339 -18.20176
-25.96749 10.29434 -18.14452
-25.96323 10.25074 -18.08723
-25.95885 10.2082 -18.0299
-25.95438 10.16676 -17.97255
-25.94982 10.12642 -17.9152
-25.94519 10.08721 -17.85785
-25.9405 10.04914 -17.80053
-25.93576 10.01223 -17.74324
-25.93098 9.976494 -17.68602
-25.92618 9.941957 -17.62887
-25.92136 9.908633 -17.57182
-25.91853 9.889603 -17.5383
-25.91323 9.858772 -17.48214
-25.90701 9.830215 -17.42751
-25.89987 9.803874 -17.37434
-25.89185 9.779697 -17.32259
-25.88297 9.757629 -17.27218
-25.87326 9.737617 -17.22307
-25.86275 9.719604 -17.17519
-25.85145 9.703537 -17.12848
-25.8394 9.689362 -17.0829
-25.82661 9.677024 -17.03836
-25.81312 9.666467 -16.99483
-25.79896 9.65764 -16.95223
-25.78414 9.650486 -16.91052
-25.76869 9.64495 -16.86963
-25.75264 9.640982 -16.8295
-25.73601 9.638522 -16.79008
-25.71883 9.637519 -16.7513
-25.70113 9.637918 -16.71311
-25.68292 9.639664 -16.67546
-25.66425 9.642703 -16.63826
-25.64511 9.64698 -16.60149
-25.62556 9.652442 -16.56506
-25.60562 9.659033 -16.52893
-25.58529 9.666699 -16.49304
-25.56462 9.675386 -16.45732
-25.54364 9.68504 -16.42172
-25.52235 9.695606 -16.38618
-25.5008 9.707029 -16.35064
-25.479 9.719255 -16.31504
-25.45698 9.732231 -16.27933
-25.43476 9.745901 -16.24344
-25.41238 9.760211 -16.20732
-25.38986 9.775106 -16.17091
-25.36722 9.790533 -16.13414
-25.34449 9.806437 -16.09697
-25.32169 9.822762 -16.05932
-25.29885 9.839456 -16.02115
-25.276 9.856463 -15.98239
-25.25316 9.873729 -15.94299
-25.23035 9.8912 -15.90289
-25.20761 9.908822 -15.86202
-25.18495 9.926539 -15.82034
-25.16241 9.944298 -15.77777
-25.14001 9.962043 -15.73427
-25.11777 9.979721 -15.68977
-25.09571 9.997278 -15.64421
-25.07388 10.01466 -15.59754
-25.05228 10.03181 -15.5497
-25.03095 10.04867 -15.50063
-25.00992 10.0652 -15.45026
-24.9892 10.08133 -15.39855
-24.96882 10.09702 -15.34544
-24.94881 10.1122 -15.29085
-24.9292 10.12682 -15.23474
-24.91 10.14083 -15.17705
-24.89125 10.15418 -15.11771
-24.87297 10.16681 -15.05668
-24.85519 10.17866 -14.99389
-24.83793 10.18968 -14.92927
-24.82121 10.19982 -14.86278
-24.80507 10.20902 -14.79436
-24.78953 10.21723 -14.72394
-24.77461 10.22439 -14.65147
-24.76034 10.23046 -14.57689
-24.74674 10.23536 -14.50014
-24.73385 10.23906 -14.42116
