0.06810286 0.7294318 0.1303022 0.6680663
0.06774772 0.7294298 0.1299689 0.6681696
0.06724547 0.7294264 0.1294974 0.6683154
0.06660056 0.7294217 0.1288919 0.6685022
0.06581741 0.7294152 0.1281566 0.6687283
0.06490042 0.7294064 0.1272955 0.6689919
0.06385398 0.7293949 0.1263127 0.6692913
0.0626825 0.7293802 0.1252123 0.6696247
0.06139035 0.7293617 0.1239984 0.6699904
0.05998192 0.7293388 0.1226749 0.6703864
0.05846159 0.7293109 0.121246 0.6708109
0.05683374 0.7292774 0.1197158 0.6712619
0.0551028 0.7292376 0.1180882 0.6717377
0.05327314 0.7291908 0.1163674 0.6722361
0.05134919 0.7291366 0.1145575 0.6727554
0.04933539 0.7290741 0.1126625 0.6732935
0.04723617 0.7290028 0.1106866 0.6738487
0.04505602 0.7289222 0.1086339 0.674419
0.04279941 0.7288316 0.1065086 0.6750027
0.04047083 0.7287306 0.1043148 0.6755977
0.03807482 0.7286186 0.1020567 0.6762025
0.03561591 0.7284951 0.09973855 0.6768151
0.03309867 0.7283598 0.09736463 0.6774338
0.03052768 0.7282124 0.09493917 0.6780571
0.02790754 0.7280524 0.09246647 0.6786831
0.02524286 0.7278799 0.08995082 0.6793104
0.02253828 0.7276945 0.08739658 0.6799373
0.01979846 0.727496 0.08480807 0.6805624
0.01702806 0.7272846 0.08218971 0.6811844
0.01423177 0.7270601 0.07954587 0.6818017
0.01141427 0.7268228 0.07688097 0.6824132
0.008580277 0.7265727 0.07419942 0.6830176
0.0057345 0.7263102 0.07150568 0.6836137
0.00288163 0.7260355 0.0688042 0.6842004
2.641589E-05 0.7257491 0.06609942 0.6847767
-0.00282644 0.7254514 0.06339584 0.6853417
-0.005672201 0.725143 0.06069794 0.6858945
-0.008506171 0.7248244 0.05801019 0.6864343
-0.01132363 0.7244965 0.05533707 0.6869603
-0.01411988 0.72416 0.05268307 0.6874718
-0.01689021 0.7238156 0.05005266 0.6879683
-0.01962995 0.7234644 0.04745033 0.6884493
-0.02233443 0.7231072 0.04488054 0.6889142
-0.024999 0.7227452 0.04234776 0.6893628
-0.02761901 0.7223796 0.03985643 0.6897945
-0.03018986 0.7220112 0.03741101 0.6902093
-0.03270691 0.7216415 0.03501591 0.6906068
-0.03516561 0.7212717 0.03267556 0.6909869
-0.03756137 0.7209032 0.03039436 0.6913494
-0.03988967 0.7205371 0.02817669 0.6916944
-0.04214596 0.7201751 0.02602694 0.6920218
-0.04432575 0.7198185 0.02394945 0.6923317
-0.04642454 0.7194687 0.02194856 0.6926239
-0.04843788 0.7191272 0.02002863 0.6928988
-0.05036132 0.7187957 0.01819392 0.6931562
-0.05219038 0.7184755 0.01644878 0.6933964
-0.05392069 0.7181681 0.01479747 0.6936195
-0.05554781 0.7178753 0.01324429 0.6938257
-0.05706736 0.7175984 0.01179348 0.694015
-0.05847494 0.717339 0.0104493 0.6941875
-0.05976615 0.7170985 0.009216038 0.6943434
-0.06093661 0.7168784 0.008097914 0.6944829
-0.06198191 0.7166802 0.007099183 0.6946058
-0.0628977 0.7165053 0.006224084 0.6947123
-0.06367956 0.7163551 0.005476897 0.6948024
-0.06432307 0.7162307 0.004861847 0.6948759
-0.06482381 0.7161335 0.004383225 0.6949326
-0.06517732 0.7160648 0.004045292 0.6949725
-0.06537917 0.7160254 0.003852363 0.6949953
-0.06542842 0.7160158 0.003805265 0.6950008
0.0655249 -0.7159716 -0.003808134 -0.6950371
0.06581067 -0.7158409 -0.003816647 -0.6951448
0.0662802 -0.7156258 -0.003830634 -0.6953215
0.06692804 -0.7153287 -0.003849931 -0.695565
0.0677487 -0.7149518 -0.003874374 -0.6958728
0.06873671 -0.7144971 -0.0039038 -0.6962427
0.0698866 -0.7139667 -0.003938044 -0.6966721
0.07119291 -0.7133624 -0.003976943 -0.6971585
0.07265016 -0.7126863 -0.00402033 -0.6976991
0.0742529 -0.7119403 -0.004068043 -0.6982915
0.07599565 -0.711126 -0.004119917 -0.6989331
0.07787294 -0.7102456 -0.004175787 -0.6996211
0.07987927 -0.7093007 -0.004235488 -0.7003528
0.08200914 -0.7082931 -0.004298853 -0.7011255
0.08425702 -0.7072247 -0.004365717 -0.7019366
0.0866174 -0.7060972 -0.004435914 -0.7027833
0.08908475 -0.7049127 -0.004509276 -0.703663
0.09165349 -0.7036729 -0.004585637 -0.7045729
0.09431802 -0.7023799 -0.004664829 -0.7055104
0.09707279 -0.7010354 -0.004746683 -0.7064728
0.09991218 -0.6996415 -0.004831031 -0.7074574
0.1028305 -0.6982002 -0.004917704 -0.7084618
0.1058222 -0.6967138 -0.005006532 -0.7094833
0.1088816 -0.6951842 -0.005097347 -0.7105194
0.112003 -0.6936138 -0.005189979 -0.7115676
0.1151808 -0.6920047 -0.005284256 -0.7126255
0.1184091 -0.6903593 -0.005380007 -0.7136907
0.1216824 -0.6886802 -0.005477067 -0.7147609
0.1249949 -0.6869696 -0.005575259 -0.7158338
0.1283409 -0.6852303 -0.005674417 -0.7169073
0.1317147 -0.6834647 -0.005774369 -0.717979
0.1351107 -0.6816758 -0.005874947 -0.7190472
0.1385229 -0.6798661 -0.005975978 -0.7201096
0.1419458 -0.6780385 -0.006077295 -0.7211644
0.1453737 -0.6761963 -0.006178728 -0.7222098
0.1488009 -0.674342 -0.006280111 -0.723244
0.1522217 -0.6724789 -0.006381274 -0.7242651
0.1556305 -0.6706102 -0.006482051 -0.7252718
0.1590216 -0.6687391 -0.006582276 -0.7262623
0.1623895 -0.6668688 -0.006681784 -0.7272352
0.1657285 -0.6650027 -0.006780409 -0.7281892
0.1690331 -0.6631442 -0.00687799 -0.7291229
0.1722978 -0.6612968 -0.006974363 -0.7300352
0.175517 -0.6594641 -0.007069367 -0.7309248
0.1786854 -0.6576495 -0.007162843 -0.7317906
0.1817974 -0.6558567 -0.007254632 -0.7326316
0.1848478 -0.6540895 -0.007344575 -0.733447
0.187831 -0.6523513 -0.007432515 -0.7342357
0.1907419 -0.6506462 -0.007518299 -0.734997
0.193575 -0.6489778 -0.007601772 -0.7357301
0.1963252 -0.64735 -0.007682779 -0.7364343
0.1989872 -0.6457666 -0.007761169 -0.7371088
0.2015558 -0.6442314 -0.007836792 -0.7377532
0.2040259 -0.6427484 -0.007909496 -0.7383668
0.2063923 -0.6413213 -0.007979132 -0.7389489
0.2086499 -0.6399542 -0.008045554 -0.7394992
0.2107936 -0.638651 -0.008108611 -0.7400171
0.2128183 -0.6374153 -0.008168158 -0.7405022
0.214719 -0.6362513 -0.008224045 -0.7409537
0.2164906 -0.6351627 -0.008276128 -0.7413715
0.2181281 -0.6341535 -0.008324262 -0.7417548
0.2196264 -0.6332275 -0.008368298 -0.7421032
0.2209805 -0.6323885 -0.00840809 -0.7424161
0.2221853 -0.6316403 -0.008443491 -0.7426931
0.2232358 -0.6309866 -0.008474356 -0.7429334
0.2241269 -0.6304311 -0.00850053 -0.7431363
0.2248534 -0.6299775 -0.008521873 -0.7433013
0.2254102 -0.6296296 -0.008538227 -0.7434273
0.2257921 -0.6293906 -0.008549443 -0.7435135
0.2259939 -0.6292644 -0.008555371 -0.743559
0.2260263 -0.629244 -0.008556324 -0.7435663
0.2259483 -0.6292198 -0.008523775 -0.7436109
0.2257173 -0.6291478 -0.008427367 -0.7437431
0.2253376 -0.6290295 -0.008268951 -0.7439601
0.2248136 -0.6288659 -0.008050372 -0.7442592
0.2241497 -0.6286583 -0.007773471 -0.7446377
0.2233502 -0.6284078 -0.007440085 -0.7450926
0.2224194 -0.6281155 -0.007052046 -0.7456212
0.2213614 -0.6277822 -0.006611187 -0.7462205
0.2201807 -0.6274092 -0.006119336 -0.7468874
0.2188815 -0.6269972 -0.005578321 -0.7476191
0.217468 -0.6265473 -0.004989974 -0.7484125
0.2159443 -0.6260604 -0.004356124 -0.7492646
0.2143149 -0.6255375 -0.003678603 -0.7501723
0.2125839 -0.6249793 -0.002959248 -0.7511326
0.2107557 -0.6243869 -0.002199899 -0.7521424
0.2088344 -0.6237612 -0.001402396 -0.7531987
0.2068243 -0.6231031 -0.0005685846 -0.7542983
0.2047298 -0.6224137 0.0002996778 -0.7554381
0.2025552 -0.6216938 0.001200539 -0.7566153
0.2003048 -0.6209444 0.002132134 -0.7578269
0.1979829 -0.6201667 0.003092599 -0.7590695
0.195594 -0.6193616 0.004080056 -0.7603405
0.1931423 -0.6185302 0.005092627 -0.7616367
0.1906325 -0.6176738 0.006128434 -0.7629554
0.1880688 -0.6167932 0.007185579 -0.7642936
0.1854558 -0.61589 0.008262171 -0.7656484
0.182798 -0.6149653 0.009356309 -0.7670171
0.1800998 -0.6140202 0.01046609 -0.7683968
0.1773659 -0.6130564 0.01158962 -0.7697849
0.1746008 -0.6120751 0.01272496 -0.7711788
0.1718091 -0.6110777 0.01387022 -0.7725757
0.1689954 -0.6100658 0.01502348 -0.7739732
0.1661643 -0.6090409 0.01618282 -0.7753688
0.1633206 -0.6080045 0.01734632 -0.7767599
0.1604687 -0.6069584 0.01851206 -0.7781444
0.1576135 -0.6059041 0.01967814 -0.7795197
0.1547596 -0.6048435 0.02084262 -0.7808837
0.1519117 -0.6037784 0.02200361 -0.7822343
0.1490745 -0.6027104 0.02315917 -0.7835692
0.1462528 -0.6016417 0.02430743 -0.7848864
0.1434513 -0.600574 0.02544645 -0.7861839
0.1406748 -0.5995095 0.02657436 -0.7874598
0.1379278 -0.5984499 0.02768924 -0.7887122
0.1352154 -0.5973975 0.02878922 -0.7899394
0.132542 -0.5963544 0.02987241 -0.7911396
0.1299125 -0.5953225 0.03093694 -0.792311
0.1273316 -0.5943043 0.03198095 -0.7934522
0.1248041 -0.5933017 0.03300256 -0.7945614
0.1223346 -0.5923171 0.03399993 -0.7956373
0.1199279 -0.5913528 0.0349712 -0.7966783
0.1175887 -0.5904108 0.03591454 -0.797683
0.1153216 -0.5894937 0.03682812 -0.79865
0.1131314 -0.5886037 0.03771012 -0.799578
0.1110228 -0.5877432 0.0385587 -0.8004656
0.1090004 -0.5869143 0.03937206 -0.8013117
0.1070688 -0.5861197 0.04014841 -0.8021148
0.1052328 -0.5853614 0.04088592 -0.8028738
0.1034969 -0.5846421 0.04158282 -0.8035875
0.1018658 -0.583964 0.0422373 -0.8042547
0.1003442 -0.5833293 0.04284758 -0.8048739
0.09893657 -0.5827406 0.04341187 -0.8054442
0.09764759 -0.5822001 0.04392836 -0.8059642
0.09648187 -0.58171 0.04439531 -0.8064327
0.09544401 -0.5812728 0.04481088 -0.8068484
0.0945386 -0.5808908 0.04517332 -0.8072098
0.09377023 -0.580566 0.04548083 -0.8075159
0.09314349 -0.5803007 0.04573159 -0.8077648
0.09266301 -0.5800971 0.04592379 -0.8079554
0.09233336 -0.5799574 0.04605565 -0.808086
0.09215915 -0.5798835 0.04612532 -0.8081549
0.09213115 -0.5798716 0.04613653 -0.808166
-0.09218183 0.5802627 -0.04633202 0.8078683
-0.09233197 0.5814214 -0.0469117 0.8069841
-0.09257878 0.5833271 -0.04786632 0.8055232
-0.09291954 0.5859596 -0.04918775 0.8034911
-0.09335155 0.5892994 -0.05086883 0.8008896
-0.09387212 0.5933276 -0.05290328 0.7977166
-0.09447852 0.5980252 -0.05528546 0.7939668
-0.09516799 0.6033733 -0.05801031 0.789632
-0.09593765 0.6093523 -0.06107316 0.7847011
-0.09678453 0.6159422 -0.06446955 0.7791609
-0.09770542 0.6231219 -0.06819508 0.7729956
-0.09869698 0.6308688 -0.07224526 0.7661881
-0.09975555 0.6391588 -0.07661525 0.7587193
-0.1008772 0.6479659 -0.08129981 0.7505693
-0.1020577 0.6572617 -0.08629297 0.7417175
-0.1032924 0.667015 -0.09158793 0.7321429
-0.1045764 0.6771922 -0.09717681 0.7218249
-0.105904 0.6877561 -0.1030505 0.7107437
-0.1072695 0.6986665 -0.1091984 0.6988806
-0.1086666 0.7098797 -0.1156084 0.6862195
-0.1100884 0.7213485 -0.1222666 0.6727465
-0.1115276 0.7330222 -0.129157 0.6584517
-0.1129768 0.7448468 -0.136262 0.643329
-0.1144278 0.7567653 -0.1435616 0.6273776
-0.1158724 0.7687181 -0.151034 0.6106021
-0.1173021 0.7806429 -0.1586552 0.5930138
-0.1187082 0.7924766 -0.1663993 0.5746308
-0.1200821 0.8041547 -0.1742388 0.5554785
-0.1214152 0.815613 -0.1821446 0.5355904
-0.1226993 0.8267884 -0.1900863 0.5150079
-0.1239264 0.8376194 -0.198033 0.4937803
-0.1250892 0.8480481 -0.2059528 0.4719646
-0.126181 0.8580202 -0.2138144 0.4496255
-0.127196 0.8674868 -0.2215866 0.4268342
-0.128129 0.8764045 -0.229239 0.4036677
-0.1289762 0.8847372 -0.2367431 0.3802079
-0.1297345 0.8924555 -0.2440718 0.3565404
-0.1304023 0.899538 -0.2512003 0.3327535
-0.1309788 0.9059712 -0.2581066 0.3089363
-0.1314645 0.9117493 -0.2647712 0.2851781
-0.1318607 0.9168743 -0.2711777 0.2615662
-0.13217 0.9213556 -0.2773128 0.2381859
-0.1323957 0.9252093 -0.2831664 0.2151187
-0.132542 0.9284575 -0.2887311 0.1924414
-0.1326137 0.931128 -0.2940028 0.1702256
-0.1326163 0.9332528 -0.2989798 0.1485373
-0.1325555 0.9348678 -0.3036632 0.1274361
-0.1324374 0.9360118 -0.3080561 0.1069757
-0.1322685 0.9367255 -0.3121635 0.0872032
-0.1320552 0.937051 -0.3159924 0.06815978
-0.1318039 0.937031 -0.3195507 0.04988066
-0.1315211 0.9367081 -0.3228478 0.03239568
-0.1312129 0.9361246 -0.3258935 0.01572975
-0.1308854 0.9353216 -0.3286983 -9.687374E-05
-0.1305444 0.9343389 -0.3312731 -0.01506759
-0.1301954 0.933215 -0.3336287 -0.02916947
-0.1298437 0.9319861 -0.335776 -0.04239196
-0.1294942 0.9306868 -0.3377254 -0.05472703
-0.1291516 0.9293494 -0.339487 -0.06616797
-0.1288201 0.9280043 -0.3410704 -0.07670934
-0.1285037 0.9266798 -0.3424847 -0.08634616
-0.1282063 0.9254019 -0.3437378 -0.09507319
-0.1279311 0.9241945 -0.3448373 -0.1028853
-0.1276814 0.9230797 -0.3457896 -0.1097758
-0.1274602 0.9220776 -0.3466002 -0.1157371
-0.12727 0.9212061 -0.3472736 -0.1207595
-0.1271132 0.9204811 -0.347813 -0.1248312
-0.126992 0.919917 -0.3482207 -0.1279375
-0.1269084 0.9195259 -0.3484975 -0.1300612
-0.1268641 0.9193178 -0.3486428 -0.1311809
-0.1268569 0.9192843 -0.348666 -0.1313608
-0.1268005 0.9192829 -0.3485465 -0.1317426
-0.1266331 0.9192774 -0.3481918 -0.1328742
-0.1263573 0.9192657 -0.3476073 -0.1347353
-0.1259754 0.9192436 -0.3467971 -0.1373068
-0.1254891 0.9192058 -0.3457648 -0.1405702
-0.1249 0.9191454 -0.344513 -0.1445078
-0.1242094 0.9190547 -0.3430438 -0.1491022
-0.1234183 0.9189246 -0.3413586 -0.1543367
-0.1225277 0.9187452 -0.3394583 -0.1601945
-0.1215382 0.9185056 -0.3373437 -0.166659
-0.1204505 0.9181941 -0.3350149 -0.1737132
-0.1192651 0.9177984 -0.3324721 -0.1813402
-0.1179826 0.9173055 -0.3297152 -0.1895222
-0.1166034 0.9167019 -0.3267442 -0.1982412
-0.1151282 0.9159737 -0.3235591 -0.2074782
-0.1135576 0.9151068 -0.3201601 -0.2172135
-0.1118924 0.9140871 -0.3165476 -0.2274262
-0.1101336 0.9129 -0.3127223 -0.2380944
-0.1082823 0.9115317 -0.3086855 -0.249195
-0.1063399 0.9099683 -0.3044391 -0.2607037
-0.1043081 0.9081964 -0.2999852 -0.2725947
-0.1021889 0.9062036 -0.295327 -0.284841
-0.09998459 0.9039779 -0.2904684 -0.2974142
-0.09769774 0.9015085 -0.2854139 -0.3102845
-0.09533148 0.8987859 -0.2801692 -0.3234208
-0.09288924 0.8958017 -0.274741 -0.336791
-0.09037483 0.8925495 -0.2691367 -0.3503617
-0.08779249 0.889024 -0.2633648 -0.3640987
-0.08514693 0.8852222 -0.2574349 -0.3779669
-0.08244317 0.8811429 -0.2513578 -0.3919305
-0.07968668 0.8767871 -0.2451449 -0.4059537
-0.07688327 0.8721578 -0.2388088 -0.4200002
-0.07403909 0.8672602 -0.2323631 -0.4340338
-0.07116061 0.862102 -0.225822 -0.4480188
-0.06825458 0.8566927 -0.2192007 -0.4619198
-0.06532791 0.8510444 -0.2125149 -0.4757027
-0.06238776 0.8451711 -0.205781 -0.4893341
-0.05944139 0.8390887 -0.1990156 -0.5027819
-0.05649615 0.8328154 -0.1922359 -0.5160155
-0.05355941 0.8263707 -0.1854593 -0.5290064
-0.05063851 0.8197759 -0.1787031 -0.5417274
-0.04774074 0.8130536 -0.1719847 -0.5541534
-0.04487327 0.8062277 -0.1653213 -0.5662616
-0.04204311 0.799323 -0.1587301 -0.5780312
-0.03925707 0.792365 -0.1522275 -0.5894433
-0.03652176 0.7853799 -0.14583 -0.6004816
-0.03384349 0.7783943 -0.139553 -0.6111316
-0.03122837 0.7714349 -0.133412 -0.6213809
-0.02868217 0.7645284 -0.1274215 -0.6312191
-0.02621038 0.7577013 -0.1215953 -0.6406375
-0.02381817 0.75098 -0.1159468 -0.6496292
-0.02151049 0.7443902 -0.1104885 -0.6581891
-0.01929192 0.7379574 -0.1052326 -0.6663129
-0.0171668 0.7317063 -0.1001902 -0.6739979
-0.01513925 0.7256608 -0.09537226 -0.6812425
-0.01321306 0.7198445 -0.09078881 -0.6880457
-0.01139193 0.7142798 -0.08644962 -0.694407
-0.009679272 0.7089886 -0.08236381 -0.7003269
-0.008078414 0.7039921 -0.0785403 -0.7058055
-0.00659251 0.6993106 -0.07498753 -0.7108433
-0.005224652 0.6949638 -0.07171374 -0.7154406
-0.003977882 0.6909705 -0.06872704 -0.7195974
-0.002855164 0.6873494 -0.06603535 -0.7233132
-0.001859553 0.6841181 -0.06364658 -0.7265866
-0.0009940761 0.6812938 -0.06156873 -0.7294157
-0.0002618844 0.6788933 -0.05980991 -0.7317969
0.0003337573 0.6769329 -0.05837841 -0.733726
0.0007894477 0.6754286 -0.05728287 -0.7351967
0.001101601 0.6743958 -0.05653222 -0.7362019
0.0012664 0.6738499 -0.05613584 -0.7367316
0.001292884 0.6737621 -0.05607215 -0.7368168
0.00121406 0.6741109 -0.05637329 -0.7364748
0.00098017 0.6751447 -0.05726673 -0.7354585
0.0005945042 0.6768449 -0.05873955 -0.7337781
5.962909E-05 0.6791939 -0.06078139 -0.7314379
-0.0006225366 0.6821744 -0.06338412 -0.7284368
-0.001450651 0.6857697 -0.06654162 -0.7247689
-0.002423879 0.6899629 -0.07024956 -0.7204238
-0.003541815 0.6947366 -0.07450496 -0.7153863
-0.004804415 0.7000728 -0.07930607 -0.7096376
-0.006211922 0.7059525 -0.084652 -0.7031548
-0.00776477 0.7123545 -0.09054235 -0.6959115
-0.009463507 0.7192563 -0.09697696 -0.6878781
-0.01130869 0.7266322 -0.1039554 -0.6790221
-0.01330078 0.7344536 -0.1114768 -0.6693085
-0.01544004 0.7426883 -0.119539 -0.6587003
-0.01772637 0.7512999 -0.1281385 -0.6471591
-0.0201592 0.7602471 -0.1372696 -0.6346457
-0.02273734 0.7694836 -0.1469241 -0.621121
-0.02545881 0.7789574 -0.1570906 -0.6065475
-0.02832069 0.7886106 -0.1677537 -0.5908892
-0.03131892 0.7983792 -0.178894 -0.5741139
-0.03444819 0.8081929 -0.1904869 -0.5561946
-0.03770175 0.8179754 -0.2025024 -0.5371104
-0.04107133 0.827645 -0.214905 -0.5168489
-0.04454697 0.837115 -0.2276526 -0.4954074
-0.04811699 0.8462948 -0.2406973 -0.4727946
-0.051768 0.8550916 -0.2539848 -0.4490324
-0.05548497 0.8634118 -0.2674553 -0.4241571
-0.05925125 0.8711627 -0.2810435 -0.3982204
-0.06304885 0.8782552 -0.2946798 -0.3712902
-0.0668587 0.8846061 -0.3082914 -0.3434505
-0.07066094 0.8901403 -0.3218036 -0.314801
-0.07443533 0.8947929 -0.3351414 -0.2854563
-0.07816169 0.8985118 -0.3482309 -0.255544
-0.08182032 0.9012588 -0.3610013 -0.2252022
-0.08539255 0.9030117 -0.3733867 -0.1945772
-0.08886103 0.9037643 -0.385327 -0.1638198
-0.09221013 0.9035264 -0.3967699 -0.1330829
-0.09542635 0.9023238 -0.4076712 -0.1025174
-0.09849844 0.9001969 -0.4179962 -0.07226891
-0.1014176 0.8971993 -0.4277194 -0.04247564
-0.1041773 0.8933954 -0.4368246 -0.01326546
-0.1067737 0.8888592 -0.4453048 0.01524609
-0.1092049 0.8836707 -0.4531612 0.04295675
-0.1114714 0.8779148 -0.4604028 0.0697787
-0.1135754 0.8716784 -0.4670448 0.09563828
-0.1155206 0.8650487 -0.4731081 0.1204764
-0.1173122 0.8581116 -0.4786179 0.1442471
-0.1189563 0.8509502 -0.4836029 0.1669172
-0.1204599 0.8436438 -0.4880939 0.1884645
-0.1218306 0.8362669 -0.4921232 0.2088774
-0.123076 0.8288888 -0.495724 0.2281521
-0.1242042 0.8215735 -0.4989292 0.2462926
-0.1252232 0.8143794 -0.5017712 0.2633081
-0.1261407 0.8073593 -0.5042814 0.2792126
-0.1269642 0.8005612 -0.50649 0.2940233
-0.127701 0.794028 -0.5084254 0.3077591
-0.1283577 0.7877979 -0.5101141 0.3204409
-0.1289408 0.7819054 -0.5115811 0.332089
-0.1294561 0.776381 -0.5128489 0.3427238
-0.129909 0.7712525 -0.5139385 0.352364
-0.1303042 0.7665448 -0.5148686 0.3610267
-0.130646 0.7622805 -0.5156557 0.3687267
-0.1309382 0.7584802 -0.5163147 0.3754758
-0.1311841 0.7551635 -0.5168585 0.3812824
-0.1313862 0.7523484 -0.5172976 0.3861513
-0.1315467 0.7500523 -0.5176409 0.3900831
-0.1316672 0.7482925 -0.5178953 0.3930733
-0.1317485 0.7470853 -0.5180654 0.3951129
-0.1317911 0.7464474 -0.5181538 0.3961868
-0.1317979 0.7463449 -0.518168 0.3963591
0.1318686 -0.7464302 0.5179257 -0.3964915
0.1320781 -0.7466826 0.5172077 -0.3968836
0.1324224 -0.7470964 0.5160264 -0.3975274
0.1328973 -0.7476652 0.5143934 -0.3984152
0.1334987 -0.7483821 0.5123195 -0.3995386
0.1342226 -0.74924 0.509815 -0.4008896
0.1350649 -0.7502311 0.5068895 -0.4024596
0.1360214 -0.7513476 0.5035523 -0.4042402
0.1370879 -0.7525808 0.4998122 -0.4062226
0.1382601 -0.7539222 0.495678 -0.4083979
0.1395337 -0.7553626 0.491158 -0.4107571
0.1409044 -0.7568929 0.4862607 -0.4132911
0.1423677 -0.7585036 0.4809945 -0.4159904
0.1439191 -0.760185 0.4753679 -0.4188454
0.1455539 -0.7619271 0.4693895 -0.4218466
0.1472676 -0.7637202 0.4630684 -0.4249839
0.1490553 -0.7655541 0.4564138 -0.4282475
0.1509122 -0.7674187 0.4494354 -0.4316271
0.1528332 -0.7693039 0.4421433 -0.4351124
0.1548135 -0.7711999 0.4345482 -0.4386929
0.1568478 -0.7730964 0.4266613 -0.4423582
0.158931 -0.7749839 0.4184946 -0.4460977
0.161058 -0.7768527 0.4100605 -0.4499007
0.1632233 -0.7786934 0.4013721 -0.4537567
0.1654217 -0.7804971 0.3924434 -0.457655
0.1676478 -0.7822551 0.3832891 -0.461585
0.1698963 -0.7839591 0.3739244 -0.4655361
0.1721618 -0.7856013 0.3643655 -0.4694983
0.1744391 -0.7871745 0.3546291 -0.4734612
0.1767229 -0.788672 0.3447326 -0.4774149
0.1790079 -0.7900876 0.3346941 -0.4813498
0.1812891 -0.7914159 0.3245324 -0.4852564
0.1835615 -0.7926523 0.3142666 -0.4891258
0.1858202 -0.7937926 0.3039165 -0.4929493
0.1880604 -0.7948336 0.2935023 -0.4967186
0.1902776 -0.7957727 0.2830446 -0.5004259
0.1924674 -0.7966082 0.2725642 -0.504064
0.1946256 -0.7973391 0.2620822 -0.5076261
0.1967483 -0.7979652 0.25162 -0.5111057
0.1988316 -0.7984871 0.2411987 -0.5144973
0.200872 -0.7989062 0.2308399 -0.5177956
0.2028663 -0.7992244 0.2205648 -0.520996
0.2048113 -0.7994446 0.2103945 -0.5240944
0.2067043 -0.7995701 0.2003499 -0.5270872
0.2085426 -0.7996051 0.1904519 -0.5299715
0.2103239 -0.7995542 0.1807207 -0.5327447
0.2120461 -0.7994227 0.1711764 -0.535405
0.2137074 -0.7992162 0.1618386 -0.5379508
0.215306 -0.7989408 0.1527266 -0.5403809
0.2168404 -0.7986031 0.1438591 -0.542695
0.2183095 -0.7982101 0.1352543 -0.5448926
0.219712 -0.7977688 0.1269301 -0.5469739
0.221047 -0.7972866 0.1189038 -0.5489392
0.2223138 -0.796771 0.1111923 -0.5507892
0.2235116 -0.7962298 0.103812 -0.5525248
0.2246398 -0.7956707 0.09677897 -0.5541469
0.2256979 -0.7951015 0.09010879 -0.5556569
0.2266855 -0.7945296 0.08381668 -0.5570558
0.227602 -0.793963 0.07791772 -0.5583449
0.2284471 -0.7934089 0.07242651 -0.5595255
0.2292202 -0.7928746 0.06735754 -0.5605987
0.229921 -0.7923675 0.06272527 -0.5615655
0.2305488 -0.791894 0.05854379 -0.5624267
0.2311029 -0.7914608 0.05482749 -0.5631831
0.2315827 -0.791074 0.05159053 -0.563835
0.2319872 -0.7907392 0.0488473 -0.5643823
0.2323153 -0.7904618 0.04661241 -0.5648249
0.2325657 -0.7902464 0.04490066 -0.5651617
0.232737 -0.7900974 0.04372704 -0.5653916
0.2328273 -0.7900181 0.04310712 -0.5655127
0.2328418 -0.7900054 0.04300749 -0.5655321
-0.2327739 0.7900537 -0.04306073 0.5654885
-0.2325727 0.7901969 -0.04321841 0.5653592
-0.232242 0.7904319 -0.04347749 0.5651467
-0.2317856 0.7907557 -0.04383494 0.5648533
-0.2312073 0.7911655 -0.04428774 0.5644811
-0.2305107 0.791658 -0.04483287 0.5640324
-0.2296996 0.7922299 -0.04546729 0.5635092
-0.2287776 0.7928782 -0.046188 0.5629137
-0.2277483 0.7935993 -0.04699195 0.5622479
-0.2266154 0.7943901 -0.04787614 0.5615137
-0.2253826 0.7952473 -0.04883754 0.5607133
-0.2240534 0.7961674 -0.0498731 0.5598485
-0.2226315 0.7971469 -0.0509798 0.5589213
-0.2211205 0.7981826 -0.0521546 0.5579338
-0.219524 0.799271 -0.05339444 0.5568879
-0.2178458 0.8004087 -0.05469627 0.5557856
-0.2160894 0.8015921 -0.05605702 0.5546288
-0.2142586 0.8028179 -0.05747363 0.5534196
-0.2123571 0.8040829 -0.05894301 0.5521602
-0.2103886 0.8053836 -0.06046208 0.5508524
-0.2083567 0.8067165 -0.06202773 0.5494985
-0.2062654 0.8080784 -0.06363686 0.5481006
-0.2041184 0.8094661 -0.06528635 0.5466608
-0.2019195 0.8108763 -0.06697311 0.5451815
-0.1996725 0.8123057 -0.06869397 0.5436648
-0.1973815 0.8137513 -0.07044583 0.5421132
-0.1950502 0.81521 -0.07222555 0.540529
-0.1926826 0.8166787 -0.07402997 0.5389146
-0.1902827 0.8181545 -0.07585596 0.5372725
-0.1878545 0.8196343 -0.07770036 0.5356052
-0.185402 0.8211156 -0.07956006 0.5339154
-0.1829292 0.8225953 -0.08143188 0.5322055
-0.1804402 0.8240709 -0.08331271 0.5304786
-0.1779391 0.8255397 -0.08519938 0.5287371
-0.1754301 0.8269992 -0.08708876 0.526984
-0.1729171 0.828447 -0.08897775 0.5252221
-0.1704045 0.8298806 -0.09086323 0.5234543
-0.1678963 0.8312978 -0.09274206 0.5216836
-0.1653968 0.8326963 -0.09461118 0.5199131
-0.1629101 0.834074 -0.09646747 0.5181456
-0.1604405 0.8354289 -0.09830791 0.5163845
-0.1579921 0.836759 -0.1001294 0.5146329
-0.1555692 0.8380625 -0.1019289 0.5128939
-0.153176 0.8393374 -0.1037034 0.5111707
-0.1508167 0.8405822 -0.1054499 0.5094666
-0.1484956 0.8417951 -0.1071654 0.5077851
-0.1462168 0.8429746 -0.1088469 0.5061293
-0.1439846 0.8441191 -0.1104915 0.5045027
-0.1418032 0.8452274 -0.1120963 0.5029085
-0.1396768 0.8462979 -0.1136582 0.5013503
-0.1376096 0.8473293 -0.1151745 0.4998315
-0.1356058 0.8483204 -0.1166422 0.4983555
-0.1336697 0.8492699 -0.1180585 0.4969259
-0.1318053 0.8501767 -0.1194204 0.4955458
-0.1300169 0.8510396 -0.1207253 0.4942191
-0.1283087 0.8518577 -0.1219703 0.492949
-0.1266846 0.8526296 -0.1231524 0.4917391
-0.125149 0.8533544 -0.124269 0.4905928
-0.123706 0.854031 -0.1253173 0.4895136
-0.1223596 0.8546582 -0.1262943 0.488505
-0.121114 0.8552352 -0.1271975 0.4875705
-0.1199733 0.8557607 -0.1280239 0.4867133
-0.1189416 0.8562337 -0.1287708 0.4859371
-0.118023 0.8566529 -0.1294354 0.4852452
-0.1172215 0.8570172 -0.1300148 0.4846409
-0.1165414 0.8573254 -0.1305063 0.4841276
-0.1159866 0.857576 -0.1309071 0.4837085
-0.1155613 0.8577676 -0.1312142 0.4833871
-0.1152694 0.857899 -0.1314249 0.4831664
-0.1151152 0.8579683 -0.1315363 0.4830498
-0.1150904 0.8579794 -0.1315541 0.4830311
-0.1150983 0.858206 -0.1314309 0.4826601
-0.1151215 0.8588766 -0.1310654 0.4815598
-0.1151592 0.8599769 -0.1304633 0.4797471
-0.1152105 0.8614918 -0.1296297 0.4772365
-0.1152741 0.8634049 -0.1285688 0.4740401
-0.1153487 0.8656994 -0.1272842 0.4701682
-0.1154326 0.8683573 -0.1257791 0.4656293
-0.1155242 0.8713599 -0.1240562 0.4604304
-0.1156216 0.8746875 -0.1221179 0.4545775
-0.1157227 0.8783193 -0.1199662 0.4480755
-0.1158255 0.8822334 -0.1176032 0.4409288
-0.1159275 0.886407 -0.1150306 0.4331413
-0.1160263 0.890816 -0.1122503 0.424717
-0.1161194 0.8954353 -0.1092642 0.4156601
-0.1162041 0.9002385 -0.1060744 0.4059748
-0.1162776 0.905198 -0.1026833 0.3956668
-0.1163373 0.9102854 -0.09909362 0.3847422
-0.1163801 0.915471 -0.09530856 0.3732089
-0.1164031 0.9207241 -0.09133182 0.3610761
-0.1164036 0.9260134 -0.08716775 0.3483551
-0.1163785 0.9313067 -0.08282139 0.3350591
-0.116325 0.9365713 -0.07829858 0.3212041
-0.1162404 0.9417745 -0.0736059 0.3068082
-0.1161221 0.9468832 -0.06875087 0.2918926
-0.1159676 0.9518648 -0.06374191 0.2764812
-0.1157746 0.9566874 -0.05858842 0.2606011
-0.1155411 0.9613196 -0.05330069 0.2442823
-0.1152654 0.9657317 -0.04788994 0.2275579
-0.1149459 0.9698955 -0.04236832 0.210464
-0.1145817 0.9737846 -0.03674885 0.1930396
-0.1141719 0.9773749 -0.03104525 0.1753261
-0.1137163 0.9806454 -0.02527203 0.1573677
-0.113215 0.9835775 -0.01944426 0.1392102
-0.1126684 0.9861563 -0.0135775 0.1209018
-0.1120775 0.9883699 -0.00768763 0.1024915
-0.1114436 0.9902102 -0.001790717 0.08402954
-0.1107687 0.9916726 0.004097029 0.06556649
-0.1100548 0.9927564 0.00995954 0.04715318
-0.1093046 0.9934645 0.01578093 0.02883981
-0.1085211 0.9938033 0.02154572 0.01067583
-0.1077073 0.9937828 0.0272389 -0.007290616
-0.106867 0.9934158 0.03284604 -0.02501298
-0.1060037 0.9927188 0.03835343 -0.04244668
-0.1051216 0.9917104 0.04374813 -0.05954947
-0.1042247 0.9904118 0.04901811 -0.07628164
-0.1033172 0.9888465 0.05415215 -0.09260599
-0.1024034 0.9870392 0.05914002 -0.1084882
-0.1014875 0.9850165 0.06397235 -0.1238968
-0.1005739 0.9828057 0.06864076 -0.1388029
-0.09966678 0.9804351 0.07313774 -0.1531807
-0.09877031 0.9779333 0.07745663 -0.167007
-0.09788854 0.975329 0.08159158 -0.180261
-0.09702541 0.9726508 0.08553749 -0.1929243
-0.09618476 0.9699272 0.08928992 -0.2049807
-0.09537025 0.9671859 0.09284502 -0.2164158
-0.09458541 0.9644541 0.0961995 -0.227217
-0.09383361 0.9617582 0.09935039 -0.2373731
-0.09311806 0.9591236 0.1022952 -0.2468738
-0.09244187 0.9565747 0.1050315 -0.25571
-0.09180795 0.9541351 0.1075572 -0.263873
-0.0912191 0.9518269 0.1098702 -0.2713544
-0.09067802 0.9496714 0.1119683 -0.2781456
-0.09018725 0.9476884 0.1138494 -0.2842383
-0.08974928 0.9458969 0.1155109 -0.289623
-0.08936645 0.9443144 0.1169502 -0.29429
-0.08904108 0.9429576 0.1181642 -0.2982281
-0.08877536 0.9418415 0.1191493 -0.3014249
-0.08857147 0.9409804 0.1199014 -0.3038663
-0.08843148 0.9403868 0.1204159 -0.3055367
-0.08835749 0.9400722 0.1206872 -0.3064178
-0.08834559 0.9400215 0.1207308 -0.3065594
0.08820628 -0.9400437 -0.120695 0.3065454
0.08779366 -0.9401095 -0.120589 0.3065041
0.08711556 -0.9402171 -0.1204148 0.3064361
0.08617975 -0.9403647 -0.1201743 0.306342
0.08499397 -0.9405505 -0.1198694 0.3062223
0.08356592 -0.9407724 -0.119502 0.3060775
0.08190321 -0.9410279 -0.119074 0.3059082
0.08001347 -0.9413148 -0.1185872 0.3057146
0.07790428 -0.9416307 -0.1180433 0.3054971
0.0755832 -0.9419728 -0.1174443 0.3052561
0.07305786 -0.9423386 -0.1167919 0.304992
0.07033581 -0.9427255 -0.1160879 0.3047049
0.06742468 -0.9431307 -0.1153342 0.3043951
0.06433208 -0.9435515 -0.1145324 0.3040631
0.06106569 -0.943985 -0.1136845 0.303709
0.0576332 -0.9444286 -0.1127923 0.3033331
0.05404235 -0.9448795 -0.1118575 0.3029359
0.05030095 -0.945335 -0.110882 0.3025174
0.04641681 -0.9457924 -0.1098678 0.3020782
0.04239785 -0.9462492 -0.1088167 0.3016187
0.038252 -0.9467028 -0.1077305 0.3011391
0.0339873 -0.9471508 -0.1066113 0.3006399
0.02961181 -0.9475907 -0.105461 0.3001216
0.02513363 -0.9480204 -0.1042816 0.2995847
0.02056099 -0.9484376 -0.1030752 0.2990299
0.0159021 -0.9488404 -0.1018436 0.2984575
0.01116528 -0.9492268 -0.1005891 0.2978684
0.006358848 -0.9495952 -0.09931371 0.2972632
0.001491201 -0.9499437 -0.09801956 0.2966427
-0.003429216 -0.9502711 -0.09670882 0.2960077
-0.00839396 -0.9505759 -0.09538364 0.295359
-0.01339452 -0.9508572 -0.09404626 0.2946975
-0.0184224 -0.9511137 -0.09269889 0.2940243
-0.02346904 -0.9513448 -0.09134377 0.2933403
-0.02852588 -0.9515499 -0.08998319 0.2926467
-0.03358442 -0.9517285 -0.08861941 0.2919445
-0.0386361 -0.9518803 -0.08725477 0.291235
-0.04367235 -0.9520051 -0.08589157 0.2905194
-0.0486847 -0.9521033 -0.08453214 0.2897991
-0.05366461 -0.9521748 -0.08317885 0.2890753
-0.05860367 -0.9522203 -0.08183406 0.2883495
-0.06349342 -0.9522402 -0.0805001 0.2876231
-0.06832545 -0.9522353 -0.07917936 0.2868976
-0.07309147 -0.9522066 -0.07787421 0.2861746
-0.0777832 -0.9521551 -0.07658703 0.2854556
-0.08239235 -0.952082 -0.07532018 0.2847423
-0.08691084 -0.9519888 -0.07407604 0.2840362
-0.0913305 -0.9518769 -0.07285698 0.2833391
-0.09564331 -0.9517478 -0.07166535 0.2826527
-0.09984127 -0.9516034 -0.07050352 0.2819787
-0.1039165 -0.9514454 -0.06937382 0.2813188
-0.1078611 -0.9512758 -0.06827864 0.2806749
-0.1116674 -0.9510965 -0.06722023 0.2800487
-0.1153275 -0.9509097 -0.066201 0.279442
-0.1188339 -0.9507173 -0.06522319 0.2788566
-0.1221789 -0.9505217 -0.06428916 0.2782944
-0.1253549 -0.9503249 -0.06340116 0.2777572
-0.1283545 -0.9501292 -0.06256149 0.2772467
-0.1311701 -0.9499367 -0.06177244 0.2767649
-0.1337942 -0.9497498 -0.06103624 0.2763134
-0.1362195 -0.9495704 -0.06035516 0.275894
-0.1384384 -0.9494008 -0.05973147 0.2755086
-0.1404436 -0.949243 -0.05916739 0.275159
-0.1422276 -0.9490991 -0.05866516 0.2748468
-0.143783 -0.9489707 -0.05822702 0.2745737
-0.1451021 -0.9488598 -0.05785518 0.2743415
-0.1461777 -0.948768 -0.05755189 0.2741517
-0.1470019 -0.9486969 -0.05731938 0.2740059
-0.1475673 -0.9486476 -0.05715984 0.2739059
-0.147866 -0.9486215 -0.05707555 0.273853
-0.147914 -0.9486172 -0.05706199 0.2738445
0.1478527 0.948716 0.05728659 -0.273488
0.1476708 0.949008 0.0579523 -0.272431
0.147371 0.949485 0.0590475 -0.2706906
0.1469554 0.9501374 0.06056133 -0.2682823
0.1464255 0.9509542 0.06248355 -0.2652198
0.1457828 0.9519231 0.06480443 -0.2615153
0.145028 0.9530305 0.06751465 -0.2571799
0.1441616 0.9542618 0.07060518 -0.2522236
0.1431841 0.955601 0.07406717 -0.2466559
0.1420954 0.9570311 0.0778918 -0.2404854
0.1408954 0.9585341 0.08207023 -0.2337207
0.1395841 0.9600909 0.08659343 -0.22637
0.138161 0.9616814 0.09145211 -0.218442
0.1366259 0.9632849 0.09663653 -0.2099455
0.1349785 0.9648794 0.1021365 -0.2008898
0.1332187 0.9664426 0.1079411 -0.1912854
0.1313464 0.9679517 0.1140388 -0.1811433
0.1293619 0.9693828 0.1204173 -0.1704761
0.1272655 0.9707124 0.1270633 -0.1592978
0.125058 0.9719165 0.1339627 -0.1476239
0.1227406 0.9729712 0.1411002 -0.1354716
0.1203146 0.9738529 0.1484596 -0.1228603
0.1177821 0.9745386 0.1560238 -0.1098112
0.1151456 0.9750059 0.1637743 -0.09634772
0.112408 0.9752337 0.1716918 -0.08249555
0.109573 0.975202 0.1797562 -0.06828249
0.1066448 0.9748925 0.1879462 -0.05373863
0.103628 0.9742886 0.1962398 -0.03889601
0.1005282 0.9733762 0.2046146 -0.02378886
0.09735131 0.9721431 0.2130472 -0.008453239
0.09410394 0.9705802 0.2215143 0.007073198
0.09079326 0.9686809 0.2299922 0.0227513
0.08742692 0.9664416 0.2384571 0.03854081
0.08401311 0.963862 0.2468856 0.05440044
0.0805604 0.9609447 0.2552545 0.07028854
0.0770777 0.9576955 0.2635416 0.08616333
0.07357422 0.9541237 0.271725 0.1019829
0.07005939 0.950241 0.2797839 0.117706
0.06654274 0.9460627 0.2876989 0.1332922
0.06303386 0.9416065 0.2954515 0.1487022
0.05954228 0.9368928 0.3030247 0.163898
0.0560775 0.9319443 0.3104033 0.1788435
0.05264873 0.9267856 0.317573 0.1935044
0.04926503 0.9214433 0.3245217 0.2078484
0.04593509 0.9159452 0.3312385 0.2218457
0.04266732 0.9103204 0.3377143 0.2354684
0.03946966 0.9045989 0.3439414 0.2486914
0.03634973 0.8988111 0.3499135 0.2614915
0.03331464 0.892988 0.3556259 0.2738484
0.03037111 0.8871602 0.361075 0.2857434
0.02752536 0.8813584 0.3662587 0.2971606
0.02478322 0.8756129 0.3711753 0.3080855
0.02215007 0.8699535 0.3758247 0.318506
0.0196309 0.8644091 0.3802074 0.3284111
0.01723036 0.8590081 0.3843242 0.3377917
0.01495267 0.8537775 0.3881768 0.3466398
0.01280188 0.8487439 0.3917672 0.3549484
0.0107817 0.8439326 0.3950976 0.3627114
0.008895618 0.8393679 0.3981701 0.3699229
0.007147008 0.8350733 0.400987 0.376578
0.005539069 0.831071 0.4035505 0.3826714
0.004074978 0.8273824 0.4058624 0.3881978
0.002757839 0.824028 0.4079239 0.3931517
0.001590829 0.8210275 0.4097362 0.3975269
0.0005771535 0.8183994 0.4112993 0.4013164
-0.0002798292 0.8161619 0.4126129 0.4045125
-0.0009766051 0.8143319 0.4136755 0.4071057
-0.001509412 0.8129263 0.4144848 0.4090855
-0.001874269 0.8119604 0.4150375 0.4104397
-0.002066853 0.8114495 0.4153286 0.411154
-0.0020978 0.8113674 0.4153753 0.4112687
0.002047585 -0.8115823 -0.4152148 -0.411007
0.001898775 -0.8122185 -0.4147386 -0.410231
0.001654007 -0.8132627 -0.4139542 -0.4089535
0.001315787 -0.814701 -0.4128681 -0.4071861
0.0008865019 -0.8165189 -0.4114857 -0.404939
0.0003684416 -0.8187013 -0.4098118 -0.4022217
-0.0002361803 -0.8212326 -0.4078504 -0.3990427
-0.0009252062 -0.8240966 -0.4056047 -0.3954098
-0.001696517 -0.8272763 -0.4030779 -0.3913302
-0.002548011 -0.8307545 -0.4002723 -0.3868109
-0.003477579 -0.834513 -0.3971904 -0.3818583
-0.004483094 -0.8385333 -0.3938341 -0.3764791
-0.005562383 -0.8427963 -0.3902053 -0.3706796
-0.006713214 -0.8472819 -0.3863063 -0.3644664
-0.007933275 -0.8519698 -0.3821391 -0.3578465
-0.00922016 -0.8568392 -0.3777061 -0.3508273
-0.01057135 -0.8618683 -0.3730099 -0.3434166
-0.01198421 -0.8670353 -0.3680537 -0.3356229
-0.01345596 -0.8723177 -0.3628412 -0.3274556
-0.01498367 -0.8776926 -0.3573765 -0.3189248
-0.01656428 -0.8831373 -0.3516647 -0.310042
-0.01819453 -0.8886284 -0.3457113 -0.3008192
-0.01987103 -0.8941426 -0.339523 -0.2912701
-0.02159024 -0.8996568 -0.333107 -0.2814092
-0.02334841 -0.905148 -0.326472 -0.2712526
-0.02514169 -0.9105936 -0.3196271 -0.2608175
-0.02696606 -0.9159715 -0.3125827 -0.2501223
-0.02881737 -0.9212602 -0.3053504 -0.2391869
-0.03069137 -0.9264392 -0.2979425 -0.2280323
-0.0325837 -0.9314889 -0.2903725 -0.2166808
-0.03448993 -0.9363909 -0.2826547 -0.2051557
-0.03640557 -0.941128 -0.2748048 -0.1934814
-0.0383261 -0.9456846 -0.2668387 -0.1816833
-0.04024702 -0.9500466 -0.2587738 -0.1697875
-0.04216381 -0.9542016 -0.2506276 -0.1578207
-0.04407205 -0.9581389 -0.2424187 -0.1458102
-0.04596736 -0.9618499 -0.2341659 -0.1337836
-0.04784547 -0.9653277 -0.2258885 -0.1217688
-0.04970223 -0.9685673 -0.2176063 -0.1097936
-0.05153367 -0.9715657 -0.209339 -0.09788566
-0.05333593 -0.9743218 -0.2011064 -0.08607243
-0.05510539 -0.9768365 -0.1929284 -0.07438085
-0.0568386 -0.9791122 -0.1848245 -0.0628373
-0.05853233 -0.9811533 -0.1768142 -0.05146753
-0.06018358 -0.9829656 -0.1689163 -0.04029631
-0.06178953 -0.9845566 -0.1611496 -0.0293477
-0.06334764 -0.9859348 -0.1535319 -0.01864461
-0.06485555 -0.9871104 -0.1460807 -0.008209143
-0.06631113 -0.9880942 -0.1388129 0.0019379
-0.06771246 -0.9888982 -0.1317448 0.01177654
-0.06905782 -0.9895352 -0.1248917 0.02128811
-0.07034566 -0.9900185 -0.1182686 0.03045479
-0.07157464 -0.9903618 -0.1118895 0.03925988
-0.07274349 -0.9905793 -0.1057681 0.04768758
-0.07385118 -0.9906853 -0.0999173 0.05572294
-0.07489672 -0.9906943 -0.09434935 0.06335201
-0.07587922 -0.9906205 -0.08907612 0.07056119
-0.07679789 -0.990478 -0.0841089 0.0773379
-0.07765195 -0.9902807 -0.07945862 0.08366969
-0.07844072 -0.9900422 -0.07513592 0.08954482
-0.07916343 -0.9897752 -0.07115103 0.09495163
-0.07981936 -0.9894923 -0.06751417 0.09987861
-0.08040772 -0.9892052 -0.06423531 0.1043143
-0.08092768 -0.988925 -0.06132448 0.1082472
-0.08137829 -0.9886617 -0.05879173 0.1116656
-0.08175849 -0.9884247 -0.0566472 0.1145572
-0.08206712 -0.9882222 -0.0549014 0.1169093
-0.08230284 -0.9880614 -0.0535651 0.1187086
-0.08246408 -0.9879484 -0.0526493 0.1199411
-0.08254915 -0.9878877 -0.05216573 0.1205918
-0.08256282 -0.9878778 -0.052088 0.1206963
0.08274715 0.987832 0.0520209 -0.1209748
0.08329327 0.9876951 0.05182204 -0.1217999
0.08419115 0.9874678 0.0514949 -0.1231564
0.08543106 0.9871493 0.05104277 -0.1250297
0.08700348 0.9867377 0.05046876 -0.1274054
0.08889913 0.9862298 0.04977581 -0.1302696
0.09110884 0.9856218 0.04896677 -0.1336082
0.0936235 0.9849089 0.04804434 -0.1374078
0.09643413 0.9840856 0.0470112 -0.1416546
0.09953166 0.9831457 0.04586995 -0.1463351
0.102907 0.9820826 0.04462319 -0.1514354
0.1065508 0.9808892 0.0432735 -0.1569417
0.1104538 0.9795581 0.04182352 -0.1628399
0.1146064 0.9780815 0.04027592 -0.1691153
0.1189986 0.9764516 0.03863346 -0.1757533
0.1236202 0.9746606 0.03689899 -0.1827383
0.128461 0.9727008 0.0350755 -0.1900547
0.1335098 0.9705644 0.03316607 -0.1976861
0.1387556 0.9682444 0.03117399 -0.2056156
0.1441868 0.9657338 0.02910269 -0.2138257
0.1497912 0.9630263 0.02695577 -0.2222982
0.1555565 0.960116 0.02473706 -0.2310143
0.1614698 0.956998 0.02245054 -0.2399548
0.1675179 0.9536682 0.02010043 -0.2490997
0.1736872 0.9501234 0.01769114 -0.2584285
0.1799639 0.9463615 0.0152273 -0.2679201
0.1863335 0.9423813 0.01271369 -0.2775531
0.1927818 0.9381832 0.01015533 -0.2873055
0.1992939 0.9337685 0.007557373 -0.2971553
0.2058549 0.9291402 0.00492518 -0.3070798
0.2124501 0.9243024 0.002264205 -0.3170567
0.2190644 0.9192607 -0.0004199362 -0.3270632
0.2256829 0.9140223 -0.003121561 -0.3370768
0.2322907 0.9085954 -0.005834868 -0.3470752
0.2388734 0.9029903 -0.008554042 -0.3570363
0.2454165 0.8972179 -0.01127325 -0.3669383
0.251906 0.891291 -0.01398664 -0.3767601
0.2583284 0.8852234 -0.0166884 -0.386481
0.2646705 0.8790302 -0.01937277 -0.3960811
0.2709196 0.8727275 -0.0220341 -0.4055414
0.2770637 0.8663327 -0.02466686 -0.4148434
0.2830912 0.8598637 -0.0272656 -0.4239699
0.2889915 0.8533395 -0.02982508 -0.4329042
0.2947542 0.8467797 -0.03234018 -0.4416312
0.30037 0.8402046 -0.03480604 -0.4501363
0.30583 0.8336346 -0.03721792 -0.4584062
0.3111261 0.8270907 -0.03957134 -0.4664286
0.3162509 0.8205943 -0.04186201 -0.474192
0.3211975 0.8141664 -0.04408587 -0.4816864
0.3259599 0.8078285 -0.04623904 -0.488902
0.3305324 0.8016019 -0.04831791 -0.4958306
0.3349101 0.7955078 -0.050319 -0.5024645
0.3390884 0.789567 -0.05223909 -0.5087967
0.3430632 0.7838002 -0.05407507 -0.5148211
0.346831 0.7782276 -0.05582405 -0.5205321
0.3503884 0.7728693 -0.05748327 -0.5259246
0.3537324 0.7677448 -0.05905008 -0.5309939
0.35686 0.7628731 -0.06052195 -0.5357356
0.3597687 0.7582731 -0.06189644 -0.5401456
0.3624559 0.7539628 -0.06317115 -0.54422
0.3649187 0.7499601 -0.06434374 -0.5479544
0.3671547 0.7462823 -0.06541186 -0.5513451
0.369161 0.7429464 -0.06637318 -0.5543875
0.3709343 0.7399687 -0.06722528 -0.557077
0.3724717 0.7373655 -0.06796574 -0.5594084
0.373769 0.7351522 -0.06859195 -0.5613761
0.3748223 0.7333444 -0.06910125 -0.5629736
0.3756268 0.7319568 -0.06949081 -0.5641938
0.3761773 0.7310041 -0.06975763 -0.5650288
0.3764677 0.7305003 -0.06989848 -0.5654693
0.3765144 0.7304193 -0.06992111 -0.5655401
-0.3764354 -0.7304066 0.07002831 0.5655959
-0.3762014 -0.7303687 0.07034583 0.5657611
-0.3758166 -0.7303062 0.07086755 0.5660323
-0.3752853 -0.7302194 0.07158744 0.5664061
-0.3746116 -0.7301084 0.07249943 0.566879
-0.3737997 -0.7299731 0.07359747 0.5674472
-0.3728535 -0.7298138 0.07487555 0.5681072
-0.3717769 -0.72963 0.07632763 0.5688551
-0.3705738 -0.7294216 0.07794768 0.5696872
-0.369248 -0.7291882 0.07972969 0.5705994
-0.3678035 -0.7289295 0.0816676 0.5715879
-0.3662439 -0.7286452 0.08375536 0.5726488
-0.3645731 -0.7283347 0.0859869 0.573778
-0.362795 -0.7279977 0.08835612 0.5749717
-0.3609132 -0.7276336 0.09085691 0.5762257
-0.3589318 -0.7272421 0.09348311 0.577536
-0.3568546 -0.7268228 0.09622858 0.5788986
-0.3546856 -0.7263752 0.09908706 0.5803094
-0.3524286 -0.7258991 0.1020524 0.5817645
-0.3500878 -0.7253941 0.1051182 0.5832598
-0.3476672 -0.7248602 0.1082783 0.5847914
-0.345171 -0.7242971 0.1115263 0.5863554
-0.3426033 -0.7237048 0.1148558 0.5879478
-0.3399685 -0.7230831 0.1182605 0.5895649
-0.3372709 -0.7224324 0.121734 0.5912027
-0.3345149 -0.7217529 0.1252697 0.5928576
-0.3317051 -0.7210448 0.1288612 0.5945258
-0.3288461 -0.7203085 0.1325022 0.5962039
-0.3259424 -0.7195448 0.136186 0.5978881
-0.3229989 -0.7187542 0.1399062 0.5995752
-0.3200203 -0.7179376 0.1436562 0.6012616
-0.3170116 -0.7170958 0.1474297 0.6029443
-0.3139776 -0.71623 0.15122 0.60462
-0.3109235 -0.7153413 0.1550207 0.6062855
-0.3078542 -0.714431 0.1588253 0.607938
-0.304775 -0.7135007 0.1626275 0.6095746
-0.301691 -0.712552 0.1664207 0.6111926
-0.2986075 -0.7115864 0.1701986 0.6127894
-0.2955299 -0.7106059 0.1739549 0.6143623
-0.2924635 -0.7096125 0.1776833 0.615909
-0.2894135 -0.7086083 0.1813774 0.6174272
-0.2863855 -0.7075954 0.1850312 0.6189149
-0.283385 -0.7065762 0.1886384 0.6203697
-0.2804175 -0.7055531 0.1921929 0.6217899
-0.2774883 -0.7045287 0.1956888 0.6231737
-0.2746031 -0.7035056 0.1991201 0.6245192
-0.2717673 -0.7024865 0.2024809 0.6258249
-0.2689866 -0.7014743 0.2057652 0.6270892
-0.2662663 -0.7004718 0.2089673 0.6283106
-0.2636122 -0.6994818 0.2120816 0.629488
-0.2610295 -0.6985077 0.2151024 0.6306199
-0.258524 -0.6975523 0.2180241 0.6317053
-0.2561011 -0.6966189 0.2208411 0.6327429
-0.2537663 -0.6957104 0.223548 0.6337318
-0.2515251 -0.6948302 0.2261393 0.6346709
-0.2493828 -0.6939814 0.2286096 0.6355593
-0.2473451 -0.6931673 0.2309537 0.636396
-0.2454172 -0.6923912 0.2331662 0.6371801
-0.2436046 -0.6916561 0.2352417 0.6379107
-0.2419126 -0.6909652 0.2371751 0.638587
-0.2403467 -0.6903219 0.2389611 0.639208
-0.2389121 -0.6897292 0.2405943 0.6397727
-0.2376141 -0.6891901 0.2420696 0.6402802
-0.2364581 -0.6887079 0.2433817 0.6407295
-0.2354493 -0.6882854 0.2445252 0.6411195
-0.234593 -0.6879256 0.2454948 0.6414491
-0.2338944 -0.6876311 0.2462852 0.6417169
-0.2333587 -0.6874048 0.2468907 0.6419216
-0.2329911 -0.6872493 0.247306 0.6420617
-0.2327969 -0.687167 0.2475254 0.6421357
-0.2327656 -0.6871538 0.2475607 0.6421476
0.2326642 0.6870134 -0.2479756 -0.6421744
0.2323634 0.6865966 -0.249205 -0.6422532
0.2318674 0.685908 -0.2512273 -0.6423804
0.2311797 0.6849502 -0.2540219 -0.6425511
0.2303029 0.6837242 -0.2575693 -0.6427596
0.2292388 0.6822292 -0.2618505 -0.6429986
0.2279887 0.680463 -0.2668474 -0.6432603
0.2265533 0.6784219 -0.2725421 -0.6435357
0.2249328 0.6761013 -0.278917 -0.6438149
0.2231272 0.6734954 -0.2859543 -0.6440872
0.221136 0.6705977 -0.2936359 -0.6443412
0.2189586 0.6674007 -0.3019434 -0.6445647
0.2165941 0.6638967 -0.3108575 -0.6447447
0.2140419 0.6600775 -0.3203581 -0.6448678
0.2113011 0.6559346 -0.3304241 -0.6449199
0.2083712 0.6514596 -0.3410328 -0.6448864
0.2052518 0.6466442 -0.3521603 -0.6447528
0.2019429 0.6414808 -0.3637808 -0.6445037
0.198445 0.635962 -0.375867 -0.6441241
0.194759 0.6300817 -0.3883896 -0.6435989
0.1908865 0.6238344 -0.4013174 -0.6429133
0.1868299 0.6172162 -0.414617 -0.6420526
0.1825923 0.6102247 -0.4282534 -0.6410031
0.1781778 0.6028592 -0.4421895 -0.6397515
0.1735914 0.5951211 -0.4563861 -0.6382858
0.1688391 0.5870138 -0.4708028 -0.6365948
0.1639279 0.5785432 -0.4853972 -0.6346692
0.1588662 0.5697175 -0.5001262 -0.6325008
0.1536631 0.5605476 -0.5149454 -0.6300835
0.148329 0.5510473 -0.5298096 -0.6274131
0.1428753 0.5412326 -0.5446739 -0.6244873
0.1373145 0.5311226 -0.5594928 -0.6213062
0.1316599 0.5207386 -0.574222 -0.6178723
0.1259258 0.510105 -0.5888175 -0.6141902
0.120127 0.4992479 -0.6032374 -0.610267
0.1142791 0.488196 -0.6174409 -0.6061121
0.1083982 0.4769796 -0.6313896 -0.6017371
0.1025005 0.4656309 -0.6450476 -0.5971559
0.09660269 0.4541832 -0.6583816 -0.5923843
0.09072124 0.4426709 -0.6713615 -0.5874401
0.08487266 0.431129 -0.6839603 -0.5823425
0.07907318 0.4195931 -0.6961541 -0.5771123
0.07333861 0.4080984 -0.7079229 -0.5717712
0.06768434 0.3966804 -0.7192495 -0.5663424
0.06212508 0.3853736 -0.7301205 -0.5608492
0.05667495 0.3742119 -0.7405254 -0.5553157
0.05134724 0.3632281 -0.7504574 -0.5497659
0.04615454 0.3524539 -0.7599117 -0.5442245
0.04110857 0.3419197 -0.7688869 -0.5387152
0.03622025 0.3316544 -0.7773836 -0.533262
0.03149961 0.3216852 -0.7854049 -0.5278879
0.02695598 0.3120382 -0.7929556 -0.5226156
0.02259784 0.3027376 -0.8000419 -0.5174671
0.01843303 0.2938063 -0.8066717 -0.5124636
0.01446865 0.2852656 -0.8128535 -0.5076253
0.01071123 0.2771355 -0.8185968 -0.5029716
0.00716682 0.269435 -0.8239114 -0.4985213
0.003840944 0.2621816 -0.8288073 -0.494292
0.0007388562 0.2553921 -0.8332945 -0.4903007
-0.002134555 0.2490823 -0.8373824 -0.4865636
-0.004774532 0.2432675 -0.8410805 -0.4830961
-0.007176439 0.2379624 -0.8443968 -0.479913
-0.009335703 0.2331813 -0.8473389 -0.4770285
-0.0112476 0.2289385 -0.8499129 -0.4744563
-0.01290733 0.2252482 -0.8521238 -0.4722094
-0.0143098 0.2221246 -0.8539749 -0.4703008
-0.0154496 0.2195825 -0.8554677 -0.4687429
-0.01632086 0.2176372 -0.8566018 -0.4675479
-0.01691738 0.2163043 -0.8573748 -0.4667277
-0.01723217 0.2156005 -0.8577816 -0.4662941
-0.01728276 0.2154875 -0.8578469 -0.4662245
-0.0173379 0.2153941 -0.8579396 -0.4660949
-0.01750125 0.2151175 -0.8582141 -0.4657109
-0.0177697 0.2146629 -0.8586647 -0.4650796
-0.01814016 0.2140351 -0.8592853 -0.4642076
-0.01860959 0.213239 -0.8600697 -0.4631015
-0.01917495 0.2122793 -0.8610114 -0.4617675
-0.01983321 0.2111607 -0.8621038 -0.4602118
-0.02058135 0.2098878 -0.86334 -0.4584404
-0.02141637 0.2084652 -0.864713 -0.4564593
-0.02233525 0.2068972 -0.8662158 -0.4542741
-0.02333496 0.2051884 -0.867841 -0.4518908
-0.02441249 0.2033432 -0.8695813 -0.449315
-0.02556477 0.2013662 -0.8714293 -0.4465525
-0.02678876 0.1992618 -0.8733775 -0.443609
-0.02808136 0.1970345 -0.8754182 -0.4404903
-0.02943946 0.1946889 -0.877544 -0.4372025
-0.03085993 0.1922296 -0.8797473 -0.4337513
-0.03233958 0.1896614 -0.8820204 -0.4301427
-0.03387523 0.186989 -0.8843557 -0.4263832
-0.03546363 0.1842172 -0.8867458 -0.4224789
-0.03710154 0.181351 -0.889183 -0.4184362
-0.03878564 0.1783954 -0.8916602 -0.4142619
-0.0405126 0.1753556 -0.8941699 -0.4099627
-0.04227907 0.1722368 -0.896705 -0.4055455
-0.04408166 0.1690444 -0.8992584 -0.4010176
-0.04591693 0.1657838 -0.9018233 -0.3963862
-0.04778147 0.1624605 -0.9043931 -0.391659
-0.04967179 0.1590803 -0.906961 -0.3868435
-0.05158444 0.1556488 -0.909521 -0.3819478
-0.0535159 0.152172 -0.9120669 -0.3769798
-0.05546269 0.1486557 -0.9145929 -0.371948
-0.05742129 0.1451061 -0.9170935 -0.3668607
-0.05938819 0.1415292 -0.9195632 -0.3617265
-0.06135989 0.1379313 -0.9219973 -0.3565543
-0.0633329 0.1343185 -0.924391 -0.3513529
-0.06530376 0.1306973 -0.9267399 -0.3461314
-0.067269 0.1270739 -0.9290398 -0.340899
-0.06922519 0.1234547 -0.9312872 -0.335665
-0.07116894 0.1198463 -0.9334785 -0.3304387
-0.07309687 0.116255 -0.9356107 -0.3252296
-0.07500567 0.1126874 -0.9376809 -0.3200474
-0.07689204 0.1091498 -0.9396867 -0.3149015
-0.07875276 0.1056487 -0.9416259 -0.3098015
-0.08058462 0.1021906 -0.9434968 -0.3047573
-0.0823845 0.09878185 -0.9452978 -0.2997783
-0.0841493 0.09542891 -0.9470276 -0.2948744
-0.08587602 0.0921381 -0.9486854 -0.290055
-0.08756165 0.08891571 -0.9502704 -0.2853299
-0.0892033 0.08576803 -0.9517822 -0.2807086
-0.09079807 0.08270125 -0.9532205 -0.2762008
-0.09234319 0.07972153 -0.9545855 -0.2718158
-0.09383588 0.07683498 -0.9558772 -0.2675632
-0.09527344 0.07404761 -0.9570961 -0.2634522
-0.09665321 0.07136541 -0.9582426 -0.2594923
-0.09797255 0.06879432 -0.9593175 -0.2556927
-0.0992289 0.06634017 -0.9603214 -0.2520623
-0.1004197 0.06400882 -0.9612552 -0.2486106
-0.1015425 0.06180601 -0.9621197 -0.2453464
-0.1025947 0.05973747 -0.9629158 -0.2422787
-0.1035738 0.05780887 -0.9636443 -0.2394164
-0.1044775 0.05602587 -0.9643061 -0.2367684
-0.1053032 0.05439413 -0.9649019 -0.2343435
-0.1060484 0.05291918 -0.9654323 -0.2321503
-0.1067107 0.05160668 -0.9658979 -0.2301977
-0.1072875 0.0504622 -0.9662988 -0.2284942
-0.1077764 0.04949133 -0.9666353 -0.2270486
-0.1081746 0.04869971 -0.9669073 -0.2258695
-0.1084797 0.04809301 -0.9671142 -0.2249656
-0.1086888 0.04767681 -0.9672553 -0.2243454
-0.1087993 0.04745691 -0.9673297 -0.2240177
-0.108817 0.04742156 -0.9673416 -0.223965
-0.1086602 0.04746085 -0.9673504 -0.223995
-0.1081956 0.04757722 -0.9673761 -0.2240839
-0.107432 0.04776845 -0.967418 -0.2242299
-0.1063782 0.04803228 -0.9674747 -0.224431
-0.1050427 0.0483665 -0.9675449 -0.2246855
-0.1034341 0.04876887 -0.9676269 -0.2249915
-0.101561 0.04923716 -0.967719 -0.2253468
-0.0994316 0.04976914 -0.967819 -0.2257496
-0.09705447 0.05036258 -0.9679249 -0.2261979
-0.09443799 0.05101524 -0.9680345 -0.2266895
-0.09159053 0.05172487 -0.9681455 -0.2272224
-0.08852054 0.05248924 -0.9682555 -0.2277946
-0.08523641 0.05330604 -0.968362 -0.2284038
-0.08174664 0.05417305 -0.9684626 -0.229048
-0.07805971 0.05508794 -0.9685548 -0.2297251
-0.07418421 0.05604845 -0.9686362 -0.2304329
-0.07012873 0.05705223 -0.9687042 -0.2311693
-0.06590201 0.05809699 -0.9687566 -0.2319321
-0.06151278 0.05918037 -0.9687908 -0.2327192
-0.0569699 0.06030002 -0.9688048 -0.2335284
-0.0522823 0.06145359 -0.9687964 -0.2343577
-0.04745902 0.06263869 -0.9687635 -0.2352049
-0.04250914 0.06385294 -0.9687042 -0.2360678
-0.03744184 0.06509394 -0.9686167 -0.2369446
-0.0322664 0.06635927 -0.9684993 -0.2378329
-0.0269922 0.06764652 -0.9683506 -0.238731
-0.02162866 0.06895327 -0.9681693 -0.2396366
-0.01618526 0.07027709 -0.9679545 -0.240548
-0.0106716 0.07161557 -0.967705 -0.2414632
-0.005097333 0.07296626 -0.9674202 -0.2423802
0.0005278893 0.07432676 -0.9670997 -0.2432973
0.006194304 0.07569463 -0.9667431 -0.2442126
0.01189216 0.07706748 -0.9663505 -0.2451244
0.01761163 0.07844289 -0.965922 -0.246031
0.02334291 0.0798185 -0.9654581 -0.2469308
0.02907619 0.08119194 -0.9649594 -0.2478223
0.03480166 0.08256084 -0.9644268 -0.2487038
0.0405095 0.0839229 -0.9638614 -0.2495739
0.0461899 0.08527578 -0.9632646 -0.2504313
0.05183315 0.08661723 -0.962638 -0.2512746
0.05742954 0.08794499 -0.9619833 -0.2521025
0.06296937 0.08925683 -0.9613026 -0.2529139
0.0684431 0.09055057 -0.9605981 -0.2537075
0.07384115 0.09182402 -0.9598722 -0.2544823
0.07915411 0.09307508 -0.9591275 -0.2552373
0.08437257 0.09430166 -0.9583669 -0.2559716
0.08948728 0.09550168 -0.9575932 -0.2566842
0.09448899 0.09667312 -0.9568096 -0.2573742
0.09936863 0.09781401 -0.9560195 -0.2580409
0.1041171 0.09892235 -0.9552261 -0.2586836
0.1087256 0.09999624 -0.9544329 -0.2593015
0.1131853 0.1010338 -0.9536438 -0.259894
0.1174873 0.1020331 -0.9528622 -0.2604604
0.1216231 0.1029924 -0.9520921 -0.2610002
0.125584 0.1039097 -0.9513372 -0.2615129
0.1293616 0.1047834 -0.9506015 -0.2619979
0.1329474 0.1056117 -0.9498888 -0.2624546
0.1363331 0.1063927 -0.9492031 -0.2628827
0.1395103 0.1071248 -0.9485484 -0.2632815
0.1424707 0.1078062 -0.9479284 -0.2636507
0.1452062 0.1084351 -0.9473471 -0.2639896
0.1477083 0.1090099 -0.9468082 -0.2642979
0.149969 0.1095287 -0.9463154 -0.2645749
0.1519799 0.1099899 -0.9458724 -0.2648201
0.1537328 0.1103916 -0.9454827 -0.265033
0.1552193 0.110732 -0.9451495 -0.2652129
