-30.59852 16.18806 -3.675386
-30.46754 16.21258 -3.637617
-30.33676 16.23693 -3.599626
-30.2062 16.26108 -3.561439
-30.07582 16.28501 -3.523083
-29.94565 16.30868 -3.484585
-29.81565 16.33208 -3.445972
-29.68585 16.35517 -3.407271
-29.55621 16.37792 -3.368509
-29.42675 16.40031 -3.329714
-29.29745 16.42231 -3.290911
-29.1683 16.44389 -3.252128
-29.03931 16.46503 -3.213392
-28.91047 16.48569 -3.17473
-28.78176 16.50586 -3.136168
-28.65319 16.52549 -3.097735
-28.52474 16.54457 -3.059456
-28.39642 16.56306 -3.021359
-28.26822 16.58095 -2.983471
-28.14013 16.5982 -2.945819
-28.01214 16.61478 -2.908429
-27.88425 16.63066 -2.871329
-27.75645 16.64582 -2.834546
-27.62875 16.66024 -2.798106
-27.50112 16.67388 -2.762037
-27.37357 16.68671 -2.726365
-27.24609 16.69872 -2.691118
-27.11867 16.70986 -2.656322
-26.99131 16.72011 -2.622005
-26.864 16.72945 -2.588193
-26.73674 16.73785 -2.554913
-26.60952 16.74528 -2.522193
-26.48233 16.75171 -2.490059
-26.35518 16.75712 -2.458539
-26.22804 16.76147 -2.427659
-26.10092 16.76474 -2.397446
-25.97382 16.76691 -2.367927
-25.84672 16.76794 -2.33913
-25.71961 16.7678 -2.31108
-25.59251 16.76648 -2.283806
-25.46539 16.76394 -2.257334
-25.33825 16.76015 -2.231691
-25.21108 16.75508 -2.206904
-25.08389 16.74872 -2.183001
-24.95666 16.74103 -2.160007
-24.82939 16.73198 -2.13795
-24.70208 16.72155 -2.116857
-24.5747 16.7097 -2.096755
-24.44727 16.69642 -2.077671
-24.31978 16.68167 -2.059632
-24.19221 16.66542 -2.042664
-24.06457 16.64765 -2.026796
-23.93684 16.62834 -2.012053
-23.80903 16.60744 -1.998463
-23.68112 16.58494 -1.986052
-23.55311 16.56081 -1.974849
-23.425 16.53502 -1.964879
-23.29677 16.50754 -1.956169
-23.16842 16.47835 -1.948748
-23.03996 16.44741 -1.94264
-22.91136 16.41471 -1.937875
-22.78262 16.3802 -1.934478
-22.65375 16.34387 -1.932476
-22.52473 16.30568 -1.931897
-22.39555 16.26562 -1.932767
-22.26622 16.22365 -1.935114
-22.13672 16.17973 -1.938964
-22.00705 16.13386 -1.944344
-21.8772 16.08599 -1.951282
-21.77472 16.04684 -1.957866
-21.64619 15.99953 -1.966226
-21.52073 15.95845 -1.973359
-21.39827 15.92346 -1.979294
-21.27874 15.89441 -1.984061
-21.16208 15.87116 -1.98769
-21.04821 15.85358 -1.99021
-20.93708 15.84152 -1.99165
-20.82861 15.83484 -1.99204
-20.72274 15.8334 -1.99141
-20.61939 15.83706 -1.989788
-20.51851 15.84568 -1.987204
-20.42003 15.85911 -1.983688
-20.32387 15.87722 -1.979269
-20.22997 15.89986 -1.973977
-20.13827 15.9269 -1.967841
-20.04869 15.95819 -1.96089
-19.96118 15.9936 -1.953154
-19.87566 16.03297 -1.944662
-19.79206 16.07617 -1.935444
-19.71032 16.12306 -1.925529
-19.63038 16.1735 -1.914948
-19.55216 16.22734 -1.903728
-19.47559 16.28445 -1.891899
-19.40062 16.34468 -1.879492
-19.32717 16.4079 -1.866535
-19.25518 16.47396 -1.853058
-19.18457 16.54271 -1.83909
-19.11529 16.61403 -1.824661
-19.04726 16.68777 -1.809801
-18.98042 16.76378 -1.794537
-18.9147 16.84193 -1.778902
-18.85004 16.92208 -1.762922
-18.78636 17.00408 -1.746629
-18.7236 17.0878 -1.730051
-18.66169 17.17308 -1.713218
-18.60057 17.2598 -1.69616
-18.54017 17.34781 -1.678905
-18.48042 17.43696 -1.661484
-18.42125 17.52713 -1.643925
-18.3626 17.61816 -1.626258
-18.30439 17.70992 -1.608513
-18.24658 17.80226 -1.590719
-18.18907 17.89505 -1.572905
-18.13182 17.98814 -1.555102
-18.07475 18.08139 -1.537337
-18.01779 18.17466 -1.519642
-17.96088 18.26781 -1.502045
-17.90395 18.3607 -1.484575
-17.84693 18.45319 -1.467263
-17.78976 18.54513 -1.450137
-17.73236 18.63639 -1.433228
-17.67468 18.72682 -1.416563
-17.61665 18.81629 -1.400174
-17.55819 18.90464 -1.384089
-17.49924 18.99175 -1.368338
-17.43974 19.07747 -1.35295
-17.37961 19.16166 -1.337955
-17.31879 19.24417 -1.323382
-17.25722 19.32487 -1.309261
-17.19481 19.40363 -1.295621
-17.13152 19.48028 -1.282492
-17.06727 19.55469 -1.269902
-17.00199 19.62673 -1.257882
-16.93562 19.69625 -1.24646
-16.86809 19.76311 -1.235667
-16.79933 19.82717 -1.225531
-16.72927 19.88829 -1.216083
-16.65786 19.94632 -1.207352
-16.58502 20.00113 -1.199366
-16.51068 20.05258 -1.192156
-16.46622 20.08121 -1.188289
-16.39019 20.12806 -1.181438
-16.31418 20.17336 -1.173574
-16.23819 20.21712 -1.164729
-16.16224 20.25937 -1.154934
-16.08633 20.30014 -1.144221
-16.01046 20.33944 -1.132621
-15.93464 20.3773 -1.120165
-15.85888 20.41373 -1.106887
-15.78318 20.44876 -1.092816
-15.70755 20.48241 -1.077984
-15.632 20.5147 -1.062424
-15.55652 20.54565 -1.046166
-15.48113 20.57528 -1.029243
-15.40583 20.60363 -1.011685
-15.33062 20.63069 -0.9935247
-15.25552 20.6565 -0.974793
-15.18053 20.68109 -0.9555218
-15.10565 20.70446 -0.9357426
-15.0309 20.72664 -0.9154869
-14.95627 20.74766 -0.8947864
-14.88177 20.76753 -0.8736724
-14.80741 20.78628 -0.8521766
-14.73319 20.80392 -0.8303307
-14.65913 20.82048 -0.808166
-14.58522 20.83598 -0.7857143
-14.51147 20.85045 -0.763007
-14.43789 20.8639 -0.7400756
-14.36448 20.87634 -0.7169519
-14.29125 20.88782 -0.6936673
-14.21821 20.89834 -0.6702533
-14.14535 20.90793 -0.6467416
-14.07269 20.91661 -0.6231637
-14.00024 20.9244 -0.5995511
-13.92799 20.93133 -0.5759355
-13.85596 20.9374 -0.5523483
-13.78415 20.94266 -0.5288211
-13.71256 20.9471 -0.5053855
-13.64121 20.95077 -0.4820731
-13.57009 20.95367 -0.4589154
-13.49922 20.95584 -0.4359439
-13.42859 20.95729 -0.4131902
-13.35822 20.95804 -0.390686
-13.28811 20.95811 -0.3684627
-13.21827 20.95753 -0.3465518
-13.1487 20.95633 -0.3249851
-13.07941 20.9545 -0.3037939
-13.0104 20.95209 -0.2830099
-12.94169 20.94911 -0.2626647
-12.87327 20.94558 -0.2427897
-12.80515 20.94153 -0.2234166
-12.73733 20.93697 -0.2045769
-12.66984 20.93193 -0.1863022
-12.60266 20.92643 -0.168624
-12.5358 20.92049 -0.1515738
-12.46928 20.91413 -0.1351833
-12.4031 20.90737 -0.119484
-12.33725 20.90024 -0.1045075
-12.27176 20.89275 -0.0902853
-12.20662 20.88493 -0.07684898
-12.14184 20.8768 -0.06423007
-12.07743 20.86837 -0.05246016
-12.01338 20.85968 -0.04157081
-11.94972 20.85074 -0.03159357
-11.88644 20.84157 -0.02255999
-11.82355 20.8322 -0.01450165
-11.76105 20.82265 -0.007450086
-11.69896 20.81293 -0.00143687
-11.63727 20.80307 0.003506442
-11.576 20.79309 0.007348291
-11.51514 20.78302 0.01005712
-11.47954 20.77705 0.01110864
-11.41805 20.76776 0.01212807
-11.35442 20.76012 0.01229593
-11.28875 20.75405 0.01160024
-11.22113 20.74945 0.01002902
-11.15164 20.74621 0.007570301
-11.08037 20.74423 0.004212103
-11.00742 20.74343 -5.754507E-05
-10.93286 20.7437 -0.005250619
-10.8568 20.74494 -0.01137909
-10.77932 20.74705 -0.01845494
-10.70051 20.74994 -0.02649014
-10.62045 20.7535 -0.03549667
-10.53925 20.75764 -0.04548649
-10.45698 20.76226 -0.0564716
-10.37374 20.76726 -0.06846395
-10.28962 20.77254 -0.08147553
-10.2047 20.778 -0.0955183
-10.11907 20.78355 -0.1106042
-10.03283 20.78909 -0.1267453
-9.946067 20.79451 -0.1439535
-9.858863 20.79972 -0.1622408
-9.771311 20.80462 -0.1816192
-9.683499 20.80911 -0.2021006
-9.59552 20.81309 -0.223697
-9.507459 20.81647 -0.2464204
-9.419407 20.81915 -0.2702828
-9.331453 20.82102 -0.2952962
-9.243688 20.82199 -0.3214725
-9.156199 20.82196 -0.3488236
-9.069077 20.82083 -0.3773617
-8.982409 20.8185 -0.4070985
-8.896288 20.81488 -0.4380462
-8.8108 20.80986 -0.4702167
-8.726035 20.80335 -0.5036219
-8.642083 20.79525 -0.5382739
-8.559033 20.78546 -0.5741847
-8.476974 20.77388 -0.611366
-8.395997 20.76042 -0.6498302
-8.316189 20.74496 -0.6895888
-8.23764 20.72743 -0.7306542
-8.16044 20.70771 -0.7730381
-8.084678 20.6857 -0.8167526
-8.010442 20.66132 -0.8618096
-7.937823 20.63446 -0.9082211
-7.86691 20.60502 -0.9559991
-7.797791 20.57291 -1.005156
-7.730556 20.53802 -1.055703
-7.665296 20.50026 -1.107652
-7.602098 20.45952 -1.161016
-7.541053 20.41571 -1.215806
-7.482248 20.36874 -1.272034
-7.425775 20.3185 -1.329713
-7.371721 20.26489 -1.388854
-7.320176 20.20782 -1.449469
-7.271231 20.14718 -1.511571
-7.224973 20.08289 -1.575171
-7.181492 20.01483 -1.640281
-7.140878 19.94291 -1.706913
-7.10322 19.86703 -1.775079
-7.068606 19.78711 -1.844791
-7.037127 19.70302 -1.916062
-7.008872 19.61468 -1.988902
-6.98393 19.52199 -2.063325
-6.962389 19.42484 -2.139342
-6.944341 19.32315 -2.216964
-6.929873 19.21681 -2.296205
-6.919075 19.10573 -2.377075
-6.912038 18.9898 -2.459587
-6.908848 18.86892 -2.543754
-6.909596 18.74301 -2.629586
-6.911912 18.66654 -2.680863
-6.919714 18.53754 -2.765276
-6.932773 18.41352 -2.843312
-6.950967 18.29438 -2.915136
-6.974172 18.18004 -2.980917
-7.002266 18.07042 -3.04082
-7.035125 17.96543 -3.095014
-7.072627 17.86498 -3.143664
-7.114649 17.76898 -3.186938
-7.161067 17.67736 -3.225003
-7.21176 17.59002 -3.258025
-7.266603 17.50688 -3.286173
-7.325473 17.42785 -3.309612
-7.388248 17.35284 -3.32851
-7.454806 17.28177 -3.343033
-7.525022 17.21456 -3.353349
-7.598773 17.15111 -3.359625
-7.675939 17.09135 -3.362027
-7.756393 17.03518 -3.360723
-7.840015 16.98252 -3.35588
-7.926682 16.93328 -3.347663
-8.016268 16.88737 -3.336242
-8.108653 16.84472 -3.321782
-8.203712 16.80523 -3.30445
-8.301325 16.76881 -3.284414
-8.401366 16.73539 -3.26184
-8.503713 16.70488 -3.236895
-8.608244 16.67718 -3.209747
-8.714835 16.65222 -3.180562
-8.823363 16.6299 -3.149507
-8.933705 16.61015 -3.11675
-9.045739 16.59286 -3.082456
-9.159341 16.57797 -3.046794
-9.274388 16.56538 -3.00993
-9.390759 16.55501 -2.972031
-9.508327 16.54676 -2.933264
-9.626973 16.54056 -2.893796
-9.746572 16.53632 -2.853795
-9.867002 16.53395 -2.813426
-9.988139 16.53337 -2.772857
-10.10986 16.53448 -2.732255
-10.23204 16.5372 -2.691787
-10.35457 16.54146 -2.65162
-10.4773 16.54716 -2.611921
-10.60013 16.5542 -2.572856
-10.72293 16.56252 -2.534593
-10.84558 16.57202 -2.4973
-10.96795 16.58262 -2.461141
-11.08992 16.59422 -2.426286
-11.21137 16.60675 -2.3929
-11.33218 16.62012 -2.361151
-11.45221 16.63424 -2.331205
-11.57136 16.64903 -2.303231
-11.68949 16.66439 -2.277393
-11.80648 16.68025 -2.25386
-11.92222 16.69651 -2.232799
-12.03657 16.7131 -2.214376
-12.14941 16.72992 -2.198759
-12.26063 16.74689 -2.186114
-12.37009 16.76392 -2.176609
-12.47768 16.78092 -2.170409
-12.58327 16.79782 -2.167684
-12.68674 16.81452 -2.168598
-12.78797 16.83094 -2.17332
-12.88683 16.84699 -2.182016
-12.9832 16.86258 -2.194853
-13.07696 16.87764 -2.211999
-13.16798 16.89207 -2.233619
-13.25615 16.90578 -2.259882
-13.34133 16.9187 -2.290954
-13.42341 16.93073 -2.327002
-13.47019 16.93736 -2.3506
-13.54864 16.94748 -2.391351
-13.62683 16.95592 -2.43034
-13.70475 16.96271 -2.46761
-13.78236 16.96787 -2.503206
-13.85966 16.97143 -2.537169
-13.93662 16.97342 -2.569546
-14.01322 16.97385 -2.600377
-14.08942 16.97277 -2.629708
-14.16522 16.97019 -2.657581
-14.24059 16.96614 -2.68404
-14.3155 16.96066 -2.709128
-14.38993 16.95375 -2.732889
-14.46387 16.94546 -2.755367
-14.53729 16.93581 -2.776604
-14.61016 16.92482 -2.796645
-14.68247 16.91252 -2.815533
-14.7542 16.89894 -2.833312
-14.82531 16.8841 -2.850024
-14.89579 16.86804 -2.865713
-14.96561 16.85077 -2.880423
-15.03476 16.83233 -2.894197
-15.10321 16.81274 -2.907079
-15.17094 16.79202 -2.919113
-15.23792 16.77021 -2.930341
-15.30414 16.74733 -2.940807
-15.36957 16.72341 -2.950555
-15.43419 16.69847 -2.959628
-15.49798 16.67254 -2.96807
-15.56091 16.64564 -2.975924
-15.62296 16.61781 -2.983233
-15.68411 16.58907 -2.990042
-15.74434 16.55945 -2.996393
-15.80363 16.52897 -3.002331
-15.86195 16.49766 -3.007897
-15.91928 16.46554 -3.013137
-15.9756 16.43265 -3.018094
-16.03088 16.399 -3.02281
-16.08511 16.36464 -3.02733
-16.13826 16.32957 -3.031697
-16.19031 16.29384 -3.035954
-16.24124 16.25746 -3.040145
-16.29102 16.22046 -3.044314
-16.33963 16.18287 -3.048503
-16.38705 16.14471 -3.052757
-16.43327 16.10602 -3.057119
-16.47824 16.06682 -3.061632
-16.52196 16.02713 -3.066339
-16.5644 15.98698 -3.071285
-16.60554 15.9464 -3.076514
-16.64535 15.90541 -3.082067
-16.68382 15.86405 -3.087989
-16.72092 15.82234 -3.094323
-16.75663 15.78029 -3.101113
-16.79093 15.73795 -3.108402
-16.82379 15.69534 -3.116234
-16.85519 15.65248 -3.124652
-16.88511 15.6094 -3.1337
-16.91353 15.56613 -3.14342
-16.94043 15.52269 -3.153858
-16.96578 15.47912 -3.165055
-16.98956 15.43543 -3.177057
-17.01175 15.39165 -3.189905
-17.03232 15.34781 -3.203643
-17.05126 15.30395 -3.218316
-17.06854 15.26007 -3.233966
-17.08414 15.21621 -3.250638
-17.09803 15.1724 -3.268373
-17.1102 15.12866 -3.287217
-17.12062 15.08503 -3.307212
-17.12927 15.04152 -3.328402
-17.13353 15.01599 -3.341444
-17.13912 14.97304 -3.364036
-17.14254 14.93086 -3.386727
-17.14383 14.88945 -3.409506
-17.14301 14.84879 -3.43236
-17.14013 14.80886 -3.455277
-17.13524 14.76965 -3.478244
-17.13524 14.76965 -3.478244
-17.13524 14.76965 -3.478244
-17.13524 14.76965 -3.478244
-17.13524 14.76965 -3.478244
-17.13524 14.76965 -3.478244
-17.13524 14.76965 -3.478244
-17.13524 14.76965 -3.478244
-17.13524 14.76965 -3.478244
-17.13524 14.76965 -3.478244
-17.13524 14.76965 -3.478244
-17.13524 14.76965 -3.478244
-17.13524 14.76965 -3.478244
-17.13524 14.76965 -3.478244
-17.13524 14.76965 -3.478244
-17.13524 14.76965 -3.478244
-17.13524 14.76965 -3.478244
-17.13524 14.76965 -3.478244
-17.13524 14.76965 -3.478244
-17.13524 14.76965 -3.478244
-17.13524 14.76965 -3.478244
-17.13524 14.76965 -3.478244
-17.13524 14.76965 -3.478244
-17.13524 14.76965 -3.478244
-17.13524 14.76965 -3.478244
-17.13524 14.76965 -3.478244
-17.13524 14.76965 -3.478244
-17.13524 14.76965 -3.478244
-17.13524 14.76965 -3.478244
-17.13524 14.76965 -3.478244
-17.13524 14.76965 -3.478244
-17.13524 14.76965 -3.478244
-17.13524 14.76965 -3.478244
-17.13524 14.76965 -3.478244
-17.13524 14.76965 -3.478244
-17.13524 14.76965 -3.478244
-17.13524 14.76965 -3.478244
-17.13524 14.76965 -3.478244
-17.13524 14.76965 -3.478244
-17.13524 14.76965 -3.478244
-17.13524 14.76965 -3.478244
-17.13524 14.76965 -3.478244
-17.13524 14.76965 -3.478244
-17.13524 14.76965 -3.478244
-17.13524 14.76965 -3.478244
-17.13524 14.76965 -3.478244
-17.13524 14.76965 -3.478244
-17.13524 14.76965 -3.478244
-17.13524 14.76965 -3.478244
-17.13524 14.76965 -3.478244
-17.13524 14.76965 -3.478244
-17.13524 14.76965 -3.478244
-17.13524 14.76965 -3.478244
-17.13524 14.76965 -3.478244
-17.13524 14.76965 -3.478244
-17.13524 14.76965 -3.478244
-17.13524 14.76965 -3.478244
-17.13524 14.76965 -3.478244
-17.13524 14.76965 -3.478244
-17.13524 14.76965 -3.478244
-17.13524 14.76965 -3.478244
-17.13524 14.76965 -3.478244
-17.13524 14.76965 -3.478244
-17.13524 14.76965 -3.478244
-17.13524 14.76965 -3.478244
-17.13524 14.76965 -3.478244
-17.13524 14.76965 -3.478244
-17.13524 14.76965 -3.478244
-17.12836 14.73114 -3.501249
-17.11955 14.69333 -3.52428
-17.10883 14.65619 -3.547324
-17.09626 14.61972 -3.570369
-17.08186 14.58389 -3.593402
-17.06569 14.5487 -3.616412
-17.04777 14.51413 -3.639385
-17.02815 14.48016 -3.66231
-17.00687 14.44678 -3.685175
-16.98397 14.41398 -3.707966
-16.95949 14.38174 -3.730672
-16.93346 14.35004 -3.75328
-16.90593 14.31889 -3.775777
-16.87694 14.28825 -3.798153
-16.84653 14.25811 -3.820393
-16.81473 14.22846 -3.842486
-16.78159 14.19929 -3.864419
-16.74714 14.17058 -3.886181
-16.71143 14.14232 -3.907758
-16.6745 14.11449 -3.929139
-16.63638 14.08708 -3.950311
-16.59712 14.06007 -3.971261
-16.55675 14.03346 -3.991978
-16.51532 14.00721 -4.012449
-16.47286 13.98133 -4.032662
-16.42941 13.9558 -4.052604
-16.38502 13.9306 -4.072263
-16.33972 13.90571 -4.091626
-16.29356 13.88113 -4.110682
-16.24657 13.85684 -4.129417
-16.19879 13.83282 -4.14782
-16.15027 13.80906 -4.165879
-16.10103 13.78555 -4.183581
-16.05113 13.76227 -4.200913
-16.0006 13.73921 -4.217864
-15.94949 13.71635 -4.234419
-15.89782 13.69368 -4.250569
-15.84564 13.67119 -4.2663
-15.793 13.64885 -4.2816
-15.73993 13.62666 -4.296456
-15.68646 13.6046 -4.310856
-15.63265 13.58266 -4.324788
-15.57853 13.56082 -4.33824
-15.52413 13.53907 -4.351199
-15.46951 13.51739 -4.363652
-15.41469 13.49578 -4.375588
-15.35973 13.4742 -4.386994
-15.30465 13.45266 -4.397857
-15.2495 13.43114 -4.408166
-15.19432 13.40961 -4.417909
-15.13914 13.38808 -4.427071
-15.08401 13.36651 -4.435642
-15.02898 13.34491 -4.443609
-14.97406 13.32325 -4.45096
-14.91932 13.30152 -4.457682
-14.86478 13.27971 -4.463763
-14.81049 13.2578 -4.469191
-14.75648 13.23578 -4.473952
-14.7028 13.21362 -4.478036
-14.64948 13.19133 -4.48143
-14.59657 13.16888 -4.48412
-14.54411 13.14627 -4.486095
-14.49212 13.12346 -4.487344
-14.44067 13.10046 -4.487852
-14.41066 13.08683 -4.4878
-14.36037 13.06374 -4.487796
-14.31115 13.04092 -4.488403
-14.26292 13.01839 -4.489618
-14.21561 12.99615 -4.491436
-14.16917 12.97421 -4.493855
-14.12351 12.95257 -4.496871
-14.07857 12.93125 -4.500481
-14.03428 12.91025 -4.504681
-13.99057 12.88957 -4.509469
-13.94737 12.86922 -4.514838
-13.90462 12.84921 -4.520789
-13.86224 12.82955 -4.527315
-13.82017 12.81024 -4.534414
-13.77833 12.79128 -4.542083
-13.73666 12.77269 -4.550318
-13.6951 12.75448 -4.559116
-13.65355 12.73663 -4.568473
-13.61197 12.71918 -4.578386
-13.57029 12.70211 -4.588851
-13.52842 12.68544 -4.599865
-13.48631 12.66918 -4.611424
-13.44389 12.65332 -4.623526
-13.40108 12.63788 -4.636165
-13.35782 12.62287 -4.649341
-13.31403 12.60828 -4.663047
-13.26966 12.59414 -4.677282
-13.22463 12.58043 -4.692041
-13.17886 12.56718 -4.707322
-13.1323 12.55438 -4.723121
-13.08488 12.54204 -4.739434
-13.03652 12.53018 -4.756258
-12.98715 12.51878 -4.77359
-12.93672 12.50787 -4.791426
-12.88514 12.49746 -4.809763
-12.83235 12.48753 -4.828597
-12.77827 12.47811 -4.847924
-12.72286 12.4692 -4.867741
-12.66602 12.4608 -4.888046
-12.6077 12.45292 -4.908834
-12.54782 12.44557 -4.930102
-12.48631 12.43876 -4.951846
-12.42312 12.43249 -4.974064
-12.35816 12.42676 -4.996751
-12.29137 12.4216 -5.019905
-12.22268 12.41699 -5.043521
-12.15202 12.41295 -5.067596
-12.07932 12.40948 -5.092128
-12.00452 12.40659 -5.117111
-11.92754 12.40429 -5.142544
-11.84832 12.40259 -5.168422
-11.76678 12.40149 -5.194743
-11.68286 12.40099 -5.221501
-11.59649 12.4011 -5.248695
-11.50759 12.40184 -5.276321
-11.41611 12.4032 -5.304376
-11.32197 12.4052 -5.332855
-11.22511 12.40783 -5.361755
-11.12544 12.41111 -5.391073
-11.02291 12.41505 -5.420806
-10.91745 12.41964 -5.45095
-10.80899 12.4249 -5.481502
-10.69745 12.43083 -5.512457
-10.58277 12.43744 -5.543814
-10.46489 12.44474 -5.575568
-10.34372 12.45273 -5.607715
-10.21921 12.46142 -5.640253
-10.09128 12.47081 -5.673179
-9.959864 12.48091 -5.706487
-9.824894 12.49174 -5.740175
-9.686302 12.50328 -5.77424
-9.603049 12.51042 -5.794455
-9.463501 12.52304 -5.829655
-9.330024 12.53622 -5.8663
-9.202538 12.54992 -5.904367
-9.080965 12.56412 -5.943836
-8.965225 12.57879 -5.984683
-8.85524 12.59391 -6.026889
-8.750928 12.60945 -6.07043
-8.65221 12.62538 -6.115286
-8.559008 12.64169 -6.161436
-8.471242 12.65834 -6.208857
-8.388831 12.67531 -6.257528
-8.311698 12.69257 -6.307427
-8.23976 12.7101 -6.358532
-8.172942 12.72788 -6.410824
-8.111162 12.74587 -6.464279
-8.05434 12.76405 -6.518876
-8.002398 12.7824 -6.574594
-7.955255 12.80089 -6.63141
-7.912833 12.81949 -6.689303
-7.875051 12.83819 -6.748253
-7.841831 12.85694 -6.808237
-7.813093 12.87574 -6.869233
-7.788758 12.89454 -6.93122
-7.768745 12.91334 -6.994177
-7.752975 12.93209 -7.058082
-7.74137 12.95078 -7.122912
-7.73385 12.96938 -7.188648
-7.730333 12.98787 -7.255267
-7.730743 13.00621 -7.322747
-7.734999 13.02439 -7.391068
-7.743021 13.04237 -7.460207
-7.754731 13.06014 -7.530143
-7.770048 13.07766 -7.600854
-7.788893 13.09492 -7.672318
-7.811187 13.11188 -7.744515
-7.83685 13.12852 -7.817423
-7.865803 13.14481 -7.89102
-7.897965 13.16074 -7.965283
-7.933259 13.17626 -8.040194
-7.971604 13.19137 -8.115727
-8.012921 13.20602 -8.191864
-8.05713 13.22021 -8.268582
-8.104152 13.23389 -8.34586
-8.153907 13.24705 -8.423676
-8.206316 13.25966 -8.502007
-8.2613 13.27169 -8.580833
-8.318778 13.28312 -8.660133
-8.378673 13.29392 -8.739885
-8.440902 13.30408 -8.820066
-8.505388 13.31355 -8.900657
-8.572051 13.32232 -8.981634
-8.640812 13.33036 -9.062976
-8.711591 13.33764 -9.144663
-8.784308 13.34415 -9.226671
-8.858884 13.34985 -9.308981
-8.935241 13.35472 -9.391569
-9.013297 13.35873 -9.474414
-9.092974 13.36185 -9.557497
-9.174191 13.36407 -9.640792
-9.25687 13.36536 -9.72428
-9.340932 13.36569 -9.80794
-9.426296 13.36503 -9.89175
-9.512885 13.36336 -9.975688
-9.600616 13.36065 -10.05973
-9.689412 13.35688 -10.14386
-9.779193 13.35203 -10.22805
-9.869879 13.34606 -10.31229
-9.96139 13.33895 -10.39654
-10.05365 13.33068 -10.48079
-10.14657 13.32122 -10.56502
-10.20152 13.31509 -10.61456
-10.29445 13.30385 -10.69759
-10.38615 13.29171 -10.77835
-10.47663 13.27868 -10.85691
-10.56592 13.26481 -10.93332
-10.65404 13.2501 -11.00764
-10.74102 13.23458 -11.07994
-10.82688 13.21828 -11.15027
-10.91164 13.20123 -11.21869
-10.99533 13.18343 -11.28526
-11.07798 13.16493 -11.35005
-11.1596 13.14573 -11.4131
-11.24023 13.12588 -11.47448
-11.31988 13.10538 -11.53425
-11.39858 13.08427 -11.59246
-11.47636 13.06256 -11.64919
-11.55323 13.04029 -11.70447
-11.62923 13.01747 -11.75839
-11.70438 12.99413 -11.81099
-11.77869 12.97029 -11.86234
-11.8522 12.94598 -11.91249
-11.92493 12.92122 -11.9615
-11.9969 12.89604 -12.00944
-12.06814 12.87045 -12.05636
-12.13868 12.84448 -12.10232
-12.20852 12.81816 -12.14738
-12.27771 12.79152 -12.1916
-12.34627 12.76456 -12.23504
-12.41421 12.73732 -12.27776
-12.48156 12.70982 -12.31982
-12.54835 12.68209 -12.36128
-12.6146 12.65415 -12.4022
-12.68034 12.62602 -12.44263
-12.74559 12.59772 -12.48264
-12.81037 12.56929 -12.52228
-12.87471 12.54074 -12.56162
-12.93863 12.5121 -12.60072
-13.00215 12.48339 -12.63963
-13.06531 12.45464 -12.67841
-13.12812 12.42586 -12.71712
-13.19061 12.39709 -12.75583
-13.2528 12.36835 -12.79459
-13.31472 12.33966 -12.83346
-13.37639 12.31104 -12.8725
-13.43783 12.28252 -12.91177
-13.49908 12.25413 -12.95132
-13.56015 12.22588 -12.99123
-13.62106 12.1978 -13.03154
-13.68185 12.16992 -13.07233
-13.74254 12.14225 -13.11364
-13.80314 12.11483 -13.15553
-13.86369 12.08767 -13.19807
-13.92421 12.0608 -13.24132
-13.98472 12.03424 -13.28533
-14.04525 12.00803 -13.33016
-14.10582 11.98217 -13.37588
-14.16645 11.9567 -13.42254
-14.22717 11.93163 -13.4702
-14.28801 11.907 -13.51892
-14.34899 11.88283 -13.56877
-14.41012 11.85913 -13.61979
-14.47145 11.83594 -13.67205
-14.53298 11.81328 -13.72562
-14.59475 11.79117 -13.78054
-14.65678 11.76963 -13.83687
-14.71909 11.74869 -13.89469
-14.7817 11.72838 -13.95404
-14.84465 11.70872 -14.01499
-14.90796 11.68972 -14.07759
-14.97164 11.67142 -14.14191
-15.03573 11.65384 -14.20801
-15.07363 11.64384 -14.24774
-15.13686 11.62805 -14.31569
-15.19749 11.61419 -14.38335
-15.2555 11.60223 -14.45071
-15.31093 11.59212 -14.51773
-15.36378 11.58383 -14.5844
-15.41406 11.57731 -14.65069
-15.46181 11.57252 -14.7166
-15.50701 11.56942 -14.78209
-15.54969 11.56798 -14.84714
-15.58987 11.56815 -14.91173
-15.62756 11.56989 -14.97585
-15.66277 11.57316 -15.03947
-15.69551 11.57792 -15.10256
-15.72581 11.58413 -15.16512
-15.75367 11.59175 -15.22711
-15.77911 11.60074 -15.28852
-15.80214 11.61106 -15.34932
-15.82277 11.62267 -15.4095
-15.84103 11.63552 -15.46904
-15.85692 11.64959 -15.5279
-15.87046 11.66482 -15.58607
-15.88166 11.68118 -15.64354
-15.89054 11.69862 -15.70027
-15.89711 11.71711 -15.75626
-15.90138 11.73661 -15.81147
-15.90338 11.75707 -15.86588
-15.9031 11.77846 -15.91948
-15.90058 11.80073 -15.97224
-15.89581 11.82385 -16.02415
-15.88882 11.84776 -16.07517
-15.87961 11.87245 -16.1253
-15.86822 11.89785 -16.17451
-15.85463 11.92394 -16.22277
-15.83888 11.95067 -16.27008
-15.82098 11.978 -16.3164
-15.80093 12.0059 -16.36171
-15.77876 12.03431 -16.406
-15.75447 12.06321 -16.44924
-15.72808 12.09254 -16.49141
-15.69961 12.12228 -16.5325
-15.66908 12.15237 -16.57247
-15.63648 12.18278 -16.61131
-15.60184 12.21348 -16.649
-15.56517 12.2444 -16.68552
-15.52649 12.27553 -16.72084
-15.48581 12.30682 -16.75495
-15.44314 12.33822 -16.78782
-15.3985 12.3697 -16.81943
-15.3519 12.40121 -16.84977
-15.30336 12.43272 -16.8788
-15.25289 12.46419 -16.90652
-15.2005 12.49557 -16.93289
-15.14621 12.52682 -16.9579
-15.09003 12.55791 -16.98152
-15.03198 12.58879 -17.00374
-14.97207 12.61943 -17.02453
-14.91031 12.64978 -17.04388
-14.84672 12.6798 -17.06175
-14.78132 12.70945 -17.07814
-14.71411 12.7387 -17.09302
-14.64511 12.76749 -17.10637
-14.57433 12.7958 -17.11816
-14.5018 12.82358 -17.12838
-14.42751 12.85079 -17.13701
-14.35149 12.87739 -17.14402
-14.27376 12.90333 -17.14939
-14.19432 12.92859 -17.1531
-14.11318 12.95311 -17.15514
-14.03037 12.97686 -17.15548
-13.9459 12.9998 -17.15409
-13.89544 13.0129 -17.15247
-13.80803 13.0345 -17.14881
-13.71843 13.05531 -17.14443
-13.62675 13.07536 -17.13939
-13.53308 13.0947 -17.13371
-13.43756 13.11335 -17.12745
-13.34028 13.13137 -17.12066
-13.24137 13.1488 -17.11337
-13.14092 13.16566 -17.10565
-13.03905 13.182 -17.09753
-12.93587 13.19787 -17.08907
-12.8315 13.2133 -17.0803
-12.72605 13.22832 -17.07127
-12.61961 13.24299 -17.06203
-12.51232 13.25733 -17.05264
-12.40427 13.27139 -17.04312
-12.29559 13.28521 -17.03354
-12.18637 13.29883 -17.02392
-12.07673 13.31228 -17.01434
-11.96679 13.32561 -17.00482
-11.85665 13.33886 -16.99541
-11.74643 13.35206 -16.98617
-11.63623 13.36525 -16.97713
-11.52617 13.37848 -16.96835
-11.41635 13.39178 -16.95987
-11.3069 13.40519 -16.95174
-11.19792 13.41876 -16.944
-11.08952 13.43252 -16.9367
-10.98181 13.44651 -16.92989
-10.87491 13.46077 -16.92361
-10.76892 13.47534 -16.91791
-10.66396 13.49026 -16.91283
-10.56014 13.50557 -16.90843
-10.45756 13.5213 -16.90474
-10.35635 13.53751 -16.90182
-10.2566 13.55422 -16.89971
-10.15844 13.57148 -16.89846
-10.06197 13.58933 -16.89811
-9.96731 13.6078 -16.89872
-9.874563 13.62694 -16.90032
-9.783843 13.64679 -16.90296
-9.69526 13.66737 -16.90669
-9.608927 13.68875 -16.91156
-9.524955 13.71094 -16.91761
-9.443453 13.734 -16.92489
-9.364535 13.75796 -16.93344
-9.28831 13.78286 -16.94332
-9.21489 13.80875 -16.95456
-9.144387 13.83565 -16.96722
-9.076911 13.86361 -16.98134
-9.012574 13.89268 -16.99697
-8.951487 13.92288 -17.01415
-8.89376 13.95426 -17.03293
-8.839504 13.98687 -17.05335
-8.788833 14.02072 -17.07547
-8.741855 14.05588 -17.09933
-8.698684 14.09237 -17.12498
-8.659428 14.13024 -17.15245
-8.624201 14.16952 -17.18181
-8.593112 14.21026 -17.21309
-8.566273 14.25249 -17.24634
-8.543796 14.29626 -17.28161
-8.525791 14.3416 -17.31894
-8.512369 14.38855 -17.35839
-8.503643 14.43716 -17.39999
-8.499722 14.48745 -17.44379
-8.500719 14.53948 -17.48984
-8.506743 14.59328 -17.53819
-8.517908 14.64889 -17.58888
-8.534323 14.70635 -17.64196
-8.556099 14.7657 -17.69748
-8.571459 14.80151 -17.73129
-8.599879 14.86284 -17.78953
-8.629665 14.92391 -17.84779
-8.660789 14.98472 -17.90607
-8.69323 15.04525 -17.96435
-8.726966 15.10548 -18.02262
-8.761975 15.1654 -18.08087
-8.798236 15.22499 -18.13908
-8.835721 15.28425 -18.19724
-8.874413 15.34314 -18.25533
-8.914289 15.40167 -18.31335
-8.955323 15.45981 -18.37128
-8.997496 15.51756 -18.42911
-9.040785 15.57489 -18.48682
-9.085165 15.63178 -18.54441
-9.130617 15.68824 -18.60185
-9.177116 15.74424 -18.65914
-9.224641 15.79976 -18.71626
-9.27317 15.8548 -18.7732
-9.322678 15.90933 -18.82994
-9.373144 15.96334 -18.88648
-9.424547 16.01682 -18.9428
-9.476862 16.06976 -18.99889
-9.530067 16.12213 -19.05473
-9.584143 16.17392 -19.11031
-9.639063 16.22513 -19.16562
-9.694806 16.27572 -19.22064
-9.751351 16.3257 -19.27537
-9.808674 16.37503 -19.32978
-9.866754 16.42373 -19.38387
-9.925566 16.47175 -19.43763
-9.985089 16.51909 -19.49103
-10.0453 16.56573 -19.54407
-10.10618 16.61167 -19.59673
-10.1677 16.65689 -19.649
-10.22984 16.70136 -19.70087
-10.29259 16.74508 -19.75232
-10.3559 16.78803 -19.80335
-10.41978 16.83019 -19.85393
-10.48418 16.87156 -19.90406
-10.54909 16.91211 -19.95372
-10.61449 16.95184 -20.0029
-10.68035 16.99072 -20.05158
-10.74666 17.02875 -20.09976
-10.81338 17.0659 -20.14742
-10.8805 17.10216 -20.19454
-10.94799 17.13753 -20.24112
-11.01584 17.17197 -20.28714
-11.08402 17.20549 -20.33258
-11.1525 17.23805 -20.37744
-11.22126 17.26966 -20.4217
-11.29029 17.30029 -20.46535
-11.35956 17.32994 -20.50838
-11.42904 17.35857 -20.55076
-11.49872 17.38618 -20.5925
-11.56857 17.41277 -20.63357
-11.63857 17.4383 -20.67397
-11.7087 17.46276 -20.71367
-11.77893 17.48615 -20.75267
-11.84925 17.50844 -20.79096
-11.91962 17.52962 -20.82852
-11.99003 17.54968 -20.86533
-12.06046 17.5686 -20.90139
-12.13087 17.58637 -20.93668
-12.20126 17.60297 -20.97119
-12.2716 17.61839 -21.0049
-12.34186 17.63261 -21.03781
-12.41202 17.64562 -21.0699
-12.48206 17.6574 -21.10115
-12.55196 17.66794 -21.13156
-12.6217 17.67722 -21.1611
-12.66264 17.68209 -21.17808
-12.73237 17.69048 -21.20566
-12.80249 17.69983 -21.23126
-12.87297 17.71009 -21.25492
-12.9438 17.72123 -21.27669
-13.01496 17.7332 -21.29662
-13.08642 17.74595 -21.31475
-13.15817 17.75945 -21.33115
-13.23019 17.77365 -21.34586
-13.30245 17.7885 -21.35892
-13.37494 17.80397 -21.3704
-13.44764 17.82001 -21.38033
-13.52053 17.83659 -21.38876
-13.59358 17.85364 -21.39576
-13.66678 17.87115 -21.40136
-13.7401 17.88905 -21.40561
-13.81354 17.90731 -21.40857
-13.88706 17.92589 -21.41029
-13.96065 17.94474 -21.41081
-14.03429 17.96381 -21.41018
-14.10795 17.98308 -21.40846
-14.18163 18.00248 -21.40569
-14.25529 18.02199 -21.40192
-14.32892 18.04155 -21.39721
-14.40249 18.06113 -21.3916
-14.476 18.08068 -21.38514
-14.54941 18.10016 -21.37787
-14.62272 18.11953 -21.36986
-14.69589 18.13874 -21.36115
-14.76891 18.15775 -21.35179
-14.84176 18.17652 -21.34183
-14.91441 18.195 -21.33132
-14.98686 18.21315 -21.3203
-15.05907 18.23094 -21.30883
-15.13104 18.2483 -21.29696
-15.20273 18.26521 -21.28474
-15.27413 18.28163 -21.27221
-15.34522 18.2975 -21.25943
-15.41599 18.31278 -21.24645
-15.48639 18.32743 -21.23331
-15.55644 18.34142 -21.22006
-15.62608 18.35469 -21.20676
-15.69532 18.3672 -21.19345
-15.76413 18.37891 -21.18019
-15.83249 18.38978 -21.16701
-15.90038 18.39976 -21.15399
-15.96778 18.40882 -21.14115
-16.03467 18.4169 -21.12855
-16.10103 18.42397 -21.11625
-16.16684 18.42998 -21.10428
-16.23208 18.43489 -21.09271
-16.29673 18.43866 -21.08157
-16.36077 18.44125 -21.07093
-16.42418 18.4426 -21.06082
-16.48694 18.44268 -21.05131
-16.54904 18.44145 -21.04243
-16.61044 18.43886 -21.03423
-16.67114 18.43487 -21.02678
-16.73111 18.42943 -21.02011
-16.79032 18.42252 -21.01428
-16.84877 18.41407 -21.00933
-16.90643 18.40405 -21.00532
-16.96329 18.39241 -21.00229
-17.01931 18.37912 -21.0003
-17.07448 18.36413 -20.99939
-17.12879 18.34739 -20.99962
-17.18221 18.32887 -21.00103
-17.23472 18.30851 -21.00367
-17.2863 18.28629 -21.00759
-17.33694 18.26215 -21.01284
-17.3866 18.23606 -21.01948
-17.41536 18.21977 -21.02405
-17.46731 18.19083 -21.03241
-17.52583 18.16056 -21.0411
-17.59073 18.129 -21.05008
-17.6618 18.09614 -21.05934
-17.73884 18.06202 -21.06885
-17.82166 18.02666 -21.0786
-17.91003 17.99006 -21.08854
-18.00378 17.95226 -21.09868
-18.10269 17.91327 -21.10897
-18.20656 17.87311 -21.1194
-18.31519 17.8318 -21.12995
-18.42838 17.78935 -21.14058
-18.54593 17.74579 -21.15129
-18.66763 17.70114 -21.16204
-18.79329 17.65541 -21.17281
-18.9227 17.60863 -21.18358
-19.05566 17.56081 -21.19433
-19.19197 17.51197 -21.20503
-19.33142 17.46213 -21.21566
-19.47382 17.41131 -21.2262
-19.61896 17.35953 -21.23662
-19.76664 17.30681 -21.2469
-19.91666 17.25316 -21.25702
-20.06882 17.19861 -21.26695
-20.22291 17.14318 -21.27667
-20.37874 17.08688 -21.28617
-20.5361 17.02973 -21.2954
-20.69479 16.97176 -21.30437
-20.85461 16.91297 -21.31303
-21.01535 16.8534 -21.32136
-21.17682 16.79306 -21.32935
-21.33882 16.73196 -21.33697
-21.50113 16.67013 -21.34419
-21.66357 16.60759 -21.351
-21.82593 16.54436 -21.35737
-21.988 16.48045 -21.36328
-22.14958 16.41588 -21.3687
-22.31048 16.35067 -21.37362
-22.47049 16.28485 -21.378
-22.6294 16.21842 -21.38182
-22.78703 16.15142 -21.38507
-22.94316 16.08386 -21.38772
-23.0976 16.01575 -21.38975
-23.25013 15.94712 -21.39112
-23.40057 15.87798 -21.39183
-23.5487 15.80836 -21.39184
-23.69434 15.73828 -21.39114
-23.83727 15.66775 -21.3897
-23.97728 15.59679 -21.3875
-24.11419 15.52542 -21.38451
-24.2478 15.45366 -21.38071
-24.37789 15.38152 -21.37608
-24.50426 15.30904 -21.3706
-24.62672 15.23623 -21.36423
-24.74507 15.1631 -21.35697
-24.85909 15.08967 -21.34879
-24.9686 15.01597 -21.33965
-25.07338 14.94202 -21.32955
-25.17323 14.86782 -21.31845
-25.26796 14.79341 -21.30634
-25.35736 14.7188 -21.29319
-25.44123 14.644 -21.27897
-25.51938 14.56905 -21.26367
-25.59158 14.49395 -21.24726
-25.65765 14.41873 -21.22972
-25.71739 14.34341 -21.21103
-25.77059 14.268 -21.19116
-25.81704 14.19252 -21.17009
-25.85656 14.117 -21.14779
-25.88893 14.04144 -21.12424
-25.90455 13.99699 -21.1098
-25.9285 13.92176 -21.08412
-25.9516 13.84719 -21.05695
-25.97386 13.77327 -21.02832
-25.9953 13.70001 -20.99826
-26.01593 13.6274 -20.9668
-26.03576 13.55545 -20.93398
-26.05481 13.48415 -20.89981
-26.07308 13.4135 -20.86434
-26.0906 13.3435 -20.82758
-26.10737 13.27415 -20.78959
-26.1234 13.20544 -20.75036
-26.13872 13.13738 -20.70996
-26.15332 13.06997 -20.6684
-26.16723 13.0032 -20.62571
-26.18046 12.93708 -20.58192
-26.19301 12.87159 -20.53707
-26.20491 12.80675 -20.49118
-26.21616 12.74255 -20.44428
-26.22678 12.67898 -20.39641
-26.23678 12.61605 -20.34759
-26.24617 12.55375 -20.29785
-26.25496 12.49209 -20.24723
-26.26318 12.43107 -20.19576
-26.27082 12.37067 -20.14346
-26.27791 12.31091 -20.09037
-26.28446 12.25178 -20.03651
-26.29047 12.19327 -19.98191
-26.29597 12.13539 -19.92662
-26.30095 12.07814 -19.87065
-26.30545 12.02151 -19.81403
-26.30946 11.96551 -19.7568
-26.31301 11.91013 -19.69899
-26.3161 11.85537 -19.64063
-26.31875 11.80123 -19.58174
-26.32097 11.7477 -19.52236
-26.32277 11.6948 -19.46251
-26.32417 11.64251 -19.40224
-26.32517 11.59084 -19.34156
-26.32579 11.53978 -19.28051
-26.32605 11.48934 -19.21912
-26.32596 11.43951 -19.15742
-26.32552 11.39028 -19.09544
-26.32476 11.34167 -19.0332
-26.32368 11.29367 -18.97075
-26.32229 11.24627 -18.9081
-26.32062 11.19948 -18.8453
-26.31866 11.15329 -18.78236
-26.31645 11.10771 -18.71933
-26.31398 11.06272 -18.65622
-26.31127 11.01834 -18.59308
-26.30833 10.97456 -18.52992
-26.30518 10.93138 -18.46679
-26.30182 10.88879 -18.40371
-26.29828 10.8468 -18.34071
-26.29456 10.80541 -18.27782
-26.29068 10.76461 -18.21507
-26.28664 10.7244 -18.1525
-26.28247 10.68479 -18.09013
-26.27817 10.64576 -18.02798
-26.27376 10.60733 -17.96611
-26.26925 10.56948 -17.90452
-26.26465 10.53222 -17.84326
-26.25997 10.49554 -17.78235
-26.25523 10.45945 -17.72183
-26.25044 10.42394 -17.66172
-26.24562 10.38901 -17.60205
-26.24077 10.35466 -17.54286
-26.23591 10.3209 -17.48417
-26.23105 10.28771 -17.42601
-26.2262 10.2551 -17.36843
