-30.51088 16.26975 -3.33175
-30.38034 16.29387 -3.294296
-30.25021 16.31765 -3.256749
-30.12047 16.34106 -3.219133
-29.9911 16.3641 -3.18147
-29.86209 16.38673 -3.143784
-29.73344 16.40894 -3.106097
-29.60512 16.43069 -3.068432
-29.47714 16.45198 -3.030813
-29.34947 16.47277 -2.993261
-29.2221 16.49304 -2.955801
-29.09503 16.51278 -2.918455
-28.96825 16.53195 -2.881246
-28.84173 16.55054 -2.844197
-28.71547 16.56853 -2.807331
-28.58946 16.58588 -2.770671
-28.46368 16.60259 -2.73424
-28.33813 16.61862 -2.69806
-28.21279 16.63396 -2.662156
-28.08765 16.64857 -2.626549
-27.9627 16.66245 -2.591264
-27.83792 16.67556 -2.556322
-27.71331 16.68788 -2.521746
-27.58886 16.6994 -2.487561
-27.46455 16.71009 -2.453788
-27.34036 16.71992 -2.42045
-27.2163 16.72888 -2.387572
-27.09234 16.73694 -2.355174
-26.96848 16.74408 -2.323282
-26.84471 16.75028 -2.291916
-26.721 16.75551 -2.261101
-26.59736 16.75975 -2.230859
-26.47376 16.76298 -2.201214
-26.35021 16.76518 -2.172188
-26.22668 16.76633 -2.143805
-26.10316 16.7664 -2.116086
-25.97964 16.76536 -2.089056
-25.85612 16.76321 -2.062737
-25.73257 16.7599 -2.037152
-25.609 16.75544 -2.012324
-25.48537 16.74978 -1.988276
-25.3617 16.74291 -1.965031
-25.23795 16.7348 -1.942612
-25.11413 16.72544 -1.921042
-24.99021 16.71479 -1.900344
-24.86619 16.70285 -1.880541
-24.74206 16.68958 -1.861656
-24.61781 16.67496 -1.843711
-24.49341 16.65897 -1.82673
-24.36887 16.64159 -1.810736
-24.24417 16.6228 -1.795752
-24.11929 16.60257 -1.7818
-23.99423 16.58088 -1.768904
-23.86897 16.55771 -1.757086
-23.74351 16.53303 -1.74637
-23.61783 16.50683 -1.736779
-23.49191 16.47908 -1.728334
-23.36576 16.44975 -1.721061
-23.23935 16.41883 -1.71498
-23.11267 16.3863 -1.710117
-22.98572 16.35213 -1.706492
-22.85848 16.31629 -1.70413
-22.73094 16.27877 -1.703052
-22.60309 16.23955 -1.703283
-22.47491 16.19859 -1.704846
-22.3464 16.15588 -1.707762
-22.21754 16.1114 -1.712056
-22.08833 16.06513 -1.717749
-21.95873 16.01703 -1.724866
-21.85632 15.97782 -1.731494
-21.72759 15.93051 -1.739956
-21.60153 15.88943 -1.747393
-21.47809 15.85442 -1.753829
-21.35721 15.82536 -1.759288
-21.23884 15.8021 -1.763792
-21.12291 15.7845 -1.767365
-21.00938 15.77242 -1.770031
-20.89818 15.76571 -1.771814
-20.78927 15.76425 -1.772736
-20.68259 15.76788 -1.772822
-20.57807 15.77646 -1.772095
-20.47568 15.78986 -1.770579
-20.37534 15.80794 -1.768297
-20.277 15.83054 -1.765273
-20.18062 15.85754 -1.76153
-20.08613 15.88879 -1.757092
-19.99347 15.92415 -1.751983
-19.90261 15.96347 -1.746225
-19.81346 16.00662 -1.739843
-19.72599 16.05346 -1.732861
-19.64013 16.10385 -1.725301
-19.55583 16.15764 -1.717187
-19.47304 16.21469 -1.708543
-19.3917 16.27487 -1.699392
-19.31175 16.33803 -1.689758
-19.23313 16.40403 -1.679665
-19.1558 16.47273 -1.669136
-19.0797 16.54399 -1.658194
-19.00476 16.61766 -1.646864
-18.93095 16.69362 -1.635168
-18.85819 16.77171 -1.623131
-18.78643 16.85179 -1.610775
-18.71563 16.93373 -1.598125
-18.64571 17.01738 -1.585204
-18.57664 17.10261 -1.572036
-18.50835 17.18926 -1.558643
-18.44078 17.2772 -1.54505
-18.37388 17.3663 -1.531281
-18.3076 17.4564 -1.517358
-18.24188 17.54737 -1.503305
-18.17666 17.63907 -1.489146
-18.1119 17.73135 -1.474905
-18.04752 17.82408 -1.460605
-17.98348 17.91711 -1.446269
-17.91973 18.0103 -1.431922
-17.85619 18.10351 -1.417586
-17.79283 18.19661 -1.403285
-17.72959 18.28944 -1.389043
-17.6664 18.38187 -1.374884
-17.60322 18.47376 -1.360831
-17.53999 18.56497 -1.346906
-17.47665 18.65536 -1.333135
-17.41315 18.74477 -1.319541
-17.34942 18.83309 -1.306147
-17.28543 18.92015 -1.292976
-17.2211 19.00583 -1.280053
-17.15639 19.08997 -1.267401
-17.09124 19.17245 -1.255042
-17.0256 19.25312 -1.243002
-16.95939 19.33183 -1.231304
-16.89259 19.40845 -1.21997
-16.82512 19.48284 -1.209026
-16.75693 19.55485 -1.198493
-16.68797 19.62435 -1.188396
-16.61818 19.69119 -1.178758
-16.5475 19.75523 -1.169604
-16.47588 19.81634 -1.160955
-16.40327 19.87436 -1.152837
-16.3296 19.92916 -1.145272
-16.25483 19.98061 -1.138285
-16.2103 20.00924 -1.134453
-16.13451 20.05611 -1.127851
-16.05923 20.10148 -1.120724
-15.98443 20.14535 -1.113089
-15.91013 20.18777 -1.104964
-15.8363 20.22873 -1.096367
-15.76294 20.26827 -1.087313
-15.69004 20.3064 -1.077821
-15.6176 20.34315 -1.067908
-15.5456 20.37853 -1.057592
-15.47403 20.41257 -1.046889
-15.4029 20.44528 -1.035817
-15.33218 20.47668 -1.024393
-15.26188 20.5068 -1.012635
-15.19198 20.53566 -1.000561
-15.12247 20.56327 -0.988186
-15.05336 20.58965 -0.975529
-14.98462 20.61483 -0.962607
-14.91625 20.63882 -0.9494374
-14.84825 20.66164 -0.9360374
-14.7806 20.68332 -0.9224242
-14.7133 20.70388 -0.9086154
-14.64634 20.72333 -0.8946282
-14.57971 20.7417 -0.88048
-14.5134 20.759 -0.866188
-14.4474 20.77525 -0.8517696
-14.38171 20.79048 -0.8372421
-14.31632 20.80471 -0.8226229
-14.25121 20.81795 -0.8079293
-14.18639 20.83022 -0.7931786
-14.12184 20.84155 -0.7783881
-14.05756 20.85196 -0.7635752
-13.99353 20.86146 -0.7487573
-13.92975 20.87008 -0.7339514
-13.86621 20.87783 -0.7191753
-13.80291 20.88474 -0.7044459
-13.73983 20.89082 -0.6897809
-13.67696 20.8961 -0.6751972
-13.6143 20.90059 -0.6607126
-13.55184 20.90432 -0.6463441
-13.48957 20.9073 -0.6321091
-13.42749 20.90956 -0.618025
-13.36558 20.91112 -0.6041091
-13.30384 20.91199 -0.5903787
-13.24225 20.9122 -0.5768511
-13.18082 20.91176 -0.5635437
-13.11953 20.9107 -0.5504738
-13.05837 20.90904 -0.5376588
-12.99734 20.90679 -0.5251158
-12.93643 20.90397 -0.5128624
-12.87563 20.90062 -0.5009158
-12.81492 20.89674 -0.4892934
-12.75432 20.89235 -0.4780124
-12.69379 20.88749 -0.4670902
-12.63335 20.88215 -0.4565442
-12.57297 20.87638 -0.4463916
-12.51265 20.87018 -0.4366498
-12.45239 20.86358 -0.4273361
-12.39217 20.85659 -0.4184678
-12.33198 20.84924 -0.4100623
-12.27183 20.84155 -0.402137
-12.21169 20.83353 -0.3947091
-12.15157 20.82521 -0.3877958
-12.09144 20.81661 -0.3814147
-12.03132 20.80774 -0.3755831
-11.97118 20.79863 -0.3703181
-11.91102 20.7893 -0.3656373
-11.85083 20.77976 -0.3615578
-11.7906 20.77004 -0.3580971
-11.73033 20.76016 -0.3552724
-11.67 20.75013 -0.3531012
-11.63449 20.74418 -0.3521361
-11.57302 20.73491 -0.3507735
-11.50946 20.72734 -0.3495893
-11.4439 20.72138 -0.3486151
-11.37642 20.71693 -0.3478825
-11.30712 20.71389 -0.3474231
-11.23608 20.71215 -0.3472685
-11.16338 20.71162 -0.3474503
-11.08913 20.71221 -0.3480001
-11.0134 20.71379 -0.3489496
-10.93628 20.71629 -0.3503302
-10.85787 20.71959 -0.3521737
-10.77824 20.7236 -0.3545116
-10.6975 20.72822 -0.3573756
-10.61571 20.73335 -0.3607972
-10.53299 20.73888 -0.3648081
-10.4494 20.74472 -0.3694398
-10.36504 20.75078 -0.3747239
-10.28 20.75694 -0.3806921
-10.19437 20.76311 -0.387376
-10.10823 20.76918 -0.3948071
-10.02168 20.77507 -0.4030172
-9.934789 20.78067 -0.4120377
-9.847659 20.78587 -0.4219002
-9.760376 20.79058 -0.4326365
-9.673027 20.79471 -0.4442781
-9.5857 20.79814 -0.4568565
-9.498483 20.80078 -0.4704035
-9.411464 20.80253 -0.4849506
-9.324731 20.80329 -0.5005293
-9.238373 20.80297 -0.5171714
-9.152475 20.80145 -0.5349085
-9.06713 20.79863 -0.553772
-8.982422 20.79443 -0.5737936
-8.89844 20.78874 -0.5950051
-8.815272 20.78146 -0.6174378
-8.733007 20.7725 -0.6411235
-8.651733 20.76174 -0.6660938
-8.571537 20.74909 -0.6923802
-8.492508 20.73445 -0.7200143
-8.414733 20.71772 -0.7490278
-8.338301 20.6988 -0.7794523
-8.263299 20.6776 -0.8113193
-8.189816 20.654 -0.8446605
-8.117939 20.62792 -0.8795076
-8.047757 20.59924 -0.9158919
-7.979358 20.56788 -0.9538454
-7.91283 20.53373 -0.9933993
-7.84826 20.49669 -1.034586
-7.785737 20.45667 -1.077435
-7.725349 20.41355 -1.121981
-7.667184 20.36724 -1.168253
-7.61133 20.31765 -1.216284
-7.557875 20.26467 -1.266106
-7.506907 20.2082 -1.317749
-7.458514 20.14814 -1.371245
-7.412783 20.08439 -1.426627
-7.369804 20.01686 -1.483925
-7.329664 19.94544 -1.543171
-7.292451 19.87003 -1.604398
-7.258254 19.79053 -1.667635
-7.22716 19.70685 -1.732916
-7.199256 19.61888 -1.800272
-7.174632 19.52652 -1.869733
-7.153376 19.42968 -1.941333
-7.135575 19.32824 -2.015102
-7.121317 19.22212 -2.091072
-7.110691 19.11122 -2.169275
-7.103784 18.99542 -2.249743
-7.100684 18.87465 -2.332505
-7.101481 18.74878 -2.417596
-7.103804 18.67232 -2.468754
-7.111599 18.54333 -2.553198
-7.124639 18.41934 -2.631323
-7.142801 18.30026 -2.703296
-7.165963 18.18601 -2.76928
-7.194001 18.07648 -2.829443
-7.226794 17.97161 -2.883947
-7.264218 17.8713 -2.93296
-7.306152 17.77547 -2.976645
-7.352473 17.68402 -3.015169
-7.403057 17.59688 -3.048697
-7.457783 17.51394 -3.077393
-7.516527 17.43514 -3.101423
-7.579167 17.36038 -3.120952
-7.645581 17.28957 -3.136146
-7.715647 17.22263 -3.147169
-7.789239 17.15947 -3.154188
-7.866239 17.10001 -3.157367
-7.946521 17.04415 -3.15687
-8.029963 16.99181 -3.152865
-8.116444 16.94291 -3.145516
-8.20584 16.89735 -3.134987
-8.298028 16.85505 -3.121445
-8.392887 16.81592 -3.105054
-8.490294 16.77988 -3.08598
-8.590125 16.74684 -3.064389
-8.692259 16.71671 -3.040444
-8.796573 16.68941 -3.014312
-8.902943 16.66484 -2.986158
-9.011248 16.64293 -2.956146
-9.121365 16.62358 -2.924443
-9.233171 16.60671 -2.891213
-9.346545 16.59223 -2.856622
-9.461362 16.58006 -2.820835
-9.5775 16.5701 -2.784017
-9.694839 16.56227 -2.746333
-9.813252 16.55649 -2.707948
-9.93262 16.55267 -2.669029
-10.05282 16.55072 -2.629739
-10.17373 16.55055 -2.590245
-10.29522 16.55207 -2.550711
-10.41718 16.55521 -2.511303
-10.53948 16.55987 -2.472186
-10.66199 16.56597 -2.433525
-10.7846 16.57341 -2.395486
-10.90719 16.58212 -2.358233
-11.02962 16.592 -2.321932
-11.15178 16.60298 -2.286748
-11.27355 16.61495 -2.252847
-11.3948 16.62784 -2.220393
-11.51541 16.64156 -2.189552
-11.63526 16.65602 -2.160489
-11.75422 16.67114 -2.133369
-11.87218 16.68682 -2.108357
-11.989 16.70299 -2.08562
-12.10457 16.71954 -2.065321
-12.21877 16.73641 -2.047627
-12.33146 16.7535 -2.032702
-12.44254 16.77072 -2.020711
-12.55187 16.78799 -2.011821
-12.65934 16.80522 -2.006196
-12.76482 16.82232 -2.004001
-12.86818 16.8392 -2.005401
-12.96932 16.85579 -2.010563
-13.06809 16.872 -2.01965
-13.16439 16.88772 -2.032829
-13.25809 16.90289 -2.050264
-13.34906 16.91741 -2.072121
-13.43718 16.9312 -2.098566
-13.52234 16.94416 -2.129762
-13.6044 16.95621 -2.165875
-13.65118 16.96285 -2.189484
-13.72959 16.9728 -2.230486
-13.80767 16.98072 -2.270218
-13.88541 16.98666 -2.308711
-13.96278 16.99065 -2.345992
-14.03977 16.99273 -2.382091
-14.11634 16.99294 -2.417037
-14.19249 16.9913 -2.450859
-14.2682 16.98786 -2.483587
-14.34343 16.98265 -2.515249
-14.41818 16.97571 -2.545875
-14.49242 16.96708 -2.575493
-14.56614 16.95679 -2.604133
-14.6393 16.94488 -2.631825
-14.7119 16.93139 -2.658596
-14.78391 16.91635 -2.684477
-14.85531 16.8998 -2.709496
-14.92609 16.88178 -2.733682
-14.99621 16.86231 -2.757065
-15.06567 16.84145 -2.779673
-15.13443 16.81922 -2.801537
-15.20249 16.79566 -2.822684
-15.26982 16.77081 -2.843144
-15.3364 16.74471 -2.862947
-15.4022 16.71738 -2.88212
-15.46722 16.68888 -2.900695
-15.53143 16.65923 -2.918699
-15.59481 16.62847 -2.936161
-15.65733 16.59663 -2.953111
-15.71899 16.56376 -2.969578
-15.77975 16.52989 -2.985591
-15.83961 16.49506 -3.001179
-15.89853 16.45931 -3.016372
-15.9565 16.42266 -3.031198
-16.0135 16.38516 -3.045686
-16.0695 16.34684 -3.059866
-16.1245 16.30774 -3.073766
-16.17846 16.2679 -3.087417
-16.23137 16.22735 -3.100846
-16.28321 16.18614 -3.114084
-16.33395 16.14428 -3.127159
-16.38358 16.10183 -3.1401
-16.43208 16.05882 -3.152937
-16.47943 16.01528 -3.165698
-16.52559 15.97126 -3.178413
-16.57057 15.92678 -3.19111
-16.61434 15.88189 -3.20382
-16.65686 15.83662 -3.216571
-16.69814 15.79101 -3.229392
-16.73814 15.7451 -3.242312
-16.77684 15.69891 -3.255361
-16.81423 15.65249 -3.268567
-16.85029 15.60588 -3.28196
-16.88499 15.55911 -3.295568
-16.91831 15.51222 -3.309422
-16.95024 15.46523 -3.32355
-16.98075 15.41821 -3.337981
-17.00983 15.37116 -3.352744
-17.03745 15.32414 -3.367868
-17.06359 15.27718 -3.383383
-17.08824 15.23032 -3.399318
-17.11137 15.18359 -3.415701
-17.13297 15.13703 -3.432562
-17.153 15.09067 -3.44993
-17.17146 15.04456 -3.467834
-17.18832 14.99873 -3.486304
-17.20357 14.95321 -3.505368
-17.21717 14.90805 -3.525055
-17.22912 14.86327 -3.545395
-17.23939 14.81892 -3.566417
-17.24796 14.77504 -3.58815
-17.2522 14.74945 -3.601279
-17.25779 14.70683 -3.623684
-17.26118 14.66565 -3.645823
-17.26242 14.62586 -3.667694
-17.26154 14.58745 -3.689295
-17.25858 14.55036 -3.710624
-17.25359 14.51458 -3.73168
-17.2466 14.48006 -3.752462
-17.23765 14.44677 -3.772967
-17.2268 14.41469 -3.793194
-17.21406 14.38377 -3.813141
-17.19949 14.35398 -3.832807
-17.18313 14.32529 -3.85219
-17.16502 14.29766 -3.871287
-17.14519 14.27107 -3.890098
-17.12369 14.24547 -3.908621
-17.10055 14.22084 -3.926854
-17.07582 14.19714 -3.944796
-17.04954 14.17434 -3.962445
-17.02175 14.1524 -3.979799
-16.99249 14.1313 -3.996855
-16.96179 14.11098 -4.013615
-16.9297 14.09144 -4.030074
-16.89627 14.07262 -4.046231
-16.86152 14.0545 -4.062086
-16.8255 14.03705 -4.077635
-16.78826 14.02022 -4.092879
-16.74982 14.00399 -4.107813
-16.71023 13.98832 -4.122439
-16.66954 13.97318 -4.136753
-16.62777 13.95854 -4.150753
-16.58498 13.94436 -4.164438
-16.5412 13.93061 -4.177807
-16.49647 13.91725 -4.190858
-16.45083 13.90426 -4.203589
-16.40433 13.89159 -4.215999
-16.357 13.87922 -4.228085
-16.30888 13.86711 -4.239847
-16.26001 13.85523 -4.251282
-16.21044 13.84354 -4.262388
-16.16021 13.83201 -4.273165
-16.10934 13.82061 -4.28361
-16.0579 13.8093 -4.293722
-16.00591 13.79806 -4.303499
-15.95341 13.78684 -4.31294
-15.90045 13.77561 -4.322042
-15.84706 13.76435 -4.330805
-15.79329 13.753 -4.339226
-15.73918 13.74156 -4.347304
-15.68476 13.72997 -4.355036
-15.63008 13.71821 -4.362423
-15.57518 13.70624 -4.369461
-15.5201 13.69403 -4.37615
-15.46487 13.68154 -4.382486
-15.40954 13.66875 -4.388469
-15.35415 13.65561 -4.394098
-15.29874 13.6421 -4.39937
-15.24335 13.62818 -4.404284
-15.18802 13.61382 -4.408837
-15.13279 13.59899 -4.41303
-15.07769 13.58364 -4.416859
-15.02278 13.56775 -4.420323
-14.96809 13.55129 -4.42342
-14.91366 13.53421 -4.42615
-14.85953 13.5165 -4.428509
-14.80574 13.4981 -4.430497
-14.75233 13.479 -4.432112
-14.69935 13.45915 -4.433351
-14.64683 13.43853 -4.434214
-14.59481 13.4171 -4.434699
-14.54333 13.39482 -4.434803
-14.51332 13.3813 -4.434687
-14.46317 13.35864 -4.434937
-14.41437 13.3371 -4.436294
-14.36684 13.31667 -4.43874
-14.3205 13.29732 -4.442259
-14.27527 13.27905 -4.446832
-14.23108 13.26184 -4.45244
-14.18784 13.24565 -4.459066
-14.14549 13.23049 -4.466692
-14.10394 13.21632 -4.475301
-14.06312 13.20313 -4.484874
-14.02295 13.19091 -4.495393
-13.98335 13.17963 -4.506841
-13.94425 13.16928 -4.519198
-13.90557 13.15983 -4.532449
-13.86723 13.15127 -4.546574
-13.82916 13.14359 -4.561555
-13.79127 13.13676 -4.577376
-13.7535 13.13077 -4.594017
-13.71576 13.12559 -4.611461
-13.67797 13.12121 -4.62969
-13.64006 13.11762 -4.648685
-13.60196 13.11479 -4.66843
-13.56358 13.1127 -4.688906
-13.52485 13.11134 -4.710095
-13.48569 13.11068 -4.73198
-13.44602 13.11072 -4.754541
-13.40577 13.11143 -4.777762
-13.36486 13.1128 -4.801625
-13.32322 13.1148 -4.826111
-13.28075 13.11742 -4.851202
-13.2374 13.12064 -4.876882
-13.19308 13.12444 -4.903131
-13.14771 13.12881 -4.929932
-13.10121 13.13372 -4.957267
-13.05352 13.13915 -4.985117
-13.00455 13.1451 -5.013466
-12.95423 13.15154 -5.042295
-12.90247 13.15845 -5.071586
-12.84921 13.16582 -5.101321
-12.79436 13.17362 -5.131483
-12.73784 13.18185 -5.162053
-12.67959 13.19047 -5.193013
-12.61952 13.19947 -5.224346
-12.55755 13.20884 -5.256033
-12.49362 13.21856 -5.288057
-12.42763 13.2286 -5.320399
-12.35952 13.23896 -5.353043
-12.28921 13.2496 -5.385969
-12.21661 13.26052 -5.41916
-12.14166 13.2717 -5.452599
-12.06428 13.28311 -5.486266
-11.98438 13.29474 -5.520144
-11.9019 13.30657 -5.554216
-11.81675 13.31859 -5.588462
-11.72886 13.33077 -5.622867
-11.63815 13.3431 -5.65741
-11.54454 13.35556 -5.692075
-11.44796 13.36812 -5.726844
-11.34833 13.38078 -5.761698
-11.24557 13.39351 -5.796619
-11.1396 13.4063 -5.831592
-11.03035 13.41913 -5.866595
-10.91774 13.43198 -5.901612
-10.8017 13.44483 -5.936625
-10.68214 13.45766 -5.971616
-10.55899 13.47046 -6.006567
-10.43217 13.48321 -6.041461
-10.30161 13.49588 -6.076279
-10.16723 13.50847 -6.111003
-10.02895 13.52095 -6.145615
-9.945745 13.52823 -6.165918
-9.805957 13.54017 -6.200937
-9.671771 13.55132 -6.237044
-9.543123 13.56168 -6.274228
-9.419944 13.57127 -6.312478
-9.302171 13.58011 -6.351782
-9.189737 13.5882 -6.392129
-9.082577 13.59557 -6.433509
-8.980625 13.60222 -6.47591
-8.883813 13.60817 -6.51932
-8.792078 13.61344 -6.563729
-8.705353 13.61803 -6.609125
-8.623572 13.62196 -6.655497
-8.546671 13.62524 -6.702834
-8.474582 13.6279 -6.751125
-8.40724 13.62993 -6.800359
-8.344579 13.63136 -6.850523
-8.286533 13.6322 -6.901608
-8.233037 13.63245 -6.953603
-8.184025 13.63215 -7.006494
-8.13943 13.6313 -7.060273
-8.099188 13.6299 -7.114927
-8.063232 13.62799 -7.170444
-8.031498 13.62556 -7.226816
-8.003918 13.62265 -7.284029
-7.980426 13.61924 -7.342072
-7.960958 13.61537 -7.400934
-7.945447 13.61105 -7.460606
-7.933828 13.60628 -7.521075
-7.926034 13.60109 -7.582328
-7.922 13.59548 -7.644358
-7.921661 13.58947 -7.70715
-7.92495 13.58308 -7.770694
-7.931802 13.57631 -7.83498
-7.94215 13.56919 -7.899995
-7.95593 13.56172 -7.96573
-7.973074 13.55392 -8.032171
-7.993517 13.5458 -8.09931
-8.017195 13.53737 -8.167133
-8.044041 13.52866 -8.23563
-8.073986 13.51967 -8.30479
-8.10697 13.51041 -8.374601
-8.142923 13.50091 -8.445054
-8.181782 13.49117 -8.516134
-8.223478 13.4812 -8.587833
-8.267948 13.47103 -8.660139
-8.315125 13.46067 -8.733041
-8.364944 13.45012 -8.806526
-8.417337 13.4394 -8.880586
-8.472241 13.42853 -8.955206
-8.529588 13.41753 -9.030378
-8.589314 13.40639 -9.10609
-8.651352 13.39514 -9.182329
-8.715637 13.38379 -9.259087
-8.782103 13.37236 -9.33635
-8.850682 13.36086 -9.414107
-8.921311 13.34929 -9.49235
-8.993925 13.33768 -9.571063
-9.068455 13.32605 -9.650239
-9.144836 13.31439 -9.729864
-9.223004 13.30273 -9.809928
-9.302892 13.29108 -9.890421
-9.384435 13.27945 -9.97133
-9.467566 13.26787 -10.05264
-9.552219 13.25633 -10.13435
-9.63833 13.24486 -10.21644
-9.725832 13.23346 -10.29891
-9.81466 13.22216 -10.38173
-9.904746 13.21097 -10.4649
-9.996026 13.19989 -10.54841
-10.08843 13.18895 -10.63225
-10.1433 13.18258 -10.68172
-10.23637 13.17139 -10.7647
-10.32847 13.15939 -10.84532
-10.41961 13.14661 -10.92364
-10.50981 13.13306 -10.99972
-10.59909 13.11877 -11.07362
-10.68746 13.10376 -11.14542
-10.77494 13.08805 -11.21516
-10.86154 13.07165 -11.28292
-10.94728 13.0546 -11.34875
-11.03219 13.03692 -11.41271
-11.11627 13.01861 -11.47488
-11.19953 12.99971 -11.53531
-11.28201 12.98024 -11.59405
-11.36371 12.96021 -11.65119
-11.44465 12.93965 -11.70677
-11.52484 12.91858 -11.76086
-11.60431 12.89702 -11.81352
-11.68307 12.87499 -11.86481
-11.76113 12.85251 -11.9148
-11.83852 12.8296 -11.96355
-11.91524 12.80629 -12.01112
-11.99132 12.78259 -12.05758
-12.06676 12.75852 -12.10297
-12.1416 12.73412 -12.14738
-12.21584 12.70939 -12.19086
-12.2895 12.68436 -12.23346
-12.3626 12.65905 -12.27526
-12.43515 12.63348 -12.31632
-12.50717 12.60767 -12.35669
-12.57867 12.58165 -12.39645
-12.64968 12.55542 -12.43564
-12.7202 12.52903 -12.47435
-12.79027 12.50248 -12.51261
-12.85988 12.47579 -12.55051
-12.92906 12.449 -12.5881
-12.99782 12.42211 -12.62545
-13.06619 12.39516 -12.66261
-13.13417 12.36815 -12.69964
-13.20178 12.34112 -12.73662
-13.26905 12.31408 -12.7736
-13.33598 12.28705 -12.81065
-13.40259 12.26006 -12.84782
-13.46891 12.23312 -12.88518
-13.53493 12.20627 -12.9228
-13.60069 12.17951 -12.96072
-13.6662 12.15286 -12.99903
-13.73147 12.12636 -13.03777
-13.79653 12.10003 -13.07701
-13.86138 12.07387 -13.11681
-13.92604 12.04791 -13.15724
-13.99054 12.02218 -13.19835
-14.05488 11.9967 -13.24022
-14.11908 11.97148 -13.28289
-14.18316 11.94655 -13.32644
-14.24714 11.92193 -13.37093
-14.31104 11.89763 -13.41641
-14.37485 11.87369 -13.46295
-14.43862 11.85012 -13.51062
-14.50234 11.82694 -13.55947
-14.56605 11.80418 -13.60956
-14.62974 11.78185 -13.66097
-14.69345 11.75997 -13.71375
-14.75718 11.73857 -13.76796
-14.82096 11.71767 -13.82366
-14.8848 11.69729 -13.88093
-14.94871 11.67744 -13.93981
-15.01272 11.65816 -14.00038
-15.07683 11.63946 -14.06269
-15.14107 11.62136 -14.1268
-15.20545 11.60389 -14.19279
-15.2434 11.5939 -14.23251
-15.30641 11.57803 -14.30065
-15.36637 11.56395 -14.36889
-15.42328 11.55161 -14.43718
-15.47719 11.54098 -14.5055
-15.52812 11.53203 -14.57381
-15.5761 11.52472 -14.64208
-15.62115 11.51901 -14.71028
-15.6633 11.51487 -14.77838
-15.70258 11.51226 -14.84635
-15.73901 11.51115 -14.91414
-15.77263 11.5115 -14.98174
-15.80345 11.51327 -15.04911
-15.83151 11.51643 -15.11622
-15.85683 11.52094 -15.18303
-15.87944 11.52676 -15.24951
-15.89937 11.53387 -15.31563
-15.91664 11.54222 -15.38136
-15.93128 11.55177 -15.44667
-15.94331 11.5625 -15.51152
-15.95277 11.57437 -15.57588
-15.95968 11.58733 -15.63973
-15.96407 11.60136 -15.70302
-15.96597 11.61642 -15.76572
-15.96539 11.63246 -15.82782
-15.96238 11.64947 -15.88926
-15.95695 11.66739 -15.95002
-15.94914 11.6862 -16.01007
-15.93896 11.70585 -16.06937
-15.92645 11.72632 -16.1279
-15.91163 11.74757 -16.18562
-15.89454 11.76955 -16.24249
-15.87519 11.79224 -16.2985
-15.85362 11.81559 -16.3536
-15.82985 11.83958 -16.40776
-15.8039 11.86416 -16.46095
-15.77582 11.88931 -16.51314
-15.74561 11.91497 -16.5643
-15.71332 11.94113 -16.61439
-15.67896 11.96774 -16.66338
-15.64256 11.99476 -16.71124
-15.60415 12.02216 -16.75794
-15.56377 12.04991 -16.80345
-15.52142 12.07797 -16.84773
-15.47715 12.1063 -16.89075
-15.43097 12.13486 -16.93248
-15.38292 12.16363 -16.97289
-15.33302 12.19255 -17.01194
-15.28131 12.22161 -17.04961
-15.22779 12.25076 -17.08586
-15.17251 12.27997 -17.12065
-15.11549 12.30919 -17.15397
-15.05676 12.3384 -17.18576
-14.99634 12.36756 -17.21601
-14.93426 12.39663 -17.24469
-14.87055 12.42558 -17.27175
-14.80523 12.45437 -17.29716
-14.73834 12.48296 -17.3209
-14.66989 12.51132 -17.34293
-14.59992 12.53941 -17.36323
-14.52845 12.5672 -17.38175
-14.45551 12.59465 -17.39846
-14.38113 12.62172 -17.41334
-14.30533 12.64838 -17.42635
-14.22814 12.6746 -17.43746
-14.14959 12.70033 -17.44664
-14.0697 12.72554 -17.45385
-13.98851 12.75019 -17.45907
-13.90603 12.77426 -17.46225
-13.8223 12.7977 -17.46338
-13.73733 12.82047 -17.46241
-13.68679 12.83354 -17.46085
-13.59953 12.85535 -17.45703
-13.51037 12.87677 -17.45217
-13.4194 12.89783 -17.44632
-13.32673 12.91856 -17.43955
-13.23246 12.93899 -17.4319
-13.13669 12.95914 -17.42343
-13.03953 12.97904 -17.4142
-12.94107 12.99872 -17.40426
-12.84143 13.0182 -17.39367
-12.7407 13.03752 -17.38249
-12.63899 13.0567 -17.37077
-12.53639 13.07577 -17.35856
-12.43302 13.09476 -17.34593
-12.32898 13.11368 -17.33292
-12.22436 13.13258 -17.3196
-12.11927 13.15148 -17.30602
-12.01381 13.17041 -17.29222
-11.90809 13.18939 -17.27829
-11.80221 13.20845 -17.26426
-11.69627 13.22762 -17.25019
-11.59037 13.24693 -17.23614
-11.48462 13.2664 -17.22217
-11.37912 13.28606 -17.20832
-11.27397 13.30595 -17.19466
-11.16928 13.32608 -17.18125
-11.06514 13.34648 -17.16812
-10.96166 13.36719 -17.15536
-10.85895 13.38823 -17.143
-10.7571 13.40962 -17.1311
-10.65622 13.4314 -17.11973
-10.55641 13.4536 -17.10893
-10.45778 13.47623 -17.09876
-10.36042 13.49933 -17.08928
-10.26444 13.52293 -17.08055
-10.16995 13.54705 -17.07261
-10.07703 13.57172 -17.06553
-9.985811 13.59697 -17.05935
-9.896377 13.62282 -17.05415
-9.808836 13.64931 -17.04997
-9.723291 13.67646 -17.04686
-9.639844 13.7043 -17.04489
-9.558599 13.73285 -17.04411
-9.479657 13.76215 -17.04457
-9.403122 13.79221 -17.04633
-9.329096 13.82308 -17.04945
-9.257682 13.85477 -17.05399
-9.188983 13.88732 -17.05999
-9.123102 13.92075 -17.06751
-9.060141 13.95508 -17.07662
-9.000202 13.99036 -17.08736
-8.94339 14.0266 -17.09979
-8.889806 14.06383 -17.11397
-8.839553 14.10208 -17.12995
-8.792734 14.14137 -17.14779
-8.749452 14.18174 -17.16755
-8.709809 14.22322 -17.18927
-8.673908 14.26582 -17.21302
-8.641852 14.30958 -17.23886
-8.613744 14.35452 -17.26682
-8.589685 14.40068 -17.29699
-8.569779 14.44808 -17.3294
-8.554132 14.49674 -17.36412
-8.54284 14.5467 -17.40119
-8.53601 14.59798 -17.44069
-8.533745 14.65062 -17.48265
-8.536145 14.70463 -17.52715
-8.543314 14.76004 -17.57422
-8.555358 14.81689 -17.62394
-8.572374 14.8752 -17.67635
-8.59447 14.935 -17.73151
-8.60988 14.97089 -17.76527
-8.638318 15.03238 -17.82324
-8.668151 15.09394 -17.88073
-8.699354 15.15555 -17.93772
-8.731905 15.21719 -17.99423
-8.765781 15.27882 -18.05026
-8.800958 15.34043 -18.10581
-8.837413 15.40199 -18.16088
-8.87512 15.46348 -18.21547
-8.914059 15.52487 -18.26959
-8.954206 15.58614 -18.32323
-8.995535 15.64726 -18.37641
-9.038026 15.70821 -18.42911
-9.081655 15.76897 -18.48135
-9.126395 15.82951 -18.53312
-9.172228 15.88981 -18.58443
-9.219127 15.94983 -18.63528
-9.267069 16.00957 -18.68567
-9.316031 16.069 -18.73561
-9.365991 16.12808 -18.78509
-9.416924 16.1868 -18.83412
-9.468806 16.24513 -18.8827
-9.521615 16.30305 -18.93082
-9.575328 16.36053 -18.97851
-9.62992 16.41755 -19.02575
-9.685369 16.47408 -19.07254
-9.741651 16.53011 -19.11889
-9.798741 16.5856 -19.16481
-9.856619 16.64054 -19.21029
-9.915259 16.69489 -19.25534
-9.974639 16.74864 -19.29995
-10.03473 16.80175 -19.34414
-10.09552 16.85421 -19.38789
-10.15698 16.906 -19.43122
-10.21908 16.95708 -19.47412
-10.28181 17.00743 -19.5166
-10.34513 17.05703 -19.55867
-10.40903 17.10586 -19.60031
-10.47349 17.15388 -19.64154
-10.53847 17.20108 -19.68235
-10.60395 17.24744 -19.72275
-10.66992 17.29292 -19.76274
-10.73635 17.3375 -19.80232
-10.80321 17.38116 -19.8415
-10.87049 17.42388 -19.88027
-10.93815 17.46563 -19.91864
-11.00618 17.50638 -19.95662
-11.07455 17.54612 -19.99419
-11.14324 17.58481 -20.03136
-11.21222 17.62244 -20.06815
-11.28147 17.65898 -20.10454
-11.35098 17.6944 -20.14054
-11.4207 17.72868 -20.17615
-11.49063 17.7618 -20.21138
-11.56074 17.79374 -20.24622
-11.631 17.82446 -20.28069
-11.70139 17.85394 -20.31477
-11.77189 17.88217 -20.34847
-11.84247 17.90911 -20.3818
-11.91312 17.93474 -20.41475
-11.9838 17.95904 -20.44734
-12.0545 17.98198 -20.47955
-12.12519 18.00354 -20.51139
-12.19584 18.02369 -20.54287
-12.26644 18.04242 -20.57399
-12.33696 18.05969 -20.60474
-12.40737 18.07549 -20.63514
-12.47766 18.08978 -20.66517
-12.5478 18.10254 -20.69486
-12.61777 18.11376 -20.72418
-12.68754 18.12339 -20.75316
-12.72849 18.12832 -20.77004
-12.79821 18.1363 -20.79796
-12.86829 18.14443 -20.82453
-12.93872 18.15269 -20.84978
-13.00947 18.16107 -20.87376
-13.08054 18.16954 -20.89648
-13.15189 18.17809 -20.91798
-13.2235 18.18669 -20.93829
-13.29537 18.19532 -20.95744
-13.36746 18.20397 -20.97546
-13.43977 18.21262 -20.99238
-13.51226 18.22124 -21.00824
-13.58493 18.22983 -21.02306
-13.65775 18.23835 -21.03687
-13.7307 18.24679 -21.04971
-13.80376 18.25513 -21.0616
-13.87692 18.26335 -21.07258
-13.95016 18.27143 -21.08268
-14.02345 18.27936 -21.09193
-14.09678 18.28711 -21.10035
-14.17012 18.29465 -21.10798
-14.24347 18.30199 -21.11486
-14.31679 18.30908 -21.12101
-14.39007 18.31593 -21.12645
-14.46329 18.32249 -21.13124
-14.53644 18.32877 -21.13538
-14.60948 18.33473 -21.13892
-14.68241 18.34036 -21.14188
-14.7552 18.34564 -21.1443
-14.82783 18.35054 -21.1462
-14.90029 18.35506 -21.14762
-14.97256 18.35916 -21.1486
-15.0446 18.36284 -21.14915
-15.11642 18.36606 -21.1493
-15.18799 18.36882 -21.1491
-15.25928 18.37109 -21.14857
-15.33028 18.37286 -21.14775
-15.40097 18.3741 -21.14665
-15.47134 18.37479 -21.14532
-15.54135 18.37492 -21.14378
-15.611 18.37446 -21.14207
-15.68025 18.3734 -21.14021
-15.7491 18.37172 -21.13824
-15.81753 18.3694 -21.13619
-15.88551 18.36641 -21.13409
-15.95303 18.36275 -21.13196
-16.02006 18.35838 -21.12985
-16.08659 18.35329 -21.12777
-16.1526 18.34746 -21.12577
-16.21806 18.34088 -21.12386
-16.28296 18.33352 -21.12209
-16.34729 18.32536 -21.12049
-16.41102 18.31638 -21.11907
-16.47412 18.30657 -21.11789
-16.53659 18.2959 -21.11696
-16.5984 18.28436 -21.11631
-16.65954 18.27192 -21.11598
-16.71998 18.25857 -21.116
-16.7797 18.24429 -21.11641
-16.83869 18.22906 -21.11721
-16.89693 18.21285 -21.11846
-16.9544 18.19565 -21.12018
-17.01107 18.17745 -21.12241
-17.06693 18.15821 -21.12516
-17.12196 18.13793 -21.12848
-17.17614 18.11657 -21.13239
-17.22945 18.09413 -21.13693
-17.28187 18.07058 -21.14213
-17.33339 18.04591 -21.14801
-17.38398 18.02009 -21.1546
-17.43362 17.9931 -21.16195
-17.46238 17.97668 -21.16663
-17.5141 17.94798 -21.17489
-17.57196 17.91843 -21.18325
-17.63576 17.88805 -21.1917
-17.70533 17.85682 -21.20023
-17.78046 17.82477 -21.20882
-17.86097 17.79189 -21.21745
-17.94667 17.75819 -21.2261
-18.03738 17.72368 -21.23476
-18.1329 17.68835 -21.24341
-18.23305 17.65223 -21.25204
-18.33763 17.6153 -21.26062
-18.44645 17.57757 -21.26914
-18.55934 17.53906 -21.27759
-18.67609 17.49976 -21.28594
-18.79652 17.45968 -21.29418
-18.92045 17.41883 -21.30229
-19.04767 17.37721 -21.31026
-19.17801 17.33483 -21.31807
-19.31127 17.29168 -21.3257
-19.44727 17.24778 -21.33314
-19.58582 17.20314 -21.34036
-19.72672 17.15775 -21.34736
-19.86979 17.11162 -21.35411
-20.01484 17.06476 -21.3606
-20.16168 17.01717 -21.36681
-20.31012 16.96886 -21.37273
-20.45998 16.91983 -21.37833
-20.61106 16.87009 -21.3836
-20.76317 16.81964 -21.38853
-20.91613 16.76849 -21.39309
-21.06975 16.71664 -21.39727
-21.22384 16.66411 -21.40106
-21.3782 16.61088 -21.40443
-21.53266 16.55697 -21.40738
-21.68701 16.50238 -21.40987
-21.84108 16.44713 -21.4119
-21.99468 16.3912 -21.41345
-22.1476 16.33462 -21.4145
-22.29968 16.27738 -21.41504
-22.45071 16.21949 -21.41505
-22.6005 16.16095 -21.4145
-22.74888 16.10178 -21.41339
-22.89565 16.04196 -21.4117
-23.04062 15.98152 -21.40941
-23.1836 15.92045 -21.40651
-23.3244 15.85876 -21.40297
-23.46284 15.79646 -21.39878
-23.59872 15.73355 -21.39392
-23.73186 15.67003 -21.38839
-23.86207 15.60591 -21.38215
-23.98915 15.5412 -21.37519
-24.11293 15.4759 -21.3675
-24.23321 15.41002 -21.35907
-24.34979 15.34356 -21.34986
-24.4625 15.27652 -21.33987
-24.57115 15.20891 -21.32907
-24.67554 15.14074 -21.31746
-24.77549 15.07201 -21.30502
-24.8708 15.00273 -21.29172
-24.96129 14.93291 -21.27756
-25.04677 14.86253 -21.2625
-25.12706 14.79162 -21.24655
-25.20195 14.72018 -21.22968
-25.27127 14.64821 -21.21187
-25.33482 14.57572 -21.19311
-25.39241 14.50271 -21.17337
-25.44386 14.42919 -21.15266
-25.48898 14.35516 -21.13094
-25.52757 14.28063 -21.10819
-25.55946 14.2056 -21.08442
-25.57501 14.16123 -21.06993
-25.5991 14.08568 -21.04436
-25.62263 14.01017 -21.01752
-25.64559 13.93471 -20.98942
-25.66801 13.85932 -20.9601
-25.68987 13.78401 -20.92957
-25.71119 13.70881 -20.89787
-25.73196 13.63373 -20.86501
-25.7522 13.55879 -20.83102
-25.7719 13.484 -20.79593
-25.79107 13.40939 -20.75975
-25.80972 13.33496 -20.72251
-25.82785 13.26074 -20.68423
-25.84547 13.18674 -20.64495
-25.86257 13.11298 -20.60468
-25.87917 13.03948 -20.56344
-25.89526 12.96625 -20.52127
-25.91086 12.89331 -20.47818
-25.92596 12.82067 -20.4342
-25.94057 12.74837 -20.38935
-25.9547 12.6764 -20.34366
-25.96835 12.60479 -20.29715
-25.98152 12.53355 -20.24984
-25.99422 12.46271 -20.20176
-26.00645 12.39228 -20.15293
-26.01822 12.32227 -20.10338
-26.02953 12.25271 -20.05313
-26.04039 12.1836 -20.0022
-26.05079 12.11497 -19.95063
-26.06075 12.04684 -19.89842
-26.07027 11.97921 -19.84561
-26.07936 11.91212 -19.79222
-26.08801 11.84557 -19.73827
-26.09623 11.77958 -19.68379
-26.10403 11.71416 -19.6288
-26.11141 11.64935 -19.57333
-26.11837 11.58514 -19.51739
-26.12493 11.52157 -19.46102
-26.13107 11.45864 -19.40424
-26.13682 11.39638 -19.34707
-26.14217 11.33479 -19.28953
-26.14713 11.2739 -19.23165
-26.15169 11.21373 -19.17346
-26.15588 11.15429 -19.11497
-26.15968 11.09559 -19.05621
-26.16311 11.03766 -18.99721
-26.16616 10.98051 -18.93799
-26.16886 10.92416 -18.87857
-26.17118 10.86863 -18.81898
-26.17315 10.81393 -18.75923
-26.17477 10.76008 -18.69936
-26.17604 10.7071 -18.63939
-26.17696 10.65499 -18.57934
-26.17754 10.60379 -18.51924
-26.17779 10.55351 -18.45911
-26.17771 10.50416 -18.39898
-26.17729 10.45577 -18.33885
-26.17656 10.40834 -18.27878
-26.1755 10.3619 -18.21877
-26.17414 10.31645 -18.15885
-26.17246 10.27203 -18.09904
-26.17048 10.22865 -18.03937
-26.16819 10.18632 -17.97986
-26.16561 10.14505 -17.92054
-26.16274 10.10488 -17.86143
-26.15958 10.06581 -17.80255
-26.15613 10.02786 -17.74393
-26.15241 9.991045 -17.68559
-26.14841 9.955388 -17.62755
-26.14415 9.920902 -17.56985
-26.13961 9.887606 -17.5125
-26.13682 9.86858 -17.47893
-26.13236 9.836712 -17.42226
-26.12859 9.805075 -17.36612
-26.12549 9.77368 -17.31048
-26.12305 9.742527 -17.25531
-26.12123 9.711625 -17.20057
-26.12002 9.680976 -17.14625
-26.1194 9.650586 -17.0923
-26.11933 9.620461 -17.03871
-26.11981 9.590604 -16.98543
-26.12081 9.561023 -16.93245
-26.1223 9.531719 -16.87972
-26.12427 9.502701 -16.82723
-26.12669 9.473973 -16.77495
-26.12955 9.445538 -16.72283
-26.13281 9.417402 -16.67086
-26.13646 9.38957 -16.619
-26.14047 9.36205 -16.56723
-26.14483 9.334843 -16.51551
-26.14951 9.307955 -16.46382
-26.15449 9.281391 -16.41212
-26.15974 9.255157 -16.36039
-26.16525 9.229259 -16.3086
-26.171 9.203699 -16.25671
-26.17695 9.178484 -16.2047
-26.1831 9.153618 -16.15254
-26.18941 9.129107 -16.1002
-26.19588 9.104956 -16.04764
-26.20246 9.081169 -15.99485
-26.20914 9.057753 -15.94178
-26.21591 9.034711 -15.88842
-26.22273 9.012049 -15.83472
-26.22959 8.989771 -15.78067
-26.23646 8.967883 -15.72623
-26.24332 8.946389 -15.67137
-26.25016 8.925297 -15.61606
-26.25694 8.904609 -15.56028
-26.26365 8.88433 -15.50399
-26.27027 8.864467 -15.44716
-26.27676 8.845023 -15.38977
-26.28312 8.826005 -15.33178
-26.28931 8.807416 -15.27317
-26.29532 8.789263 -15.2139
-26.30112 8.771549 -15.15395
-26.3067 8.75428 -15.09329
-26.31203 8.737462 -15.03188
-26.31709 8.7211 -14.9697
-26.32185 8.705196 -14.90672
-26.3263 8.689758 -14.84291
-26.33041 8.67479 -14.77824
-26.33416 8.660298 -14.71267
-26.33753 8.646287 -14.64619
-26.3405 8.632759 -14.57875
-26.34304 8.619722 -14.51034
-26.34514 8.607182 -14.44092
-26.34677 8.59514 -14.37045
-26.3479 8.583605 -14.29893
-26.34852 8.572579 -14.2263
-26.34861 8.562069 -14.15255
-26.34814 8.552079 -14.07764
-26.34709 8.542616 -14.00154
-26.34544 8.533683 -13.92423
-26.34317 8.525285 -13.84567
-26.34026 8.517426 -13.76584
-26.33667 8.510115 -13.6847
-26.3324 8.503354 -13.60223
-26.32742 8.497148 -13.5184
