-0.1098158 0.5853559 0.03436398 0.8025697
-0.1103336 0.5855234 0.0348621 0.8023549
-0.1110658 0.5857598 0.03556659 0.8020504
-0.112006 0.5860623 0.03647125 0.801658
-0.1131476 0.5864282 0.03756992 0.8011792
-0.1144841 0.5868546 0.03885647 0.8006155
-0.1160091 0.5873384 0.04032474 0.7999684
-0.1177161 0.5878766 0.04196864 0.7992389
-0.1195984 0.588466 0.04378204 0.7984279
-0.1216497 0.5891034 0.04575881 0.7975366
-0.1238634 0.5897855 0.04789279 0.7965659
-0.1262328 0.5905089 0.05017783 0.7955167
-0.1287515 0.5912703 0.05260773 0.7943897
-0.1314127 0.5920663 0.05517626 0.7931858
-0.1342098 0.5928936 0.05787714 0.791906
-0.1371361 0.5937488 0.06070408 0.7905512
-0.1401847 0.5946285 0.06365069 0.7891222
-0.1433489 0.5955293 0.06671061 0.7876203
-0.1466218 0.5964479 0.06987733 0.7860466
-0.1499964 0.597381 0.07314438 0.7844023
-0.153466 0.5983255 0.07650518 0.7826888
-0.1570234 0.5992782 0.07995313 0.7809077
-0.1606617 0.6002361 0.08348159 0.7790605
-0.1643737 0.601196 0.08708383 0.7771494
-0.1681524 0.6021552 0.09075311 0.775176
-0.1719906 0.6031108 0.09448265 0.7731428
-0.1758813 0.6040601 0.09826563 0.7710519
-0.1798173 0.6050007 0.1020952 0.7689061
-0.1837914 0.60593 0.1059645 0.7667081
-0.1877964 0.6068456 0.1098666 0.7644608
-0.1918252 0.6077455 0.1137947 0.7621675
-0.1958707 0.6086277 0.1177418 0.7598315
-0.1999257 0.6094902 0.121701 0.7574565
-0.2039833 0.6103313 0.1256656 0.7550462
-0.2080363 0.6111494 0.1296285 0.7526046
-0.2120779 0.6119432 0.1335832 0.7501361
-0.216101 0.6127114 0.1375225 0.7476447
-0.2200988 0.613453 0.14144 0.7451354
-0.2240646 0.6141669 0.1453289 0.7426128
-0.2279916 0.6148524 0.1491826 0.7400817
-0.2318732 0.6155089 0.1529944 0.7375475
-0.2357029 0.616136 0.1567579 0.7350153
-0.2394743 0.6167334 0.1604667 0.7324905
-0.2431809 0.6173008 0.1641145 0.7299789
-0.2468167 0.6178385 0.167695 0.7274858
-0.2503754 0.6183462 0.1712019 0.7250172
-0.253851 0.6188245 0.1746292 0.7225791
-0.2572377 0.6192737 0.177971 0.7201772
-0.2605294 0.6196942 0.1812212 0.7178178
-0.2637206 0.6200865 0.1843742 0.715507
-0.2668056 0.6204515 0.187424 0.7132511
-0.2697788 0.6207898 0.1903652 0.7110559
-0.2726348 0.6211023 0.1931919 0.7089282
-0.2753682 0.6213897 0.1958989 0.706874
-0.2779737 0.6216533 0.1984805 0.7048995
-0.2804461 0.6218937 0.2009314 0.7030113
-0.28278 0.6221121 0.2032463 0.7012154
-0.2849704 0.6223094 0.2054197 0.6995182
-0.2870121 0.6224866 0.2074465 0.6979259
-0.2888999 0.6226447 0.2093213 0.6964446
-0.2906289 0.6227845 0.2110389 0.6950805
-0.2921937 0.622907 0.2125941 0.6938396
-0.2935893 0.6230131 0.2139814 0.6927279
-0.2948105 0.6231034 0.2151958 0.6917513
-0.2958519 0.6231785 0.2162316 0.6909155
-0.2967083 0.623239 0.2170835 0.6902262
-0.2973742 0.6232851 0.217746 0.689689
-0.2978441 0.6233174 0.2182136 0.6893093
-0.2981122 0.6233355 0.2184805 0.6890923
-0.2981777 0.62334 0.2185456 0.6890393
0.2980851 -0.6233142 -0.2184022 -0.6891482
0.2978107 -0.6232377 -0.2179774 -0.6894704
0.2973595 -0.6231116 -0.2172791 -0.6899994
0.2967362 -0.6229365 -0.216315 -0.6907283
0.2959456 -0.6227128 -0.2150925 -0.6916503
0.294992 -0.6224409 -0.2136191 -0.6927582
0.2938798 -0.6221209 -0.211902 -0.6940445
0.2926133 -0.6217525 -0.2099484 -0.6955019
0.2911966 -0.6213356 -0.2077654 -0.6971228
0.289634 -0.6208699 -0.20536 -0.6988993
0.2879293 -0.6203547 -0.2027392 -0.7008235
0.2860868 -0.6197897 -0.1999101 -0.7028877
0.2841104 -0.6191741 -0.1968798 -0.7050837
0.2820043 -0.6185076 -0.1936554 -0.7074034
0.2797725 -0.6177894 -0.1902439 -0.7098386
0.2774192 -0.617019 -0.1866526 -0.7123812
0.2749487 -0.6161959 -0.1828888 -0.7150228
0.2723654 -0.6153195 -0.1789601 -0.7177551
0.2696734 -0.6143895 -0.1748738 -0.7205699
0.2668774 -0.6134055 -0.1706378 -0.7234589
0.2639821 -0.6123676 -0.1662597 -0.7264139
0.2609921 -0.6112754 -0.1617476 -0.7294266
0.2579123 -0.6101294 -0.1571096 -0.732489
0.2547477 -0.6089295 -0.1523539 -0.7355928
0.2515035 -0.6076762 -0.1474889 -0.7387305
0.2481849 -0.6063703 -0.1425233 -0.7418938
0.2447975 -0.6050127 -0.1374657 -0.7450753
0.2413468 -0.6036041 -0.1323249 -0.7482674
0.2378384 -0.6021461 -0.12711 -0.7514627
0.2342782 -0.6006399 -0.1218301 -0.7546541
0.2306723 -0.5990875 -0.1164945 -0.7578347
0.2270268 -0.5974908 -0.1111125 -0.7609978
0.2233479 -0.5958518 -0.1056935 -0.7641369
0.2196419 -0.5941732 -0.1002473 -0.7672458
0.2159154 -0.5924575 -0.09478324 -0.7703187
0.2121748 -0.5907077 -0.08931109 -0.7733497
0.2084269 -0.5889269 -0.08384059 -0.7763339
0.2046784 -0.5871183 -0.07838143 -0.7792659
0.2009359 -0.5852857 -0.0729434 -0.7821411
0.1972065 -0.5834329 -0.06753621 -0.7849551
0.193497 -0.5815639 -0.0621696 -0.7877038
0.1898142 -0.5796827 -0.05685324 -0.7903836
0.1861652 -0.5777939 -0.05159679 -0.7929909
0.1825569 -0.5759019 -0.04640981 -0.7955226
0.1789961 -0.5740115 -0.04130179 -0.7979758
0.1754899 -0.5721275 -0.03628214 -0.8003481
0.1720451 -0.5702548 -0.03136017 -0.8026372
0.1686686 -0.5683986 -0.02654514 -0.8048412
0.1653673 -0.5665641 -0.02184609 -0.8069582
0.162148 -0.5647565 -0.0172721 -0.8089869
0.1590173 -0.5629811 -0.01283199 -0.8109261
0.155982 -0.5612435 -0.008534547 -0.8127746
0.1530488 -0.559549 -0.004388391 -0.8145316
0.1502241 -0.5579032 -0.0004020997 -0.8161964
0.1475146 -0.5563115 0.003415908 -0.8177685
0.1449266 -0.5547794 0.007057343 -0.8192474
0.1424665 -0.5533124 0.01051391 -0.8206328
0.1401408 -0.551916 0.01377751 -0.8219242
0.1379557 -0.5505957 0.01684005 -0.8231215
0.1359175 -0.5493568 0.01969349 -0.8242243
0.1340322 -0.5482047 0.02232991 -0.8252323
0.1323062 -0.5471447 0.02474131 -0.8261451
0.1307455 -0.5461818 0.02691984 -0.8269622
0.1293562 -0.5453213 0.02885755 -0.8276829
0.1281444 -0.5445681 0.03054648 -0.8283064
0.1271161 -0.543927 0.03197868 -0.8288319
0.1262776 -0.543403 0.03314613 -0.8292578
0.1256348 -0.5430004 0.03404065 -0.8295829
0.1251938 -0.5427239 0.03465418 -0.8298051
0.1249608 -0.5425776 0.03497831 -0.8299222
0.1249233 -0.5425541 0.03503041 -0.829941
0.1247568 -0.5426846 0.03500366 -0.8298818
0.1242635 -0.5430714 0.03492441 -0.8297062
0.1234525 -0.5437065 0.03479414 -0.8294167
0.1223329 -0.5445821 0.03461425 -0.8290156
0.1209134 -0.5456902 0.03438614 -0.8285046
0.1192028 -0.5470225 0.03411116 -0.827885
0.1172096 -0.5485708 0.03379067 -0.827158
0.1149422 -0.5503265 0.03342596 -0.8263243
0.1124091 -0.5522812 0.03301835 -0.8253844
0.1096186 -0.5544262 0.03256914 -0.824339
0.1065792 -0.5567526 0.0320796 -0.8231879
0.1032991 -0.5592515 0.03155104 -0.8219316
0.09978676 -0.5619141 0.03098475 -0.8205699
0.09605072 -0.5647312 0.03038203 -0.8191031
0.09209955 -0.5676937 0.02974422 -0.817531
0.08794188 -0.5707921 0.02907263 -0.8158538
0.08358653 -0.5740173 0.02836863 -0.8140717
0.07904241 -0.57736 0.02763359 -0.8121848
0.0743186 -0.5808107 0.02686893 -0.8101937
0.06942433 -0.5843599 0.02607607 -0.8080989
0.06436899 -0.5879983 0.02525646 -0.8059012
0.05916216 -0.5917163 0.02441161 -0.8036017
0.05381358 -0.5955047 0.02354303 -0.8012016
0.04833315 -0.599354 0.02265229 -0.7987025
0.042731 -0.6032547 0.02174097 -0.7961063
0.03701738 -0.6071977 0.02081069 -0.7934152
0.03120274 -0.6111739 0.0198631 -0.7906316
0.0252976 -0.6151744 0.01889989 -0.7877584
0.01931273 -0.61919 0.01792277 -0.784799
0.013259 -0.6232123 0.01693348 -0.7817569
0.007147318 -0.6272327 0.01593378 -0.7786362
0.0009887938 -0.6312428 0.01492545 -0.7754411
-0.005205449 -0.6352346 0.01391031 -0.7721765
-0.0114242 -0.6392002 0.01289016 -0.7688475
-0.0176562 -0.6431321 0.01186686 -0.7654598
-0.02389023 -0.647023 0.01084224 -0.762019
-0.03011502 -0.6508659 0.009818152 -0.7585316
-0.03631932 -0.6546542 0.008796453 -0.7550042
-0.04249195 -0.6583815 0.007778998 -0.7514438
-0.04862178 -0.6620418 0.006767631 -0.7478575
-0.0546978 -0.6656294 0.005764196 -0.744253
-0.06070905 -0.6691389 0.004770529 -0.7406381
-0.06664474 -0.6725655 0.003788447 -0.737021
-0.07249414 -0.6759043 0.002819751 -0.7334099
-0.0782468 -0.6791512 0.001866218 -0.7298135
-0.08389229 -0.6823021 0.0009296197 -0.7262405
-0.08942047 -0.6853532 1.168418E-05 -0.7226998
-0.09482127 -0.6883014 -0.0008858658 -0.7192005
-0.1000849 -0.6911434 -0.001761349 -0.7157519
-0.1052017 -0.6938765 -0.002613098 -0.7123631
-0.1101622 -0.6964982 -0.003439485 -0.7090436
-0.1149571 -0.6990061 -0.004238901 -0.7058026
-0.1195773 -0.7013983 -0.005009762 -0.7026498
-0.1240139 -0.7036726 -0.005750517 -0.6995944
-0.1282581 -0.7058275 -0.006459632 -0.6966461
-0.1323013 -0.7078613 -0.007135605 -0.693814
-0.1361349 -0.7097725 -0.007776944 -0.6911077
-0.1397506 -0.7115598 -0.008382189 -0.6885363
-0.14314 -0.7132215 -0.008949873 -0.6861093
-0.146295 -0.7147565 -0.00947857 -0.6838355
-0.1492074 -0.7161634 -0.009966851 -0.6817242
-0.151869 -0.7174405 -0.01041328 -0.6797842
-0.1542717 -0.7185864 -0.01081645 -0.6780242
-0.1564072 -0.7195993 -0.01117493 -0.6764531
-0.1582675 -0.7204773 -0.0114873 -0.6750792
-0.1598442 -0.7212183 -0.01175212 -0.6739109
-0.1611288 -0.7218199 -0.01196793 -0.6729564
-0.1621128 -0.7222794 -0.01213327 -0.6722237
-0.1627875 -0.7225938 -0.01224666 -0.6717206
-0.1631439 -0.7227597 -0.01230655 -0.6714544
-0.1632011 -0.7227864 -0.01231618 -0.6714117
0.1630722 0.7231101 0.01200448 0.6711
0.1626894 0.7240692 0.01107979 0.6701741
0.1620574 0.7256455 0.009555702 0.668644
0.1611795 0.7278211 0.007443284 0.666515
0.1600575 0.7305781 0.004751385 0.6637881
0.1586919 0.7338983 0.001486886 0.6604604
0.1570819 0.7377632 -0.002345035 0.6565252
0.1552258 0.7421532 -0.006740611 0.6519724
0.1531208 0.7470484 -0.01169723 0.646789
0.1507635 0.7524268 -0.01721314 0.6409587
0.1481496 0.7582651 -0.02328712 0.6344631
0.1452744 0.764538 -0.02991817 0.6272814
0.1421324 0.7712176 -0.03710517 0.6193908
0.1387182 0.7782735 -0.04484649 0.6107671
0.1350261 0.7856719 -0.05313958 0.6013849
0.1310507 0.7933756 -0.06198062 0.5912185
0.1267867 0.8013437 -0.07136396 0.5802419
0.1222294 0.8095311 -0.08128174 0.56843
0.1173751 0.8178886 -0.09172337 0.5557592
0.1122208 0.8263625 -0.1026751 0.5422078
0.1067654 0.834895 -0.1141194 0.5277578
0.1010091 0.8434238 -0.1260349 0.512395
0.09495442 0.8518831 -0.1383954 0.4961106
0.08860596 0.8602033 -0.1511701 0.4789018
0.08197118 0.8683124 -0.1643232 0.4607735
0.07506028 0.8761366 -0.1778135 0.4417387
0.06788666 0.8836012 -0.1915951 0.4218194
0.0604668 0.8906324 -0.205617 0.4010479
0.0528206 0.897158 -0.2198236 0.3794668
0.04497121 0.9031099 -0.2341556 0.3571294
0.03694478 0.9084246 -0.2485505 0.3340995
0.02877043 0.9130458 -0.2629437 0.3104518
0.0204797 0.9169253 -0.2772692 0.2862699
0.01210625 0.9200244 -0.2914613 0.2616465
0.00368514 0.9223153 -0.3054555 0.236681
-0.004747724 0.9237815 -0.3191898 0.2114782
-0.01315616 0.9244185 -0.332606 0.1861468
-0.02150445 0.9242337 -0.3456504 0.1607967
-0.02975797 0.9232459 -0.358275 0.1355375
-0.03788381 0.9214853 -0.3704385 0.1104764
-0.04585128 0.9189916 -0.3821059 0.08571617
-0.05363224 0.9158134 -0.3932494 0.06135378
-0.06120162 0.9120066 -0.4038487 0.03747911
-0.06853744 0.9076326 -0.4138898 0.01417371
-0.07562105 0.9027573 -0.4233659 -0.008489767
-0.08243696 0.8974491 -0.4322756 -0.03044774
-0.08897305 0.8917778 -0.4406234 -0.05164623
-0.09522001 0.8858129 -0.4484182 -0.07204013
-0.1011715 0.8796232 -0.4556732 -0.09159331
-0.1068235 0.8732752 -0.4624046 -0.1102775
-0.1121744 0.8668328 -0.4686314 -0.128072
-0.1172243 0.8603564 -0.4743744 -0.1449627
-0.1219752 0.8539031 -0.4796555 -0.1609413
-0.1264301 0.8475258 -0.4844977 -0.1760039
-0.1305931 0.8412737 -0.4889237 -0.1901513
-0.134469 0.835192 -0.4929566 -0.2033868
-0.1380631 0.8293222 -0.4966185 -0.2157162
-0.1413809 0.8237019 -0.4999308 -0.227147
-0.1444279 0.8183659 -0.502914 -0.2376876
-0.1472095 0.8133456 -0.5055868 -0.2473464
-0.1497306 0.8086697 -0.5079671 -0.2561318
-0.1519959 0.8043644 -0.5100708 -0.2640508
-0.1540093 0.800454 -0.5119122 -0.2711097
-0.1557738 0.7969608 -0.5135037 -0.2773123
-0.1572918 0.7939054 -0.5148559 -0.2826606
-0.1585645 0.7913075 -0.5159773 -0.2871537
-0.1595922 0.7891853 -0.5168747 -0.2907876
-0.1603737 0.7875568 -0.5175521 -0.2935548
-0.1609068 0.7864387 -0.5180116 -0.2954439
-0.1611874 0.7858476 -0.5182528 -0.2964391
-0.1612325 0.7857526 -0.5182915 -0.2965989
-0.1610262 0.7858639 -0.5180504 -0.2968371
-0.1604148 0.7861929 -0.5173356 -0.2975427
-0.1594084 0.7867317 -0.5161579 -0.2987026
-0.1580162 0.7874712 -0.5145266 -0.3003039
-0.1562467 0.7884014 -0.5124494 -0.3023339
-0.1541076 0.7895115 -0.5099331 -0.30478
-0.1516059 0.7907898 -0.5069824 -0.3076296
-0.1487482 0.7922238 -0.5036023 -0.3108701
-0.1455409 0.7938002 -0.4997959 -0.3144889
-0.1419898 0.7955049 -0.4955662 -0.318473
-0.1381008 0.7973232 -0.4909157 -0.3228093
-0.1338798 0.7992394 -0.4858464 -0.3274842
-0.1293326 0.8012375 -0.4803604 -0.3324837
-0.1244653 0.8033007 -0.4744597 -0.3377934
-0.1192844 0.8054116 -0.4681465 -0.343398
-0.1137966 0.8075524 -0.4614235 -0.3492818
-0.1080094 0.8097046 -0.4542939 -0.3554285
-0.1019308 0.8118498 -0.4467615 -0.3618209
-0.09556941 0.8139687 -0.4388311 -0.3684409
-0.08893475 0.8160425 -0.4305086 -0.3752699
-0.08203723 0.8180521 -0.421801 -0.3822886
-0.07488819 0.8199785 -0.4127168 -0.3894766
-0.06749997 0.8218029 -0.4032657 -0.396813
-0.05988587 0.8235072 -0.3934593 -0.4042765
-0.05206036 0.8250738 -0.3833105 -0.4118447
-0.04403892 0.8264858 -0.3728345 -0.4194953
-0.03583803 0.8277274 -0.3620477 -0.4272053
-0.02747523 0.8287841 -0.3509688 -0.4349516
-0.01896895 0.8296425 -0.339618 -0.4427111
-0.01033861 0.8302908 -0.3280176 -0.4504607
-0.001604249 0.8307189 -0.3161911 -0.4581775
0.00721327 0.8309187 -0.3041642 -0.4658392
0.01609265 0.8308838 -0.2919637 -0.4734241
0.02501206 0.8306099 -0.2796179 -0.480911
0.03394948 0.8300949 -0.2671563 -0.48828
0.04288286 0.8293388 -0.2546091 -0.4955122
0.05179003 0.8283439 -0.2420076 -0.5025898
0.06064914 0.8271145 -0.2293833 -0.5094965
0.06943866 0.825657 -0.2167685 -0.5162174
0.07813758 0.8239798 -0.2041949 -0.5227392
0.08672557 0.8220935 -0.1916946 -0.5290504
0.09518297 0.8200101 -0.179299 -0.5351406
0.1034911 0.8177437 -0.1670391 -0.5410018
0.1116321 0.8153093 -0.1549451 -0.546627
0.1195893 0.8127238 -0.1430463 -0.5520111
0.127347 0.8100048 -0.1313708 -0.5571506
0.1348908 0.807171 -0.1199455 -0.5620433
0.142207 0.8042417 -0.1087965 -0.5666884
0.1492836 0.8012371 -0.09794798 -0.5710865
0.1561091 0.7981774 -0.08742318 -0.5752391
0.1626735 0.7950831 -0.07724373 -0.579149
0.1689675 0.791975 -0.06743011 -0.5828198
0.1749829 0.7888735 -0.05800141 -0.5862555
0.1807123 0.785799 -0.04897555 -0.5894613
0.1861489 0.7827714 -0.04036923 -0.5924422
0.1912868 0.7798106 -0.03219818 -0.5952043
0.1961203 0.7769355 -0.02447721 -0.5977532
0.2006446 0.7741649 -0.01722018 -0.600095
0.2048549 0.7715166 -0.01044046 -0.6022356
0.2087466 0.769008 -0.004150803 -0.6041807
0.2123153 0.766656 0.001636434 -0.6059358
0.2155566 0.7644765 0.006909071 -0.6075059
0.218466 0.7624848 0.01165507 -0.6088956
0.2210385 0.7606955 0.0158623 -0.6101089
0.223269 0.7591226 0.01951842 -0.6111489
0.225152 0.7577791 0.02261062 -0.6120182
0.226681 0.7566775 0.02512553 -0.6127182
0.227849 0.7558296 0.02704917 -0.6132494
0.2286482 0.7552461 0.02836674 -0.6136112
0.2290699 0.7549372 0.02906227 -0.6138014
0.2291377 0.7548876 0.02917403 -0.6138319
0.2290694 0.7552074 0.02894836 -0.6134747
0.2288665 0.7561546 0.02827904 -0.6124138
0.228531 0.7577108 0.02717629 -0.6106631
0.2280638 0.7598575 0.0256488 -0.6082315
0.2274648 0.7625759 0.02370384 -0.6051248
0.2267328 0.7658467 0.02134747 -0.6013447
0.2258659 0.76965 0.01858473 -0.5968904
0.2248612 0.7739654 0.0154198 -0.5917578
0.2237153 0.7787711 0.01185618 -0.5859407
0.2224238 0.7840443 0.007896925 -0.5794308
0.2209819 0.7897604 0.003544794 -0.5722176
0.2193844 0.7958935 -0.001197519 -0.5642895
0.2176253 0.8024152 -0.006327159 -0.555634
0.2156985 0.8092951 -0.01184092 -0.5462375
0.2135975 0.8165003 -0.01773494 -0.5360866
0.2113158 0.8239951 -0.02400454 -0.525168
0.2088466 0.8317412 -0.03064393 -0.5134693
0.2061835 0.8396967 -0.03764591 -0.5009796
0.2033203 0.8478174 -0.04500174 -0.4876899
0.2002512 0.8560556 -0.05270076 -0.4735937
0.1969711 0.8643607 -0.06073026 -0.4586881
0.1934756 0.8726797 -0.06907519 -0.4429742
0.1897615 0.8809566 -0.07771803 -0.4264576
0.1858269 0.8891339 -0.08663873 -0.4091493
0.1816711 0.8971523 -0.09581438 -0.3910664
0.1772955 0.904952 -0.1052195 -0.3722326
0.1727029 0.912473 -0.1148258 -0.3526781
0.1678985 0.9196562 -0.1246026 -0.3324407
0.1628893 0.9264445 -0.1345167 -0.3115654
0.1576849 0.9327834 -0.1445331 -0.2901048
0.1522968 0.9386227 -0.1546148 -0.2681182
0.1467388 0.9439169 -0.1647239 -0.2456722
0.1410269 0.9486262 -0.1748216 -0.2228388
0.1351792 0.952718 -0.1848689 -0.1996959
0.1292154 0.9561669 -0.1948273 -0.1763252
0.1231566 0.9589555 -0.2046593 -0.1528116
0.1170254 0.9610748 -0.214329 -0.1292418
0.1108451 0.9625241 -0.2238025 -0.1057032
0.1046396 0.9633113 -0.2330486 -0.0822825
0.09843297 0.9634519 -0.2420389 -0.05906431
0.09224889 0.9629694 -0.2507485 -0.03613003
0.08611076 0.9618937 -0.2591557 -0.01355715
0.08004099 0.960261 -0.2672426 0.008582113
0.07406099 0.9581125 -0.2749949 0.0302211
0.06819073 0.9554934 -0.2824017 0.05129968
0.06244887 0.9524524 -0.2894557 0.07176384
0.05685232 0.9490401 -0.2961527 0.09156665
0.05141646 0.9453086 -0.3024912 0.1106673
0.04615491 0.9413104 -0.3084726 0.1290317
0.04107976 0.937098 -0.3141003 0.1466316
0.03620137 0.9327227 -0.31938 0.1634448
0.03152874 0.9282348 -0.3243186 0.1794537
0.02706941 0.9236824 -0.3289244 0.1946455
0.02282975 0.9191117 -0.3332069 0.2090114
0.01881499 0.9145666 -0.3371757 0.2225457
0.0150294 0.9100883 -0.3408413 0.2352458
0.01147652 0.9057158 -0.3442141 0.247111
0.008159192 0.9014853 -0.3473043 0.2581422
0.005079835 0.8974307 -0.350122 0.2683411
0.002240501 0.8935833 -0.3526767 0.2777103
-0.0003569366 0.8899723 -0.3549774 0.286252
-0.002710611 0.8866248 -0.3570322 0.293968
-0.004818694 0.8835657 -0.3588483 0.3008592
-0.006678997 0.8808184 -0.3604319 0.3069254
-0.00828909 0.8784044 -0.3617882 0.312164
-0.009646115 0.8763438 -0.3629208 0.3165708
-0.01074659 0.8746551 -0.3638324 0.3201389
-0.01158634 0.873356 -0.3645237 0.3228583
-0.01216054 0.8724625 -0.3649944 0.3247161
-0.01246333 0.8719895 -0.3652419 0.3256952
-0.01251197 0.8719135 -0.3652816 0.3258524
0.01274545 -0.871852 0.3652662 -0.326025
0.01343723 -0.8716694 0.3652206 -0.3265364
0.01457454 -0.8713676 0.3651449 -0.3273765
0.01614497 -0.8709479 0.3650391 -0.3285355
0.01813642 -0.8704106 0.3649029 -0.3300034
0.02053702 -0.8697556 0.3647356 -0.3317702
0.02333509 -0.8689817 0.3645363 -0.3338257
0.02651907 -0.8680875 0.3643038 -0.3361599
0.03007749 -0.8670712 0.3640369 -0.3387624
0.0339989 -0.8659304 0.3637339 -0.3416229
0.03827181 -0.8646625 0.3633935 -0.3447308
0.04288465 -0.8632644 0.3630137 -0.3480754
0.04782572 -0.8617334 0.3625929 -0.3516458
0.05308311 -0.860066 0.3621292 -0.3554309
0.0586447 -0.8582593 0.3616206 -0.3594195
0.06449814 -0.85631 0.3610654 -0.3636002
0.07063074 -0.854215 0.3604617 -0.3679611
0.07702946 -0.8519717 0.3598077 -0.3724906
0.08368097 -0.8495772 0.3591017 -0.3771763
0.09057152 -0.8470294 0.3583423 -0.3820061
0.09768701 -0.8443265 0.3575279 -0.3869675
0.1050128 -0.8414668 0.3566573 -0.3920479
0.1125342 -0.8384494 0.3557295 -0.3972343
0.1202357 -0.8352741 0.3547436 -0.4025141
0.1281018 -0.831941 0.353699 -0.407874
0.1361162 -0.828451 0.3525954 -0.4133011
0.1442629 -0.8248058 0.3514327 -0.4187824
0.1525249 -0.8210077 0.3502112 -0.4243048
0.1608856 -0.8170601 0.3489315 -0.4298553
0.1693278 -0.8129666 0.3475945 -0.4354211
0.1778341 -0.8087323 0.3462013 -0.4409895
0.1863873 -0.8043628 0.3447537 -0.446548
0.1949699 -0.7998645 0.3432536 -0.4520847
0.2035644 -0.7952448 0.3417032 -0.4575873
0.2121536 -0.790512 0.3401052 -0.4630445
0.2207202 -0.7856748 0.3384626 -0.4684451
0.2292472 -0.7807431 0.3367787 -0.4737785
0.2377178 -0.7757274 0.3350571 -0.4790345
0.2461156 -0.7706389 0.3333019 -0.4842032
0.2544245 -0.7654893 0.3315171 -0.4892757
0.2626287 -0.7602912 0.3297074 -0.4942433
0.270713 -0.7550576 0.3278776 -0.499098
0.2786627 -0.749802 0.3260325 -0.5038323
0.2864635 -0.7445382 0.3241773 -0.5084394
0.2941018 -0.7392806 0.3223176 -0.512913
0.3015643 -0.7340438 0.3204587 -0.5172476
0.3088386 -0.7288425 0.3186063 -0.5214379
0.3159128 -0.7236918 0.3167662 -0.5254793
0.3227753 -0.7186069 0.3149443 -0.5293679
0.3294154 -0.713603 0.3131463 -0.5331002
0.3358227 -0.7086952 0.3113781 -0.536673
0.3419876 -0.7038989 0.3096458 -0.5400837
0.3479006 -0.6992291 0.3079553 -0.54333
0.3535531 -0.6947008 0.3063124 -0.54641
0.3589364 -0.690329 0.3047229 -0.5493219
0.3640426 -0.6861283 0.3031927 -0.5520644
0.3688639 -0.6821133 0.3017275 -0.5546363
0.3733929 -0.6782981 0.3003329 -0.5570364
0.377622 -0.674697 0.2990145 -0.5592638
0.3815443 -0.6713236 0.2977778 -0.5613173
0.3851524 -0.6681915 0.296628 -0.5631959
0.3884392 -0.6653141 0.2955704 -0.5648986
0.3913976 -0.6627042 0.2946102 -0.5664238
0.3940201 -0.6603748 0.2937524 -0.5677701
0.396299 -0.6583384 0.2930018 -0.5689356
0.3982266 -0.6566069 0.2923633 -0.5699182
0.3997944 -0.6551926 0.2918413 -0.5707152
0.4009936 -0.654107 0.2914405 -0.5713235
0.401815 -0.6533617 0.2911653 -0.5717395
0.4022487 -0.6529675 0.2910197 -0.5719589
0.4023184 -0.6529042 0.2909963 -0.5719941
-0.4021695 0.6529517 -0.2909973 0.5720441
-0.4017284 0.6530923 -0.2910001 0.572192
-0.4010035 0.6533232 -0.2910045 0.5724347
-0.4000026 0.653641 -0.2910104 0.572769
-0.3987337 0.6540426 -0.2910173 0.5731917
-0.3972045 0.6545245 -0.2910249 0.5736992
-0.3954228 0.6550832 -0.2910327 0.5742881
-0.393396 0.6557152 -0.2910402 0.5749546
-0.3911316 0.6564167 -0.2910469 0.5756952
-0.3886372 0.6571839 -0.2910521 0.576506
-0.38592 0.658013 -0.2910554 0.5773833
-0.3829875 0.6589002 -0.2910561 0.5783231
-0.3798471 0.6598414 -0.2910534 0.5793214
-0.3765063 0.6608328 -0.2910469 0.5803747
-0.3729725 0.6618704 -0.2910358 0.5814786
-0.3692532 0.66295 -0.2910195 0.5826294
-0.365356 0.6640679 -0.2909974 0.5838231
-0.3612886 0.66522 -0.2909688 0.5850556
-0.3570588 0.6664024 -0.2909332 0.5863232
-0.3526744 0.6676111 -0.2908899 0.5876217
-0.3481434 0.6688423 -0.2908385 0.5889476
-0.3434739 0.6700922 -0.2907782 0.5902967
-0.338674 0.671357 -0.290709 0.5916656
-0.3337522 0.6726331 -0.29063 0.5930502
-0.3287168 0.6739168 -0.290541 0.5944471
-0.3235766 0.6752046 -0.2904418 0.5958527
-0.3183401 0.6764934 -0.2903319 0.5972635
-0.3130163 0.6777796 -0.2902111 0.5986762
-0.3076141 0.6790602 -0.2900794 0.6000874
-0.3021425 0.6803321 -0.2899365 0.601494
-0.2966109 0.6815925 -0.2897825 0.6028929
-0.2910285 0.6828385 -0.2896173 0.6042813
-0.2854048 0.6840676 -0.2894411 0.6056563
-0.2797492 0.6852774 -0.289254 0.6070153
-0.2740715 0.6864654 -0.2890562 0.6083556
-0.2683812 0.6876298 -0.288848 0.609675
-0.2626881 0.6887683 -0.2886299 0.6109713
-0.257002 0.6898794 -0.2884023 0.6122423
-0.2513329 0.6909611 -0.2881655 0.6134862
-0.2456905 0.6920123 -0.2879202 0.6147009
-0.2400848 0.6930314 -0.2876672 0.6158851
-0.2345257 0.6940174 -0.2874069 0.6170371
-0.2290233 0.6949694 -0.2871403 0.6181556
-0.2235874 0.6958864 -0.2868681 0.6192394
-0.2182279 0.6967679 -0.2865913 0.6202875
-0.2129548 0.6976133 -0.2863106 0.6212989
-0.2077779 0.6984221 -0.2860272 0.6222727
-0.2027071 0.6991944 -0.285742 0.6232084
-0.1977522 0.6999297 -0.2854561 0.6241053
-0.1929229 0.7006281 -0.2851706 0.624963
-0.1882289 0.7012898 -0.2848867 0.6257812
-0.1836799 0.7019151 -0.2846054 0.6265595
-0.1792854 0.702504 -0.2843281 0.6272977
-0.1750549 0.7030571 -0.2840559 0.6279958
-0.1709981 0.7035747 -0.2837901 0.6286538
-0.1671241 0.7040572 -0.2835319 0.6292715
-0.1634424 0.7045054 -0.2832825 0.629849
-0.1599622 0.7049195 -0.2830433 0.6303864
-0.1566929 0.7053003 -0.2828154 0.6308838
-0.1536436 0.7056482 -0.2826001 0.631341
-0.1508234 0.7059637 -0.2823987 0.6317583
-0.1482415 0.7062473 -0.2822123 0.6321356
-0.145907 0.7064995 -0.2820422 0.6324728
-0.143829 0.7067205 -0.2818895 0.6327699
-0.1420165 0.7069106 -0.2817552 0.6330267
-0.1404786 0.70707 -0.2816406 0.6332427
-0.1392244 0.7071987 -0.2815467 0.6334178
-0.138263 0.7072965 -0.2814744 0.6335513
-0.1376034 0.7073632 -0.2814246 0.6336425
-0.1372549 0.7073984 -0.2813983 0.6336905
-0.1371989 0.707404 -0.281394 0.6336983
-0.1371715 0.7077176 -0.2812478 0.633419
-0.1370902 0.7086461 -0.2808139 0.6325903
-0.1369558 0.7101716 -0.2800989 0.6312242
-0.136769 0.7122754 -0.279108 0.6293303
-0.1365298 0.714939 -0.2778455 0.6269161
-0.1362382 0.7181432 -0.2763147 0.6239869
-0.1358938 0.7218687 -0.2745183 0.6205468
-0.1354958 0.7260954 -0.2724579 0.616598
-0.1350433 0.7308028 -0.2701351 0.6121418
-0.1345353 0.7359697 -0.2675505 0.6071784
-0.1339706 0.7415738 -0.2647049 0.6017073
-0.1333476 0.7475922 -0.2615982 0.5957271
-0.1326648 0.7540007 -0.2582308 0.5892366
-0.1319209 0.7607744 -0.2546029 0.5822342
-0.131114 0.7678866 -0.2507147 0.5747187
-0.1302427 0.7753099 -0.2465666 0.5666889
-0.1293053 0.7830155 -0.2421598 0.5581448
-0.1283004 0.7909731 -0.2374955 0.549087
-0.1272266 0.7991514 -0.2325758 0.5395175
-0.1260827 0.8075176 -0.2274035 0.5294394
-0.1248677 0.8160383 -0.2219822 0.518858
-0.1235809 0.8246783 -0.2163165 0.5077801
-0.1222218 0.8334022 -0.2104121 0.496215
-0.1207903 0.8421738 -0.2042759 0.484174
-0.1192867 0.850956 -0.197916 0.4716713
-0.1177116 0.8597121 -0.1913417 0.4587238
-0.1160663 0.8684052 -0.1845639 0.4453507
-0.1143522 0.8769988 -0.1775947 0.4315747
-0.1125715 0.8854576 -0.1704475 0.4174209
-0.1107269 0.8937467 -0.1631373 0.4029176
-0.1088213 0.9018334 -0.1556801 0.3880955
-0.1068585 0.9096864 -0.1480933 0.3729883
-0.1048425 0.9172767 -0.1403953 0.357632
-0.102778 0.9245779 -0.1326055 0.3420646
-0.1006701 0.9315662 -0.1247442 0.3263263
-0.09852415 0.9382211 -0.1168321 0.3104585
-0.09634601 0.9445249 -0.1088907 0.2945045
-0.09414188 0.9504639 -0.1009416 0.2785077
-0.09191808 0.9560272 -0.09300666 0.2625126
-0.0896813 0.9612078 -0.08510754 0.2465634
-0.08743821 0.9660022 -0.07726564 0.2307042
-0.08519569 0.97041 -0.06950204 0.2149783
-0.08296054 0.9744343 -0.06183708 0.1994283
-0.08073957 0.9780811 -0.05429048 0.1840952
-0.07853949 0.9813595 -0.04688105 0.1690186
-0.07636686 0.984281 -0.03962671 0.1542363
-0.07422806 0.9868594 -0.03254425 0.1397842
-0.07212928 0.9891107 -0.02564954 0.1256963
-0.0700764 0.9910525 -0.01895724 0.112004
-0.06807513 0.9927039 -0.01248101 0.09873699
-0.06613079 0.9940851 -0.006233269 0.08592259
-0.0642485 0.9952171 -0.0002255828 0.07358604
-0.06243307 0.9961217 0.005531687 0.06175057
-0.06068899 0.9968206 0.01102892 0.05043754
-0.05902055 0.9973359 0.01625741 0.0396665
-0.0574317 0.9976894 0.02120932 0.02945544
-0.05592621 0.9979027 0.02587725 0.01982115
-0.05450763 0.9979967 0.03025458 0.01077885
-0.05317931 0.9979917 0.03433491 0.002343178
-0.05194444 0.9979075 0.03811242 -0.005472238
-0.05080608 0.9977623 0.04158134 -0.01265415
-0.04976721 0.9975739 0.04473598 -0.01918961
-0.04883072 0.9973587 0.04757079 -0.02506578
-0.04799945 0.9971318 0.05007996 -0.03026964
-0.04727628 0.9969072 0.05225745 -0.03478772
-0.04666406 0.9966974 0.05409695 -0.03860594
-0.04616573 0.9965132 0.05559163 -0.04170934
-0.04578434 0.9963643 0.05673393 -0.04408178
-0.045523 0.9962583 0.05751591 -0.0457062
-0.04538501 0.996201 0.05792858 -0.04656345
-0.04536283 0.9961917 0.05799487 -0.04670119
0.04527219 -0.9961954 -0.05785925 0.04687666
0.04500367 -0.9962063 -0.05745745 0.04739646
0.04456224 -0.996223 -0.05679693 0.04825079
0.0439528 -0.9962438 -0.05588501 0.04943004
0.0431801 -0.9962665 -0.05472886 0.05092464
0.04224885 -0.9962883 -0.05333553 0.0527252
0.04116367 -0.9963062 -0.05171197 0.05482236
0.03992915 -0.9963165 -0.04986506 0.05720679
0.03854982 -0.9963155 -0.04780165 0.05986921
0.03703021 -0.9962991 -0.04552853 0.06280033
0.03537487 -0.9962632 -0.04305256 0.06599084
0.03358832 -0.9962031 -0.04038055 0.06943136
0.03167515 -0.9961143 -0.03751938 0.07311244
0.02963995 -0.995992 -0.03447602 0.07702456
0.0274874 -0.9958317 -0.03125748 0.08115806
0.02522224 -0.9956286 -0.02787089 0.08550319
0.02284926 -0.995378 -0.02432349 0.09005003
0.02037337 -0.9950753 -0.02062264 0.09478851
0.01779954 -0.994716 -0.01677585 0.0997084
0.01513287 -0.994296 -0.01279077 0.1047994
0.01237852 -0.993811 -0.00867517 0.1100508
0.009541804 -0.9932573 -0.004437035 0.1154519
0.006628112 -0.9926314 -8.446108E-05 0.1209919
0.003642936 -0.9919299 0.004374305 0.1266598
0.0005919032 -0.9911501 0.008930811 0.1324441
-0.00251928 -0.9902894 0.0135765 0.1383337
-0.005684802 -0.9893459 0.01830266 0.144317
-0.008898779 -0.9883179 0.02310047 0.1503825
-0.01215523 -0.9872044 0.02796096 0.1565184
-0.01544807 -0.9860046 0.03287505 0.162713
-0.01877122 -0.9847186 0.03783363 0.1689544
-0.02211851 -0.9833467 0.04282745 0.1752309
-0.02548371 -0.98189 0.04784725 0.1815305
-0.0288606 -0.98035 0.05288369 0.1878414
-0.03224292 -0.9787287 0.05792746 0.1941519
-0.03562445 -0.9770289 0.06296927 0.2004502
-0.03899895 -0.9752538 0.06799982 0.2067249
-0.04236021 -0.9734071 0.07300983 0.2129643
-0.04570207 -0.9714932 0.07799017 0.2191572
-0.04901843 -0.9695169 0.08293174 0.2252925
-0.05230325 -0.9674833 0.08782559 0.2313592
-0.05555057 -0.9653986 0.0926628 0.2373466
-0.05875453 -0.9632688 0.09743471 0.2432442
-0.06190934 -0.9611006 0.1021327 0.2490418
-0.06500937 -0.9589012 0.1067485 0.2547294
-0.06804904 -0.956678 0.1112737 0.2602974
-0.07102296 -0.9544388 0.1157004 0.2657362
-0.07392579 -0.9521918 0.1200207 0.2710367
-0.07675237 -0.9499452 0.1242268 0.2761901
-0.07949761 -0.9477077 0.1283115 0.2811878
-0.08215664 -0.9454879 0.1322673 0.2860214
-0.08472461 -0.9432951 0.1360872 0.2906829
-0.08719683 -0.941138 0.1397641 0.2951643
-0.08956871 -0.939026 0.1432915 0.2994582
-0.0918358 -0.9369682 0.1466626 0.303557
-0.0939937 -0.9349739 0.149871 0.3074537
-0.0960381 -0.9330522 0.1529102 0.311141
-0.09796477 -0.9312124 0.1557743 0.3146122
-0.09976955 -0.9294635 0.1584568 0.3178603
-0.1014483 -0.9278145 0.1609518 0.3208785
-0.1029969 -0.9262743 0.1632532 0.3236603
-0.1044112 -0.9248516 0.165355 0.3261987
-0.1056873 -0.9235548 0.1672511 0.3284871
-0.1068209 -0.9223923 0.1689354 0.3305187
-0.1078079 -0.921372 0.1704018 0.3322864
-0.1086441 -0.9205018 0.1716442 0.3337833
-0.1093252 -0.9197889 0.172656 0.3350019
-0.1098468 -0.9192407 0.1734308 0.3359348
-0.1102043 -0.9188635 0.1739619 0.3365741
-0.1103932 -0.918664 0.1742424 0.3369117
-0.1104235 -0.9186319 0.1742875 0.336966
0.1105065 0.9187918 -0.1740245 -0.3366386
0.1107523 0.9192647 -0.1732447 -0.3356676
0.1111563 0.9200392 -0.1719607 -0.3340682
0.1117142 0.9211031 -0.1701834 -0.3318535
0.1124217 0.9224421 -0.1679227 -0.3290348
0.1132743 0.9240416 -0.1651872 -0.3256215
0.1142678 0.9258851 -0.1619845 -0.321622
0.115398 0.9279554 -0.1583216 -0.3170432
0.1166604 0.9302339 -0.1542047 -0.3118914
0.1180506 0.9327009 -0.1496398 -0.3061718
0.119564 0.9353355 -0.1446323 -0.2998894
0.1211959 0.9381155 -0.1391878 -0.2930488
0.1229412 0.941018 -0.1333118 -0.2856547
0.1247949 0.9440184 -0.1270104 -0.277712
0.1267513 0.9470912 -0.1202899 -0.2692263
0.1288046 0.95021 -0.1131573 -0.2602035
0.1309488 0.9533473 -0.1056205 -0.2506507
0.1331773 0.9564747 -0.09768824 -0.2405764
0.1354833 0.9595633 -0.08937062 -0.2299903
0.1378595 0.9625834 -0.08067902 -0.218904
0.1402984 0.9655051 -0.07162623 -0.2073307
0.1427917 0.9682984 -0.06222672 -0.1952861
0.1453314 0.9709333 -0.05249662 -0.1827877
0.1479088 0.9733806 -0.04245381 -0.1698558
0.1505148 0.9756113 -0.0321181 -0.1565131
0.1531404 0.977598 -0.02151111 -0.1427847
0.1557762 0.9793145 -0.01065627 -0.1286984
0.1584129 0.9807366 0.00042122 -0.1142846
0.161041 0.981842 0.01169447 -0.09957606
0.1636512 0.9826111 0.02313499 -0.08460801
0.1662342 0.9830272 0.03471301 -0.06941758
0.1687812 0.9830765 0.04639754 -0.05404406
0.1712835 0.9827489 0.05815674 -0.03852812
0.1737331 0.9820375 0.06995797 -0.02291192
0.1761222 0.9809396 0.08176836 -0.007238376
0.1784439 0.9794559 0.09355503 0.008449088
0.1806918 0.9775911 0.1052852 0.02410679
0.1828603 0.9753538 0.1169266 0.03969138
0.1849445 0.9727559 0.128448 0.05516015
0.1869403 0.9698132 0.1398192 0.07047155
0.1888447 0.9665446 0.1510112 0.08558536
0.1906551 0.9629719 0.1619967 0.100463
0.1923699 0.9591197 0.1727502 0.1150679
0.1939884 0.9550148 0.1832479 0.1293658
0.1955104 0.9506859 0.1934682 0.1433247
0.1969366 0.9461636 0.2033914 0.1569152
0.1982683 0.9414792 0.2129998 0.1701105
0.1995073 0.9366654 0.2222779 0.1828862
0.200656 0.9317549 0.2312121 0.1952204
0.2017171 0.9267809 0.2397906 0.2070939
0.2026939 0.9217764 0.2480034 0.2184897
0.2035897 0.9167741 0.2558423 0.2293932
0.2044084 0.911806 0.2633005 0.2397914
0.2051537 0.9069034 0.2703724 0.2496736
0.2058295 0.9020969 0.2770537 0.2590303
0.20644 0.8974157 0.2833407 0.2678536
0.2069891 0.8928882 0.2892311 0.2761368
0.2074807 0.8885416 0.2947226 0.2838737
0.2079186 0.8844017 0.2998135 0.2910591
0.2083066 0.8804933 0.3045023 0.2976882
0.208648 0.8768401 0.3087875 0.3037562
0.2089461 0.8734645 0.3126672 0.309258
0.209204 0.8703877 0.3161396 0.3141888
0.2094243 0.8676302 0.3192021 0.3185424
0.2096094 0.8652111 0.3218513 0.3223126
0.2097615 0.8631486 0.3240832 0.3254918
0.209882 0.8614599 0.3258925 0.3280708
0.2099724 0.8601617 0.3272727 0.3300397
0.2100333 0.8592691 0.3282163 0.3313861
0.2100652 0.8587967 0.3287139 0.3320963
0.2100703 0.8587208 0.3287938 0.3322104
-0.2099571 -0.8588801 -0.3287978 -0.331866
-0.2096217 -0.8593515 -0.3288093 -0.330845
-0.2090691 -0.8601242 -0.3288272 -0.3291645
-0.2083043 -0.8611868 -0.32885 -0.32684
-0.2073311 -0.862527 -0.3288755 -0.3238857
-0.2061533 -0.8641316 -0.3289013 -0.3203146
-0.2047738 -0.8659866 -0.3289244 -0.3161387
-0.2031955 -0.8680773 -0.3289417 -0.3113693
-0.2014207 -0.8703882 -0.3289495 -0.3060169
-0.1994517 -0.8729032 -0.3289438 -0.3000917
-0.1972905 -0.8756052 -0.3289206 -0.2936037
-0.1949391 -0.8784769 -0.3288755 -0.2865627
-0.1923992 -0.8814996 -0.3288037 -0.2789786
-0.189673 -0.8846547 -0.3287007 -0.2708618
-0.1867625 -0.8879225 -0.3285614 -0.262223
-0.1836699 -0.8912829 -0.3283808 -0.2530735
-0.1803977 -0.8947154 -0.3281539 -0.2434257
-0.1769489 -0.8981989 -0.3278756 -0.2332925
-0.1733265 -0.9017122 -0.327541 -0.2226883
-0.1695343 -0.9052335 -0.327145 -0.2116285
-0.1655764 -0.9087413 -0.3266831 -0.2001299
-0.1614574 -0.9122138 -0.3261505 -0.188211
-0.1571827 -0.9156296 -0.325543 -0.1758915
-0.1527582 -0.9189675 -0.3248566 -0.1631928
-0.1481905 -0.9222067 -0.3240878 -0.1501381
-0.1434869 -0.9253272 -0.3232335 -0.136752
-0.1386552 -0.9283099 -0.3222911 -0.123061
-0.1337042 -0.9311364 -0.3212586 -0.1090929
-0.1286431 -0.9337898 -0.3201343 -0.09487721
-0.1234821 -0.9362544 -0.3189176 -0.0804448
-0.1182316 -0.9385164 -0.3176084 -0.06582776
-0.112903 -0.9405631 -0.3162072 -0.05105935
-0.107508 -0.9423841 -0.3147154 -0.03617374
-0.1020589 -0.9439708 -0.313135 -0.02120594
-0.09656817 -0.9453166 -0.311469 -0.006191365
-0.09104887 -0.946417 -0.3097207 0.008834255
-0.08551418 -0.9472699 -0.3078946 0.02383505
-0.07997748 -0.9478749 -0.3059956 0.03877529
-0.07445215 -0.9482341 -0.3040293 0.05361973
-0.06895161 -0.9483517 -0.3020019 0.0683337
-0.06348915 -0.9482338 -0.2999202 0.08288334
-0.05807791 -0.9478884 -0.2977915 0.09723575
-0.05273069 -0.9473255 -0.2956234 0.1113593
-0.04746006 -0.9465564 -0.293424 0.1252236
-0.0422781 -0.9455944 -0.2912016 0.1387999
-0.03719654 -0.944454 -0.2889649 0.1520607
-0.03222654 -0.9431507 -0.2867225 0.1649803
-0.02737884 -0.9417011 -0.2844835 0.1775346
-0.02266357 -0.9401229 -0.2822566 0.1897012
-0.0180904 -0.9384341 -0.2800508 0.201459
-0.01366834 -0.9366534 -0.2778749 0.2127889
-0.009405999 -0.9347998 -0.2757376 0.2236732
-0.005311367 -0.9328924 -0.2736474 0.2340954
-0.00139203 -0.9309505 -0.2716129 0.2440405
0.002344941 -0.928993 -0.2696422 0.2534947
0.005892873 -0.927039 -0.2677434 0.2624453
0.009245433 -0.9251069 -0.2659243 0.2708801
0.01239665 -0.923215 -0.2641923 0.2787882
0.01534076 -0.9213809 -0.2625547 0.2861589
0.01807227 -0.9196218 -0.2610186 0.292982
0.0205858 -0.9179541 -0.2595909 0.2992475
0.022876 -0.9163937 -0.2582782 0.3049455
0.02493766 -0.9149556 -0.2570866 0.310066
0.02676543 -0.9136541 -0.2560226 0.3145986
0.02835389 -0.9125028 -0.255092 0.3185323
0.02969746 -0.9115143 -0.2543006 0.3218556
0.03079028 -0.9107003 -0.2536539 0.3245561
0.0316262 -0.9100716 -0.2531575 0.3266201
0.03219879 -0.909638 -0.2528167 0.3280331
0.03250106 -0.9094082 -0.2526364 0.3287787
0.03254962 -0.9093711 -0.2526074 0.3288985
-0.03229291 0.9093379 0.2525444 -0.3290638
-0.03153229 0.9092392 0.2523577 -0.3295533
-0.0302816 0.9090753 0.2520501 -0.3303575
-0.02855425 0.9088452 0.2516243 -0.3314668
-0.02636321 0.9085477 0.2510827 -0.3328716
-0.02372113 0.9081804 0.2504272 -0.3345624
-0.02064037 0.9077401 0.2496598 -0.3365293
-0.01713314 0.9072233 0.2487819 -0.3387624
-0.01321147 0.9066259 0.2477949 -0.3412518
-0.008887387 0.905943 0.2467002 -0.3439874
-0.00417291 0.9051699 0.2454989 -0.3469589
0.0009198508 0.904301 0.244192 -0.3501557
0.006378627 0.903331 0.2427808 -0.3535674
0.01219095 0.902254 0.2412663 -0.357183
0.01834406 0.9010643 0.2396495 -0.3609913
0.02482489 0.899756 0.2379318 -0.3649813
0.03162002 0.8983235 0.2361143 -0.3691412
0.03871555 0.8967611 0.2341985 -0.3734592
0.0460972 0.8950635 0.2321859 -0.3779235
0.05375017 0.8932257 0.2300783 -0.3825218
0.06165921 0.8912429 0.2278776 -0.3872417
0.06980848 0.889111 0.2255861 -0.3920707
0.07818167 0.8868263 0.2232061 -0.3969959
0.086762 0.8843859 0.2207405 -0.4020045
0.0955321 0.8817872 0.2181921 -0.4070837
0.1044741 0.8790287 0.2155644 -0.4122203
0.1135699 0.8761097 0.2128609 -0.4174015
0.1228006 0.8730299 0.2100855 -0.4226143
0.1321474 0.8697905 0.2072426 -0.4278458
0.1415908 0.8663933 0.2043367 -0.4330834
0.1511113 0.8628411 0.2013727 -0.4383146
0.160689 0.8591378 0.1983558 -0.443527
0.1703042 0.8552883 0.1952915 -0.4487089
0.1799367 0.8512985 0.1921856 -0.4538485
0.1895668 0.847175 0.1890442 -0.4589349
0.1991747 0.842926 0.1858734 -0.4639573
0.2087408 0.83856 0.1826799 -0.4689056
0.2182457 0.834087 0.1794703 -0.47377
0.2276706 0.8295176 0.1762516 -0.4785416
0.2369967 0.8248631 0.1730306 -0.483212
0.2462062 0.8201359 0.1698145 -0.4877732
0.2552814 0.8153488 0.1666105 -0.4922182
0.2642053 0.8105155 0.1634258 -0.4965403
0.2729616 0.80565 0.1602677 -0.5007337
0.2815346 0.8007671 0.1571435 -0.5047933
0.2899092 0.7958817 0.1540605 -0.5087143
0.2980714 0.7910093 0.1510256 -0.512493
0.3060072 0.7861656 0.1480461 -0.5161257
0.313704 0.7813663 0.145129 -0.5196097
0.3211492 0.7766275 0.1422811 -0.5229427
0.3283316 0.7719652 0.1395093 -0.5261229
0.3352401 0.7673955 0.1368201 -0.5291489
0.3418644 0.7629344 0.1342201 -0.5320197
0.3481947 0.7585977 0.1317156 -0.5347346
0.3542216 0.7544012 0.1293129 -0.5372934
0.3599364 0.7503604 0.1270179 -0.5396958
0.3653305 0.7464907 0.1248367 -0.5419419
0.3703958 0.7428073 0.122775 -0.5440319
0.3751243 0.7393248 0.1208385 -0.5459659
0.3795083 0.7360578 0.1190328 -0.5477442
0.3835399 0.7330205 0.1173633 -0.5493669
0.3872115 0.7302268 0.1158355 -0.550834
0.3905154 0.7276904 0.1144546 -0.5521454
0.3934434 0.7254244 0.1132259 -0.5533007
0.3959873 0.7234418 0.1121546 -0.5542991
0.3981385 0.7217551 0.1112459 -0.5551394
0.3998879 0.7203765 0.1105051 -0.5558201
0.401226 0.719318 0.1099374 -0.5563391
0.4021423 0.7185909 0.109548 -0.5566937
0.4026261 0.7182064 0.1093422 -0.5568807
0.4027038 0.7181446 0.1093092 -0.5569107
-0.4024976 -0.718238 -0.1091533 0.5569699
-0.4018863 -0.7185144 -0.1086912 0.557145
-0.4008809 -0.7189679 -0.1079315 0.5574321
-0.3994914 -0.7195917 -0.1068822 0.5578267
-0.3977274 -0.7203789 -0.1055512 0.5583243
-0.3955983 -0.7213224 -0.103946 0.5589197
-0.3931127 -0.7224143 -0.1020742 0.5596078
-0.3902791 -0.7236467 -0.099943 0.560383
-0.3871059 -0.7250114 -0.09755969 0.5612395
-0.383601 -0.7264997 -0.09493138 0.5621713
-0.3797723 -0.7281029 -0.09206523 0.5631723
-0.3756279 -0.7298121 -0.0889684 0.5642364
-0.3711758 -0.7316179 -0.08564812 0.5653568
-0.3664238 -0.733511 -0.08211168 0.5665271
-0.3613802 -0.735482 -0.07836654 0.5677406
-0.3560534 -0.7375212 -0.07442028 0.5689904
-0.3504519 -0.739619 -0.07028068 0.5702699
-0.3445848 -0.7417656 -0.06595572 0.5715724
-0.3384613 -0.7439512 -0.06145362 0.5728909
-0.3320912 -0.7461663 -0.05678283 0.5742187
-0.3254842 -0.7484011 -0.05195205 0.5755491
-0.3186513 -0.7506462 -0.04697032 0.5768755
-0.3116032 -0.7528923 -0.04184688 0.5781917
-0.3043514 -0.7551299 -0.03659126 0.5794913
-0.2969081 -0.7573504 -0.03121332 0.5807681
-0.2892857 -0.7595452 -0.02572316 0.5820165
-0.2814972 -0.7617058 -0.02013116 0.583231
-0.2735563 -0.7638243 -0.01444791 0.5844063
-0.2654767 -0.7658934 -0.008684254 0.5855374
-0.2572732 -0.7679059 -0.002851284 0.58662
-0.2489606 -0.7698553 0.003039796 0.5876498
-0.2405542 -0.7717355 0.008977568 0.5886233
-0.2320698 -0.7735413 0.01495052 0.5895371
-0.2235235 -0.7752677 0.02094701 0.5903884
-0.2149316 -0.7769105 0.02695538 0.5911751
-0.2063107 -0.7784661 0.03296394 0.5918951
-0.1976776 -0.7799317 0.03896102 0.5925472
-0.1890492 -0.7813049 0.04493495 0.5931306
-0.1804426 -0.7825841 0.0508742 0.593645
-0.1718748 -0.7837685 0.05676733 0.5940905
-0.1633629 -0.7848576 0.0626031 0.5944678
-0.1549239 -0.785852 0.06837038 0.5947779
-0.1465746 -0.7867524 0.07405829 0.5950227
-0.1383317 -0.7875606 0.07965618 0.5952039
-0.1302117 -0.7882786 0.08515367 0.595324
-0.122231 -0.7889091 0.09054061 0.595386
-0.1144054 -0.7894553 0.09580726 0.595393
-0.1067506 -0.7899207 0.100944 0.5953485
-0.09928209 -0.7903097 0.1059416 0.5952563
-0.0920149 -0.7906265 0.1107911 0.5951205
-0.0849636 -0.7908758 0.115484 0.5949455
-0.07814266 -0.7910628 0.1200118 0.5947357
-0.07156599 -0.7911928 0.1243666 0.5944958
-0.0652473 -0.7912712 0.1285405 0.5942307
-0.05919985 -0.7913036 0.132526 0.5939451
-0.05343669 -0.7912959 0.1363157 0.5936441
-0.04797059 -0.7912538 0.1399026 0.5933326
-0.04281395 -0.791183 0.1432797 0.5930156
-0.03797911 -0.7910892 0.1464401 0.5926979
-0.03347808 -0.7909782 0.1493771 0.5923844
-0.02932279 -0.7908553 0.1520841 0.5920798
-0.02552514 -0.790726 0.1545545 0.5917886
-0.02209673 -0.7905953 0.1567816 0.5915154
-0.01904946 -0.7904679 0.1587587 0.5912641
-0.01639503 -0.7903485 0.1604791 0.5910389
-0.01414535 -0.790241 0.1619359 0.5908434
-0.01231238 -0.7901492 0.1631218 0.590681
-0.01090841 -0.7900764 0.1640296 0.5905546
-0.009945775 -0.7900251 0.1646518 0.590467
-0.009437315 -0.7899976 0.1649804 0.5904205
-0.009355575 -0.7899932 0.1650332 0.590413
0.009327737 0.7898531 -0.1655108 -0.590467
0.009245188 0.7894369 -0.1669266 -0.5906263
0.009109221 0.7887477 -0.1692571 -0.5908859
0.008920958 0.7877861 -0.1724808 -0.5912393
0.008681365 0.78655 -0.176578 -0.591679
0.008391274 0.785035 -0.1815307 -0.5921962
0.008051405 0.7832343 -0.187322 -0.5927813
0.007662384 0.7811395 -0.1939361 -0.5934232
0.007224765 0.77874 -0.2013576 -0.5941103
0.006739049 0.7760237 -0.2095715 -0.5948291
0.00620571 0.7729768 -0.2185626 -0.595566
0.005625212 0.7695844 -0.2283153 -0.5963056
0.004998038 0.7658304 -0.2388133 -0.597032
0.00432471 0.7616977 -0.2500389 -0.5977278
0.00360581 0.7571686 -0.2619732 -0.5983752
0.002842013 0.7522249 -0.2745951 -0.5989551
0.002034099 0.7468483 -0.2878815 -0.5994478
0.001182995 0.7410209 -0.3018065 -0.599833
0.000289779 0.7347248 -0.3163415 -0.6000895
-0.0006442827 0.7279436 -0.3314548 -0.6001962
-0.001617726 0.7206618 -0.3471112 -0.6001315
-0.002628855 0.7128658 -0.363272 -0.5998742
-0.00367574 0.7045442 -0.3798947 -0.599403
-0.004756211 0.6956884 -0.3969335 -0.5986977
-0.005867823 0.6862926 -0.4143387 -0.5977387
-0.007007884 0.6763545 -0.4320572 -0.5965082
-0.008173446 0.6658763 -0.4500326 -0.5949897
-0.009361321 0.6548638 -0.4682059 -0.5931687
-0.01056809 0.6433277 -0.4865155 -0.5910333
-0.01179012 0.6312836 -0.5048981 -0.5885745
-0.01302362 0.6187519 -0.5232893 -0.5857857
-0.01426467 0.6057581 -0.5416238 -0.582664
-0.01550923 0.5923322 -0.5598373 -0.5792099
-0.01675323 0.5785099 -0.577866 -0.5754274
-0.01799259 0.5643301 -0.5956481 -0.5713241
-0.01922327 0.5498365 -0.6131249 -0.5669111
-0.02044135 0.5350761 -0.6302407 -0.5622031
-0.02164303 0.5200989 -0.646944 -0.5572183
-0.0228247 0.5049573 -0.663188 -0.5519774
-0.023983 0.4897051 -0.6789306 -0.5465043
-0.02511479 0.4743974 -0.694136 -0.540825
-0.02621723 0.4590894 -0.708773 -0.5349677
-0.02728781 0.443836 -0.722817 -0.5289619
-0.0283243 0.4286911 -0.7362484 -0.5228384
-0.0293248 0.4137071 -0.7490537 -0.5166285
-0.03028774 0.3989346 -0.7612243 -0.5103642
-0.03121183 0.3844214 -0.7727564 -0.5040769
-0.0320961 0.3702132 -0.7836512 -0.497798
-0.03293985 0.3563522 -0.7939136 -0.491558
-0.03374261 0.3428783 -0.803552 -0.4853865
-0.03450416 0.3298277 -0.8125781 -0.4793121
-0.03522448 0.3172339 -0.8210058 -0.4733619
-0.03590368 0.3051274 -0.8288512 -0.4675617
-0.03654207 0.2935359 -0.8361319 -0.461936
-0.03714002 0.2824845 -0.8428665 -0.4565076
-0.03769804 0.2719957 -0.8490744 -0.451298
-0.03821664 0.2620904 -0.8547748 -0.4463274
-0.0386964 0.2527872 -0.8599871 -0.4416147
-0.03913791 0.2441033 -0.8647299 -0.4371773
-0.03954173 0.2360545 -0.8690214 -0.4330318
-0.03990838 0.2286559 -0.8728784 -0.4291936
-0.04023835 0.2219219 -0.8763163 -0.4256775
-0.04053205 0.2158662 -0.8793492 -0.4224972
-0.04078978 0.2105031 -0.8819892 -0.4196662
-0.04101176 0.2058465 -0.8842465 -0.4171972
-0.04119805 0.2019112 -0.8861289 -0.4151028
-0.04134858 0.1987126 -0.8876419 -0.4133951
-0.04146314 0.1962674 -0.8887883 -0.4120865
-0.04154131 0.1945933 -0.8895682 -0.4111889
-0.04158248 0.1937097 -0.8899781 -0.4107146
-0.04158908 0.1935678 -0.8900439 -0.4106384
-0.04163333 0.1935902 -0.8901194 -0.4104596
-0.0417644 0.1936568 -0.8903428 -0.4099299
-0.0419798 0.193766 -0.8907093 -0.4090591
-0.04227701 0.1939164 -0.8912139 -0.4078565
-0.04265355 0.1941065 -0.8918509 -0.4063314
-0.04310695 0.1943348 -0.8926149 -0.4044928
-0.04363474 0.1945996 -0.8934998 -0.4023495
-0.04423443 0.1948992 -0.8944996 -0.3999102
-0.04490355 0.1952321 -0.8956079 -0.3971834
-0.04563961 0.1955964 -0.8968184 -0.3941775
-0.04644013 0.1959904 -0.8981244 -0.3909011
-0.0473026 0.1964123 -0.8995193 -0.3873625
-0.04822449 0.1968604 -0.9009963 -0.3835702
-0.04920327 0.1973328 -0.9025486 -0.3795326
-0.05023639 0.1978276 -0.9041691 -0.3752583
-0.05132125 0.198343 -0.9058511 -0.370756
-0.05245528 0.1988773 -0.9075876 -0.3660342
-0.05363582 0.1994284 -0.9093717 -0.3611021
-0.05486024 0.1999947 -0.9111964 -0.3559686
-0.05612586 0.2005742 -0.913055 -0.3506429
-0.05742998 0.2011652 -0.9149408 -0.3451344
-0.05876987 0.2017658 -0.9168471 -0.3394528
-0.06014279 0.2023742 -0.9187673 -0.3336078
-0.06154598 0.2029888 -0.9206952 -0.3276094
-0.06297665 0.2036078 -0.9226246 -0.321468
-0.06443199 0.2042294 -0.9245495 -0.3151939
-0.06590918 0.2048522 -0.926464 -0.3087978
-0.06740543 0.2054744 -0.9283626 -0.3022907
-0.06891787 0.2060946 -0.9302401 -0.2956836
-0.07044369 0.2067113 -0.9320913 -0.2889878
-0.07198005 0.207323 -0.9339116 -0.2822149
-0.07352412 0.2079284 -0.9356964 -0.2753764
-0.07507311 0.2085262 -0.9374418 -0.2684843
-0.07662417 0.2091152 -0.9391437 -0.2615505
-0.07817456 0.2096942 -0.9407988 -0.2545874
-0.07972151 0.2102622 -0.9424039 -0.2476068
-0.0812623 0.2108182 -0.9439563 -0.2406214
-0.08279421 0.2113612 -0.9454535 -0.2336435
-0.0843146 0.2118904 -0.9468935 -0.2266856
-0.08582084 0.2124052 -0.9482744 -0.2197603
-0.08731035 0.2129047 -0.949595 -0.21288
-0.08878059 0.2133885 -0.9508542 -0.2060575
-0.09022911 0.2138559 -0.9520514 -0.1993052
-0.09165344 0.2143067 -0.9531862 -0.1926356
-0.09305122 0.2147403 -0.9542586 -0.1860612
-0.09442013 0.2151566 -0.9552688 -0.1795944
-0.09575787 0.2155553 -0.9562174 -0.1732474
-0.09706225 0.2159362 -0.9571053 -0.1670326
-0.09833112 0.2162993 -0.9579337 -0.160962
-0.09956233 0.2166445 -0.9587036 -0.1550477
-0.1007539 0.2169719 -0.959417 -0.1493016
-0.1019037 0.2172814 -0.9600753 -0.1437353
-0.1030098 0.2175734 -0.9606805 -0.1383608
-0.1040703 0.2178478 -0.9612348 -0.1331892
-0.1050834 0.2181048 -0.9617402 -0.1282323
-0.1060471 0.2183448 -0.9621991 -0.1235012
-0.1069597 0.2185678 -0.9626136 -0.1190071
-0.1078194 0.2187741 -0.9629864 -0.1147611
-0.1086243 0.218964 -0.9633196 -0.1107742
-0.1093728 0.2191376 -0.9636157 -0.1070574
-0.110063 0.2192952 -0.9638768 -0.1036213
-0.1106932 0.219437 -0.9641052 -0.100477
-0.1112617 0.2195632 -0.964303 -0.09763496
-0.1117665 0.2196739 -0.9644721 -0.09510607
-0.1122061 0.2197692 -0.9646143 -0.09290107
-0.1125784 0.2198491 -0.964731 -0.09103065
-0.1128816 0.2199137 -0.9648235 -0.0895056
-0.1131137 0.2199628 -0.9648929 -0.08833683
-0.1132729 0.2199963 -0.9649397 -0.08753509
-0.1133569 0.220014 -0.9649641 -0.08711148
-0.1133704 0.2200168 -0.964968 -0.08704338
-0.1132516 0.2198219 -0.9650115 -0.08720846
-0.1128997 0.2192442 -0.9651398 -0.08769743
-0.112321 0.2182941 -0.9653493 -0.08850118
-0.1115215 0.2169816 -0.9656355 -0.08961067
-0.1105071 0.2153161 -0.9659933 -0.09101707
-0.1092836 0.2133069 -0.966417 -0.09271158
-0.1078564 0.2109629 -0.9669003 -0.09468555
-0.1062309 0.2082928 -0.9674367 -0.09693031
-0.1044124 0.205305 -0.9680187 -0.09943721
-0.1024062 0.202008 -0.968639 -0.1021976
-0.1002174 0.1984102 -0.9692895 -0.1052028
-0.09785135 0.1945199 -0.9699624 -0.1084441
-0.09531327 0.1903456 -0.9706491 -0.1119124
-0.09260849 0.1858958 -0.971341 -0.1155989
-0.08974245 0.1811792 -0.9720296 -0.1194944
-0.08672069 0.1762047 -0.9727061 -0.1235894
-0.08354893 0.1709813 -0.9733618 -0.1278745
-0.08023299 0.1655186 -0.9739879 -0.13234
-0.07677895 0.1598262 -0.9745759 -0.1369759
-0.07319304 0.1539141 -0.9751174 -0.1417719
-0.06948172 0.1477927 -0.9756042 -0.1467179
-0.06565168 0.141473 -0.9760283 -0.151803
-0.06170982 0.1349659 -0.9763821 -0.1570164
-0.0576633 0.1282831 -0.9766585 -0.1623473
-0.05351951 0.1214366 -0.9768507 -0.1677841
-0.04928608 0.1144389 -0.9769526 -0.1733157
-0.04497085 0.1073026 -0.9769585 -0.1789303
-0.04058187 0.100041 -0.9768633 -0.1846162
-0.03612744 0.09266751 -0.9766627 -0.1903617
-0.031616 0.08519611 -0.9763531 -0.1961549
-0.02705617 0.07764091 -0.9759316 -0.2019838
-0.02245673 0.07001638 -0.975396 -0.2078365
-0.01782658 0.06233715 -0.9747452 -0.2137011
-0.01317474 0.05461816 -0.9739785 -0.2195658
-0.008510282 0.04687439 -0.9730965 -0.2254189
-0.003842278 0.03912093 -0.9721002 -0.2312488
0.0008201168 0.03137295 -0.9709918 -0.2370442
0.005467779 0.02364567 -0.9697743 -0.2427939
0.01009163 0.0159542 -0.9684513 -0.248487
0.0146827 0.008313555 -0.9670274 -0.2541129
0.01923206 0.0007386448 -0.9655079 -0.2596614
0.02373093 -0.006755755 -0.963899 -0.2651224
0.0281707 -0.01415521 -0.9622074 -0.2704865
0.03254285 -0.02144539 -0.9604406 -0.2757443
0.03683918 -0.0286124 -0.9586066 -0.2808872
0.04105154 -0.03564253 -0.9567141 -0.2859066
0.04517212 -0.04252255 -0.9547722 -0.2907946
0.04919322 -0.04923942 -0.9527904 -0.2955436
0.05310747 -0.05578055 -0.9507788 -0.3001463
0.05690765 -0.06213373 -0.9487478 -0.304596
0.06058686 -0.06828709 -0.9467078 -0.308886
0.06413831 -0.07422914 -0.9446697 -0.3130103
0.06755553 -0.07994876 -0.9426445 -0.3169632
0.07083219 -0.08543514 -0.9406434 -0.3207392
0.0739622 -0.09067774 -0.9386775 -0.3243328
0.07693962 -0.09566648 -0.9367578 -0.3277392
0.07975864 -0.1003913 -0.9348956 -0.3309536
0.08241368 -0.1048426 -0.933102 -0.3339713
0.08489913 -0.1090109 -0.9313876 -0.3367878
0.08720963 -0.1128867 -0.9297633 -0.3393984
0.08933975 -0.1164608 -0.9282396 -0.3417989
0.0912841 -0.119724 -0.9268268 -0.3439847
0.0930374 -0.1226671 -0.9255347 -0.3459514
0.0945942 -0.1252809 -0.924373 -0.3476941
0.09594908 -0.127556 -0.9233509 -0.3492081
0.0970965 -0.129483 -0.9224773 -0.3504884
