-29.34635 16.39828 -2.835286
-29.21696 16.41935 -2.804401
-29.08998 16.43977 -2.773663
-28.96532 16.45954 -2.743083
-28.84291 16.47864 -2.712671
-28.72268 16.49706 -2.682435
-28.60457 16.5148 -2.652384
-28.48849 16.53184 -2.622529
-28.37439 16.54817 -2.592877
-28.26218 16.56378 -2.56344
-28.15179 16.57866 -2.534225
-28.04316 16.5928 -2.505242
-27.93621 16.6062 -2.476501
-27.83087 16.61883 -2.448011
-27.72707 16.63069 -2.419781
-27.62474 16.64177 -2.391821
-27.5238 16.65205 -2.36414
-27.42419 16.66154 -2.336746
-27.32583 16.67021 -2.309651
-27.22866 16.67806 -2.282861
-27.13259 16.68507 -2.256389
-27.03757 16.69125 -2.230241
-26.94351 16.69656 -2.204428
-26.85035 16.70102 -2.178959
-26.75801 16.70459 -2.153844
-26.66643 16.70728 -2.129092
-26.57552 16.70908 -2.104711
-26.48523 16.70997 -2.080711
-26.39548 16.70994 -2.057103
-26.30619 16.70898 -2.033894
-26.2173 16.70708 -2.011094
-26.12873 16.70424 -1.988713
-26.04042 16.70044 -1.96676
-25.95229 16.69567 -1.945244
-25.86427 16.68992 -1.924175
-25.77628 16.68318 -1.903562
-25.68826 16.67544 -1.883413
-25.60014 16.66669 -1.863739
-25.51185 16.65691 -1.84455
-25.4233 16.64611 -1.825853
-25.33444 16.63426 -1.807658
-25.24519 16.62136 -1.789975
-25.15547 16.6074 -1.772814
-25.06523 16.59236 -1.756182
-24.97437 16.57624 -1.740091
-24.88284 16.55903 -1.724548
-24.79057 16.54071 -1.709564
-24.69747 16.52127 -1.695147
-24.60349 16.50071 -1.681308
-24.50854 16.47902 -1.668054
-24.41256 16.45617 -1.655396
-24.31547 16.43217 -1.643343
-24.21721 16.407 -1.631905
-24.1177 16.38066 -1.62109
-24.01687 16.35312 -1.610908
-23.91465 16.32439 -1.601367
-23.81097 16.29445 -1.592479
-23.70576 16.26329 -1.584251
-23.59893 16.2309 -1.576693
-23.49044 16.19727 -1.569815
-23.38019 16.16238 -1.563625
-23.26813 16.12624 -1.558134
-23.15417 16.08882 -1.55335
-23.03825 16.05013 -1.549283
-22.9203 16.01014 -1.545941
-22.80025 15.96884 -1.543335
-22.67801 15.92624 -1.541474
-22.55353 15.88231 -1.540367
-22.42673 15.83704 -1.540023
-22.32509 15.80041 -1.540296
-22.19623 15.75668 -1.541061
-22.06941 15.71937 -1.542044
-21.9446 15.68835 -1.543237
-21.82175 15.66346 -1.544629
-21.70084 15.64456 -1.546212
-21.58181 15.63149 -1.547977
-21.46464 15.62412 -1.549914
-21.34929 15.62228 -1.552014
-21.23572 15.62583 -1.554268
-21.12389 15.63463 -1.556665
-21.01377 15.64852 -1.559198
-20.90532 15.66736 -1.561857
-20.7985 15.691 -1.564633
-20.69327 15.71929 -1.567516
-20.5896 15.75207 -1.570497
-20.48745 15.78921 -1.573567
-20.38678 15.83055 -1.576717
-20.28756 15.87595 -1.579937
-20.18975 15.92526 -1.583218
-20.0933 15.97833 -1.586551
-19.99819 16.035 -1.589927
-19.90438 16.09514 -1.593336
-19.81182 16.15859 -1.596769
-19.72048 16.22521 -1.600217
-19.63033 16.29485 -1.60367
-19.54133 16.36735 -1.60712
-19.45343 16.44257 -1.610557
-19.36661 16.52036 -1.613971
-19.28082 16.60058 -1.617354
-19.19603 16.68307 -1.620697
-19.1122 16.76769 -1.623989
-19.02929 16.85429 -1.627223
-18.94727 16.94272 -1.630387
-18.8661 17.03282 -1.633474
-18.78573 17.12446 -1.636474
-18.70615 17.21749 -1.639378
-18.62729 17.31174 -1.642177
-18.54914 17.40709 -1.64486
-18.47165 17.50338 -1.647419
-18.39479 17.60046 -1.649846
-18.31851 17.69818 -1.652129
-18.24278 17.79639 -1.654261
-18.16756 17.89494 -1.656232
-18.09283 17.9937 -1.658033
-18.01852 18.0925 -1.659654
-17.94462 18.1912 -1.661086
-17.87109 18.28966 -1.66232
-17.79788 18.38772 -1.663347
-17.72495 18.48523 -1.664157
-17.65229 18.58205 -1.664741
-17.57983 18.67802 -1.66509
-17.50755 18.77301 -1.665195
-17.43542 18.86686 -1.665046
-17.36338 18.95942 -1.664635
-17.29141 19.05054 -1.663951
-17.21947 19.14008 -1.662986
-17.14752 19.22789 -1.66173
-17.07553 19.31382 -1.660174
-17.00344 19.39771 -1.65831
-16.93124 19.47943 -1.656126
-16.85888 19.55883 -1.653616
-16.78633 19.63574 -1.650768
-16.71354 19.71004 -1.647574
-16.64048 19.78156 -1.644024
-16.56712 19.85016 -1.64011
-16.49341 19.9157 -1.635822
-16.41931 19.97802 -1.631151
-16.3448 20.03697 -1.626087
-16.26983 20.09241 -1.620622
-16.19437 20.14419 -1.614746
-16.14973 20.17288 -1.611093
-16.07401 20.21947 -1.603973
-15.99893 20.26403 -1.595311
-15.92448 20.30658 -1.585154
-15.85064 20.34717 -1.57355
-15.7774 20.38581 -1.560545
-15.70475 20.42257 -1.546186
-15.63267 20.45746 -1.530521
-15.56116 20.49052 -1.513596
-15.49021 20.52179 -1.495458
-15.41979 20.55131 -1.476154
-15.34991 20.57911 -1.455731
-15.28054 20.60522 -1.434237
-15.21167 20.62969 -1.411717
-15.1433 20.65254 -1.38822
-15.0754 20.67381 -1.363791
-15.00798 20.69355 -1.338479
-14.94101 20.71177 -1.31233
-14.87448 20.72853 -1.28539
-14.80838 20.74385 -1.257708
-14.74271 20.75777 -1.229329
-14.67744 20.77033 -1.200301
-14.61257 20.78157 -1.170671
-14.54807 20.79151 -1.140486
-14.48396 20.80019 -1.109793
-14.42019 20.80765 -1.078639
-14.35678 20.81392 -1.04707
-14.2937 20.81905 -1.015134
-14.23094 20.82306 -0.9828779
-14.16849 20.826 -0.9503483
-14.10634 20.82789 -0.9175925
-14.04448 20.82877 -0.8846571
-13.98289 20.82869 -0.8515894
-13.92156 20.82766 -0.8184363
-13.86048 20.82574 -0.7852447
-13.79964 20.82295 -0.7520617
-13.73902 20.81933 -0.7189341
-13.67862 20.81492 -0.685909
-13.61842 20.80975 -0.6530334
-13.55841 20.80386 -0.6203541
-13.49857 20.79728 -0.5879183
-13.4389 20.79005 -0.5557728
-13.37938 20.7822 -0.5239646
-13.32 20.77378 -0.4925408
-13.26075 20.76481 -0.4615483
-13.20161 20.75533 -0.431034
-13.14258 20.74538 -0.4010449
-13.08364 20.73499 -0.3716281
-13.02478 20.72421 -0.3428304
-12.96599 20.71305 -0.314699
-12.90725 20.70156 -0.2872806
-12.84856 20.68978 -0.2606224
-12.7899 20.67774 -0.2347712
-12.73125 20.66548 -0.209774
-12.67261 20.65303 -0.1856779
-12.61397 20.64043 -0.1625298
-12.55531 20.6277 -0.1403767
-12.49662 20.6149 -0.1192656
-12.43789 20.60206 -0.09924331
-12.37911 20.5892 -0.08035698
-12.32026 20.57637 -0.0626535
-12.26133 20.5636 -0.04617988
-12.20231 20.55093 -0.03098307
-12.14319 20.53839 -0.01711006
-12.08396 20.52601 -0.004607822
-12.0246 20.51385 0.006476675
-11.9651 20.50192 0.01609645
-11.90544 20.49027 0.02420454
-11.84563 20.47892 0.03075397
-11.78564 20.46793 0.03569775
-11.72546 20.45731 0.03898892
-11.68997 20.45126 0.04013406
-11.6283 20.44212 0.04127292
-11.56413 20.43494 0.04179452
-11.49757 20.42962 0.04168002
-11.42871 20.42604 0.04091064
-11.35766 20.42411 0.03946757
-11.28451 20.4237 0.03733198
-11.20937 20.42473 0.0344851
-11.13234 20.42707 0.03090809
-11.05351 20.43062 0.02658217
-10.97298 20.43528 0.02148851
-10.89086 20.44094 0.01560831
-10.80724 20.44748 0.008922776
-10.72222 20.4548 0.001413081
-10.63591 20.4628 -0.006939565
-10.5484 20.47137 -0.01615398
-10.4598 20.48039 -0.02624897
-10.3702 20.48977 -0.03724334
-10.2797 20.49939 -0.04915588
-10.1884 20.50916 -0.06200541
-10.09641 20.51895 -0.07581073
-10.00382 20.52866 -0.09059067
-9.910727 20.53819 -0.106364
-9.817238 20.54742 -0.1231496
-9.723451 20.55626 -0.1409661
-9.629465 20.56459 -0.1598326
-9.53538 20.57231 -0.1797676
-9.441296 20.57931 -0.2007902
-9.347313 20.58547 -0.2229189
-9.25353 20.59071 -0.2461727
-9.160048 20.59489 -0.2705704
-9.066965 20.59793 -0.2961308
-8.974381 20.59971 -0.3228726
-8.882398 20.60012 -0.3508148
-8.791114 20.59906 -0.379976
-8.700629 20.59642 -0.4103751
-8.611043 20.5921 -0.4420309
-8.522455 20.58597 -0.4749623
-8.434967 20.57795 -0.509188
-8.348677 20.56791 -0.5447267
-8.263684 20.55576 -0.5815974
-8.180089 20.54139 -0.6198189
-8.097993 20.52468 -0.65941
-8.017493 20.50553 -0.7003893
-7.938691 20.48384 -0.7427759
-7.861686 20.45949 -0.7865884
-7.786577 20.43238 -0.8318457
-7.713466 20.40241 -0.8785666
-7.64245 20.36946 -0.9267699
-7.573631 20.33342 -0.9764743
-7.507108 20.29419 -1.027699
-7.442981 20.25167 -1.080462
-7.381349 20.20574 -1.134783
-7.322312 20.1563 -1.19068
-7.265971 20.10323 -1.248173
-7.212424 20.04644 -1.307279
-7.161773 19.98582 -1.368019
-7.114116 19.92125 -1.43041
-7.069552 19.85264 -1.494472
-7.028183 19.77986 -1.560222
-6.990108 19.70282 -1.627681
-6.955427 19.62142 -1.696867
-6.924239 19.53553 -1.767799
-6.896644 19.44505 -1.840494
-6.872743 19.34988 -1.914974
-6.852633 19.24991 -1.991255
-6.836418 19.14504 -2.069357
-6.824193 19.03514 -2.149299
-6.816062 18.92013 -2.2311
-6.812122 18.79988 -2.314778
-6.812474 18.6743 -2.400352
-6.814726 18.59788 -2.451587
-6.822519 18.46908 -2.53612
-6.835554 18.34565 -2.614508
-6.853707 18.22748 -2.686912
-6.876856 18.11449 -2.753491
-6.904878 18.00656 -2.814407
-6.937652 17.90362 -2.869819
-6.975054 17.80554 -2.919887
-7.016962 17.71225 -2.964772
-7.063253 17.62364 -3.004634
-7.113807 17.53961 -3.039632
-7.168498 17.46007 -3.069927
-7.227205 17.38492 -3.095679
-7.289807 17.31406 -3.117049
-7.356179 17.24739 -3.134196
-7.4262 17.18482 -3.147281
-7.499747 17.12625 -3.156464
-7.576698 17.07158 -3.161905
-7.65693 17.02071 -3.163763
-7.740321 16.97355 -3.1622
-7.826748 16.92999 -3.157376
-7.916089 16.88995 -3.14945
-8.008221 16.85332 -3.138583
-8.103021 16.82001 -3.124935
-8.200367 16.78992 -3.108666
-8.300137 16.76294 -3.089936
-8.402208 16.73899 -3.068906
-8.506459 16.71796 -3.045736
-8.612765 16.69976 -3.020585
-8.721005 16.6843 -2.993613
-8.831058 16.67146 -2.964983
-8.942798 16.66116 -2.934852
-9.056105 16.6533 -2.903382
-9.170856 16.64777 -2.870732
-9.286926 16.64449 -2.837063
-9.404198 16.64336 -2.802535
-9.522544 16.64427 -2.767308
-9.641845 16.64713 -2.731542
-9.761977 16.65184 -2.695398
-9.882818 16.65831 -2.659035
-10.00424 16.66643 -2.622614
-10.12614 16.67612 -2.586294
-10.24837 16.68726 -2.550237
-10.37082 16.69977 -2.514602
-10.49337 16.71355 -2.479549
-10.61589 16.72849 -2.445239
-10.73826 16.74451 -2.411831
-10.86036 16.7615 -2.379487
-10.98207 16.77937 -2.348365
-11.10326 16.79802 -2.318627
-11.22382 16.81734 -2.290431
-11.34361 16.83725 -2.263939
-11.46252 16.85765 -2.239311
-11.58042 16.87844 -2.216707
-11.6972 16.89951 -2.196287
-11.81272 16.92078 -2.17821
-11.92687 16.94215 -2.162638
-12.03953 16.96351 -2.149731
-12.15056 16.98478 -2.139648
-12.25986 17.00584 -2.13255
-12.36729 17.02662 -2.128597
-12.47273 17.047 -2.127949
-12.57607 17.06689 -2.130766
-12.67717 17.08619 -2.137209
-12.77593 17.10481 -2.147437
-12.8722 17.12265 -2.161611
-12.96588 17.13961 -2.179891
-13.05684 17.15559 -2.202437
-13.14495 17.17049 -2.229409
-13.2301 17.18422 -2.260968
-13.31216 17.19668 -2.297273
-13.35894 17.20338 -2.320913
-13.43751 17.21327 -2.361905
-13.51608 17.22103 -2.401607
-13.59462 17.22669 -2.44005
-13.6731 17.23029 -2.477263
-13.75148 17.23187 -2.513277
-13.82975 17.23148 -2.548119
-13.90786 17.22915 -2.581822
-13.9858 17.22492 -2.614413
-14.06352 17.21883 -2.645923
-14.14101 17.21093 -2.676381
-14.21823 17.20125 -2.705817
-14.29514 17.18983 -2.734262
-14.37173 17.17672 -2.761744
-14.44797 17.16194 -2.788293
-14.52381 17.14555 -2.813939
-14.59924 17.12758 -2.838711
-14.67422 17.10807 -2.86264
-14.74873 17.08706 -2.885755
-14.82272 17.06459 -2.908086
-14.89619 17.04071 -2.929662
-14.96909 17.01544 -2.950512
-15.04139 16.98884 -2.970668
-15.11307 16.96093 -2.990159
-15.1841 16.93177 -3.009013
-15.25444 16.90138 -3.027262
-15.32407 16.86982 -3.044934
-15.39295 16.83712 -3.062059
-15.46107 16.80331 -3.078667
-15.52838 16.76845 -3.094788
-15.59486 16.73257 -3.110452
-15.66048 16.6957 -3.125687
-15.7252 16.6579 -3.140525
-15.78901 16.61919 -3.154993
-15.85187 16.57962 -3.169123
-15.91375 16.53924 -3.182944
-15.97461 16.49807 -3.196485
-16.03444 16.45616 -3.209777
-16.0932 16.41354 -3.222848
-16.15087 16.37027 -3.235729
-16.2074 16.32637 -3.24845
-16.26278 16.2819 -3.26104
-16.31697 16.23688 -3.273528
-16.36994 16.19136 -3.285945
-16.42167 16.14537 -3.29832
-16.47212 16.09896 -3.310683
-16.52127 16.05218 -3.323063
-16.56907 16.00504 -3.335491
-16.61552 15.95761 -3.347995
-16.66057 15.90991 -3.360606
-16.7042 15.86199 -3.373354
-16.74637 15.81389 -3.386267
-16.78706 15.76564 -3.399377
-16.82624 15.71729 -3.412711
-16.86387 15.66887 -3.426301
-16.89994 15.62043 -3.440176
-16.9344 15.57201 -3.454365
-16.96723 15.52364 -3.468899
-16.9984 15.47537 -3.483806
-17.02788 15.42724 -3.499117
-17.05563 15.37928 -3.514861
-17.08164 15.33153 -3.531069
-17.10587 15.28404 -3.547768
-17.12829 15.23685 -3.564991
-17.14887 15.18999 -3.582765
-17.16758 15.1435 -3.601121
-17.1844 15.09743 -3.62009
-17.19929 15.05181 -3.639698
-17.21222 15.00669 -3.659978
-17.22316 14.9621 -3.680959
-17.23209 14.91809 -3.70267
-17.23639 14.89248 -3.715795
-17.24197 14.84973 -3.737978
-17.24535 14.80816 -3.759461
-17.24655 14.76774 -3.780253
-17.24564 14.72843 -3.800365
-17.24263 14.69023 -3.819809
-17.23758 14.6531 -3.838596
-17.23053 14.61701 -3.856736
-17.22151 14.58194 -3.874242
-17.21057 14.54787 -3.891123
-17.19774 14.51476 -3.90739
-17.18308 14.4826 -3.923055
-17.16661 14.45135 -3.938129
-17.14838 14.42099 -3.952622
-17.12843 14.39149 -3.966547
-17.1068 14.36284 -3.979913
-17.08353 14.33499 -3.992732
-17.05866 14.30793 -4.005015
-17.03223 14.28163 -4.016772
-17.00429 14.25607 -4.028016
-16.97487 14.23121 -4.038756
-16.94401 14.20703 -4.049005
-16.91176 14.18351 -4.058772
-16.87815 14.16062 -4.068068
-16.84324 14.13833 -4.076906
-16.80704 14.11662 -4.085296
-16.76961 14.09547 -4.093249
-16.73099 14.07484 -4.100775
-16.69122 14.05471 -4.107886
-16.65033 14.03505 -4.114594
-16.60838 14.01585 -4.120909
-16.56539 13.99706 -4.126841
-16.52142 13.97867 -4.132403
-16.47649 13.96066 -4.137604
-16.43066 13.94298 -4.142457
-16.38396 13.92563 -4.146971
-16.33643 13.90856 -4.151159
-16.28812 13.89177 -4.155031
-16.23906 13.87521 -4.158598
-16.1893 13.85887 -4.161871
-16.13887 13.84272 -4.164861
-16.08781 13.82673 -4.167579
-16.03618 13.81088 -4.170037
-15.984 13.79514 -4.172245
-15.93131 13.77948 -4.174213
-15.87817 13.76388 -4.175954
-15.8246 13.74832 -4.177479
-15.77066 13.73276 -4.178797
-15.71637 13.71719 -4.179921
-15.66179 13.70156 -4.180861
-15.60695 13.68587 -4.181628
-15.55188 13.67008 -4.182234
-15.49664 13.65417 -4.182689
-15.44127 13.63811 -4.183003
-15.3858 13.62187 -4.18319
-15.33027 13.60543 -4.183259
-15.27473 13.58877 -4.183221
-15.21921 13.57186 -4.183088
-15.16376 13.55466 -4.18287
-15.10842 13.53716 -4.182578
-15.05322 13.51933 -4.182224
-14.99821 13.50115 -4.181818
-14.94343 13.48258 -4.181372
-14.88892 13.4636 -4.180896
-14.83472 13.44419 -4.180402
-14.78087 13.42432 -4.1799
-14.72741 13.40396 -4.179401
-14.67438 13.38309 -4.178917
-14.62183 13.36168 -4.178459
-14.56979 13.33971 -4.178037
-14.5183 13.31714 -4.177663
-14.48828 13.30358 -4.177469
-14.43819 13.28096 -4.177837
-14.38955 13.25955 -4.179543
-14.34227 13.23932 -4.182565
-14.29628 13.22026 -4.186877
-14.25149 13.20235 -4.192454
-14.20783 13.18557 -4.199272
-14.16522 13.16989 -4.207306
-14.12358 13.1553 -4.216531
-14.08282 13.14177 -4.226923
-14.04287 13.12928 -4.238457
-14.00364 13.11782 -4.251107
-13.96506 13.10737 -4.264851
-13.92704 13.09789 -4.279662
-13.88951 13.08938 -4.295516
-13.85239 13.08181 -4.312389
-13.81559 13.07516 -4.330256
-13.77904 13.06942 -4.349092
-13.74266 13.06455 -4.368872
-13.70635 13.06054 -4.389573
-13.67006 13.05737 -4.411168
-13.63369 13.05502 -4.433633
-13.59716 13.05346 -4.456944
-13.5604 13.05268 -4.481076
-13.52332 13.05266 -4.506004
-13.48585 13.05338 -4.531703
-13.4479 13.05481 -4.558151
-13.4094 13.05694 -4.585319
-13.37026 13.05974 -4.613185
-13.33041 13.06319 -4.641725
-13.28976 13.06728 -4.670912
-13.24823 13.07198 -4.700723
-13.20575 13.07728 -4.731133
-13.16223 13.08314 -4.762116
-13.1176 13.08956 -4.79365
-13.07176 13.0965 -4.825707
-13.02466 13.10396 -4.858265
-12.97619 13.11191 -4.891298
-12.92629 13.12032 -4.924781
-12.87487 13.12918 -4.958691
-12.82186 13.13848 -4.993002
-12.76717 13.14817 -5.027689
-12.71072 13.15826 -5.062729
-12.65243 13.16871 -5.098095
-12.59223 13.17951 -5.133764
-12.53003 13.19063 -5.169711
-12.46575 13.20206 -5.205911
-12.39931 13.21377 -5.242339
-12.33064 13.22574 -5.278971
-12.25965 13.23796 -5.315782
-12.18626 13.2504 -5.352747
-12.11039 13.26304 -5.389843
-12.03197 13.27586 -5.427042
-11.9509 13.28885 -5.464323
-11.86712 13.30197 -5.501659
-11.78054 13.31521 -5.539026
-11.69108 13.32856 -5.576399
-11.59866 13.34198 -5.613753
-11.50321 13.35546 -5.651065
-11.40463 13.36897 -5.688308
-11.30286 13.3825 -5.725459
-11.1978 13.39603 -5.762493
-11.08939 13.40954 -5.799385
-10.97754 13.423 -5.83611
-10.86217 13.43639 -5.872644
-10.7432 13.4497 -5.908962
-10.62055 13.4629 -5.945039
-10.49413 13.47598 -5.980851
-10.36389 13.48891 -6.016373
-10.22972 13.50167 -6.05158
-10.09155 13.51424 -6.086448
-10.00836 13.52154 -6.106791
-9.86836 13.53354 -6.142105
-9.733543 13.54488 -6.179082
-9.603858 13.55555 -6.217697
-9.479249 13.56557 -6.257921
-9.359665 13.57496 -6.299725
-9.245049 13.58371 -6.343081
-9.135351 13.59184 -6.387963
-9.030517 13.59936 -6.434341
-8.93049 13.60628 -6.482189
-8.835218 13.61261 -6.531476
-8.744649 13.61836 -6.582177
-8.658729 13.62354 -6.634263
-8.577403 13.62816 -6.687704
-8.500618 13.63223 -6.742475
-8.428321 13.63575 -6.798546
-8.360456 13.63875 -6.85589
-8.296973 13.64123 -6.914479
-8.237817 13.64319 -6.974284
-8.182933 13.64466 -7.035278
-8.132268 13.64563 -7.097432
-8.08577 13.64613 -7.16072
-8.043384 13.64615 -7.225111
-8.005055 13.64571 -7.29058
-7.970733 13.64483 -7.357097
-7.940361 13.6435 -7.424634
-7.913888 13.64174 -7.493164
-7.891258 13.63956 -7.562658
-7.872418 13.63697 -7.63309
-7.857316 13.63398 -7.704429
-7.845896 13.6306 -7.776649
-7.838107 13.62684 -7.849722
-7.833893 13.62271 -7.923619
-7.833202 13.61822 -7.998312
-7.83598 13.61337 -8.073775
-7.842173 13.60819 -8.149978
-7.851727 13.60268 -8.226892
-7.86459 13.59684 -8.304492
-7.880706 13.5907 -8.382749
-7.900024 13.58425 -8.461633
-7.922488 13.57751 -8.541117
-7.948046 13.5705 -8.621175
-7.976645 13.56321 -8.701776
-8.008228 13.55566 -8.782894
-8.042746 13.54786 -8.864501
-8.080142 13.53983 -8.946568
-8.120363 13.53156 -9.029067
-8.163357 13.52306 -9.11197
-8.209068 13.51436 -9.195251
-8.257444 13.50546 -9.278878
-8.308431 13.49637 -9.362826
-8.361976 13.4871 -9.447067
-8.418023 13.47766 -9.531573
-8.476521 13.46805 -9.616314
-8.537416 13.4583 -9.701264
-8.600655 13.4484 -9.786394
-8.666182 13.43838 -9.871676
-8.733945 13.42823 -9.957083
-8.803889 13.41797 -10.04259
-8.875962 13.40762 -10.12816
-8.95011 13.39717 -10.21377
-9.026279 13.38664 -10.29939
-9.104417 13.37604 -10.385
-9.184468 13.36538 -10.47056
-9.266379 13.35467 -10.55606
-9.350098 13.34392 -10.64145
-9.43557 13.33314 -10.72671
-9.522739 13.32234 -10.81182
-9.611557 13.31153 -10.89675
-9.701965 13.30071 -10.98146
-9.793913 13.28991 -11.06593
-9.848702 13.28356 -11.1155
-9.941884 13.27266 -11.19823
-10.03431 13.26155 -11.27811
-10.12598 13.25021 -11.35521
-10.21692 13.23865 -11.42962
-10.30713 13.22688 -11.5014
-10.39662 13.21491 -11.57064
-10.4854 13.20273 -11.63741
-10.57348 13.19036 -11.70178
-10.66088 13.17778 -11.76384
-10.7476 13.16502 -11.82366
-10.83365 13.15207 -11.88132
-10.91904 13.13893 -11.93689
-11.00379 13.12562 -11.99045
-11.0879 13.11213 -12.04208
-11.17139 13.09847 -12.09185
-11.25426 13.08464 -12.13984
-11.33652 13.07065 -12.18612
-11.41818 13.0565 -12.23078
-11.49926 13.0422 -12.27389
-11.57976 13.02775 -12.31552
-11.6597 13.01315 -12.35575
-11.73908 12.9984 -12.39467
-11.81791 12.98352 -12.43234
-11.89621 12.9685 -12.46883
-11.97399 12.95335 -12.50424
-12.05125 12.93808 -12.53863
-12.128 12.92268 -12.57209
-12.20426 12.90716 -12.60468
-12.28003 12.89153 -12.63648
-12.35533 12.87579 -12.66758
-12.43016 12.85995 -12.69804
-12.50454 12.844 -12.72794
-12.57848 12.82795 -12.75737
-12.65198 12.81181 -12.78639
-12.72506 12.79558 -12.81509
-12.79772 12.77926 -12.84353
-12.86998 12.76286 -12.8718
-12.94184 12.74638 -12.89997
-13.01333 12.72983 -12.92813
-13.08443 12.71321 -12.95633
-13.15518 12.69652 -12.98467
-13.22557 12.67978 -13.01322
-13.29562 12.66297 -13.04205
-13.36534 12.64611 -13.07125
-13.43473 12.6292 -13.10088
-13.50381 12.61224 -13.13103
-13.57259 12.59525 -13.16177
-13.64107 12.57821 -13.19317
-13.70928 12.56114 -13.22532
-13.77721 12.54405 -13.25829
-13.84488 12.52693 -13.29216
-13.9123 12.50978 -13.327
-13.97947 12.49262 -13.36289
-14.04642 12.47545 -13.39991
-14.11314 12.45826 -13.43813
-14.17965 12.44107 -13.47763
-14.24596 12.42389 -13.51849
-14.31208 12.4067 -13.56077
-14.37802 12.38952 -13.60457
-14.44379 12.37235 -13.64996
-14.50939 12.3552 -13.697
-14.57485 12.33807 -13.74578
-14.64017 12.32096 -13.79638
-14.70535 12.30387 -13.84887
-14.77042 12.28682 -13.90333
-14.83537 12.2698 -13.95984
-14.90023 12.25283 -14.01846
-14.965 12.2359 -14.07928
-15.02968 12.21901 -14.14238
-15.0943 12.20218 -14.20782
-15.13229 12.1923 -14.24745
-15.19537 12.17622 -14.31553
-15.25553 12.16149 -14.38358
-15.31278 12.14811 -14.45156
-15.36715 12.13604 -14.51945
-15.41867 12.12526 -14.58721
-15.46736 12.11575 -14.65483
-15.51323 12.10748 -14.72227
-15.55632 12.10044 -14.7895
-15.59664 12.09458 -14.8565
-15.63422 12.0899 -14.92323
-15.66908 12.08638 -14.98967
-15.70124 12.08397 -15.05579
-15.73073 12.08267 -15.12157
-15.75758 12.08244 -15.18696
-15.78179 12.08327 -15.25195
-15.80341 12.08513 -15.31651
-15.82244 12.08799 -15.38061
-15.83892 12.09184 -15.44421
-15.85286 12.09665 -15.50729
-15.86428 12.10239 -15.56983
-15.87322 12.10905 -15.63179
-15.8797 12.11659 -15.69315
-15.88373 12.125 -15.75387
-15.88535 12.13424 -15.81393
-15.88456 12.14431 -15.8733
-15.8814 12.15517 -15.93196
-15.8759 12.1668 -15.98986
-15.86806 12.17917 -16.047
-15.85792 12.19227 -16.10332
-15.8455 12.20606 -16.15882
-15.83082 12.22053 -16.21345
-15.81391 12.23565 -16.2672
-15.79478 12.2514 -16.32003
-15.77346 12.26776 -16.37191
-15.74998 12.28469 -16.42282
-15.72435 12.30218 -16.47273
-15.69661 12.3202 -16.5216
-15.66676 12.33873 -16.56942
-15.63484 12.35775 -16.61614
-15.60087 12.37722 -16.66175
-15.56488 12.39714 -16.70622
-15.52687 12.41747 -16.74951
-15.48689 12.43819 -16.7916
-15.44494 12.45928 -16.83247
-15.40106 12.48071 -16.87207
-15.35527 12.50246 -16.91038
-15.30758 12.52451 -16.94738
-15.25803 12.54682 -16.98304
-15.20663 12.56939 -17.01732
-15.15341 12.59218 -17.0502
-15.0984 12.61517 -17.08166
-15.04161 12.63834 -17.11165
-14.98306 12.66166 -17.14016
-14.92279 12.68512 -17.16716
-14.86081 12.70868 -17.19261
-14.79715 12.73232 -17.21649
-14.73183 12.75602 -17.23877
-14.66487 12.77975 -17.25942
-14.59629 12.8035 -17.27842
-14.52613 12.82724 -17.29573
-14.45439 12.85093 -17.31132
-14.38112 12.87457 -17.32518
-14.30631 12.89813 -17.33726
-14.23001 12.92158 -17.34755
-14.15224 12.9449 -17.356
-14.07301 12.96806 -17.3626
-13.99235 12.99104 -17.36732
-13.91028 13.01383 -17.37013
-13.82683 13.03639 -17.37099
-13.74202 13.0587 -17.36988
-13.6915 13.07169 -17.3683
-13.60424 13.09324 -17.36428
-13.51504 13.11389 -17.35881
-13.42401 13.13369 -17.35197
-13.33125 13.15267 -17.34383
-13.23687 13.17088 -17.33445
-13.14098 13.18836 -17.32389
-13.04367 13.20516 -17.31223
-12.94505 13.22131 -17.29954
-12.84522 13.23687 -17.28587
-12.74428 13.25186 -17.27131
-12.64234 13.26634 -17.25591
-12.53951 13.28035 -17.23974
-12.43588 13.29392 -17.22287
-12.33156 13.30711 -17.20538
-12.22665 13.31995 -17.18731
-12.12126 13.33248 -17.16875
-12.01549 13.34476 -17.14976
-11.90944 13.35682 -17.13041
-11.80321 13.3687 -17.11076
-11.69692 13.38045 -17.09089
-11.59066 13.3921 -17.07085
-11.48453 13.40371 -17.05073
-11.37865 13.41531 -17.03057
-11.27311 13.42695 -17.01046
-11.16801 13.43867 -16.99047
-11.06347 13.45051 -16.97064
-10.95958 13.46251 -16.95107
-10.85644 13.47472 -16.9318
-10.75417 13.48718 -16.91291
-10.65286 13.49993 -16.89447
-10.55262 13.51301 -16.87654
-10.45355 13.52647 -16.8592
-10.35575 13.54035 -16.84251
-10.25933 13.55469 -16.82653
-10.1644 13.56953 -16.81133
-10.07104 13.58492 -16.79699
-9.979376 13.6009 -16.78357
-9.889503 13.61751 -16.77113
-9.801523 13.63479 -16.75974
-9.715542 13.65279 -16.74948
-9.631663 13.67155 -16.7404
-9.54999 13.6911 -16.73258
-9.470625 13.71151 -16.72609
-9.393671 13.73279 -16.72098
-9.319234 13.75501 -16.71734
-9.247416 13.7782 -16.71522
-9.178319 13.8024 -16.71469
-9.112049 13.82766 -16.71582
-9.048708 13.85401 -16.71868
-8.9884 13.88151 -16.72334
-8.931227 13.91019 -16.72986
-8.877295 13.94009 -16.73831
-8.826705 13.97127 -16.74875
-8.779562 14.00375 -16.76126
-8.735969 14.03759 -16.77591
-8.696029 14.07282 -16.79275
-8.659846 14.1095 -16.81186
-8.627522 14.14765 -16.83331
-8.599164 14.18732 -16.85715
-8.574872 14.22856 -16.88347
-8.55475 14.27141 -16.91233
-8.538902 14.31592 -16.94379
-8.527431 14.36211 -16.97792
-8.520442 14.41004 -17.01479
-8.518037 14.45975 -17.05446
-8.52032 14.51127 -17.09702
-8.527393 14.56466 -17.14251
-8.539362 14.61996 -17.19101
-8.556329 14.67721 -17.24259
-8.578397 14.73644 -17.29731
-8.593803 14.77223 -17.331
-8.621071 14.83288 -17.38914
-8.647438 14.89192 -17.44714
-8.672947 14.94939 -17.50498
-8.697642 15.00531 -17.56265
-8.721568 15.05971 -17.62015
-8.744765 15.1126 -17.67747
-8.76728 15.16403 -17.73461
-8.789154 15.214 -17.79154
-8.810431 15.26254 -17.84827
-8.831159 15.30968 -17.90479
-8.851374 15.35545 -17.96109
-8.871124 15.39986 -18.01716
-8.890453 15.44294 -18.073
-8.909403 15.48472 -18.12859
-8.928019 15.52522 -18.18393
-8.946342 15.56447 -18.23901
-8.964417 15.60248 -18.29382
-8.982287 15.63929 -18.34836
-8.999997 15.67491 -18.40261
-9.01759 15.70938 -18.45658
-9.03511 15.74272 -18.51024
-9.052598 15.77494 -18.5636
-9.0701 15.80609 -18.61664
-9.087659 15.83617 -18.66936
-9.105317 15.86522 -18.72175
-9.123121 15.89326 -18.7738
-9.141111 15.92031 -18.8255
-9.159332 15.9464 -18.87685
-9.177829 15.97155 -18.92784
-9.196643 15.99579 -18.97846
-9.215818 16.01915 -19.0287
-9.235399 16.04164 -19.07855
-9.255429 16.06329 -19.12802
-9.27595 16.08412 -19.17707
-9.297009 16.10417 -19.22572
-9.318645 16.12344 -19.27396
-9.340906 16.14198 -19.32176
-9.363832 16.1598 -19.36914
-9.387468 16.17693 -19.41607
-9.411858 16.19339 -19.46256
-9.437045 16.20921 -19.50858
-9.463073 16.22441 -19.55415
-9.489984 16.23901 -19.59924
-9.517823 16.25304 -19.64385
-9.546634 16.26653 -19.68797
-9.576459 16.2795 -19.7316
-9.607343 16.29197 -19.77472
-9.639328 16.30397 -19.81733
-9.672459 16.31552 -19.85942
-9.706779 16.32664 -19.90098
-9.742331 16.33737 -19.94201
-9.779159 16.34772 -19.98249
-9.817307 16.35773 -20.02242
-9.856817 16.36741 -20.06179
-9.897735 16.37678 -20.1006
-9.940103 16.38589 -20.13883
-9.983964 16.39474 -20.17647
-10.02936 16.40335 -20.21353
-10.07634 16.41178 -20.24999
-10.12495 16.42002 -20.28584
-10.17522 16.4281 -20.32108
-10.2272 16.43606 -20.35569
-10.28094 16.44391 -20.38967
-10.33648 16.45168 -20.42302
-10.39385 16.45939 -20.45572
-10.45312 16.46707 -20.48776
-10.51431 16.47475 -20.51915
-10.57748 16.48244 -20.54986
-10.64266 16.49017 -20.5799
-10.7099 16.49797 -20.60925
-10.75044 16.5026 -20.62619
-10.82106 16.51126 -20.6545
-10.8938 16.52142 -20.68226
-10.96859 16.53301 -20.70946
-11.04537 16.54598 -20.73612
-11.12407 16.56027 -20.76225
-11.2046 16.57581 -20.78784
-11.28691 16.59255 -20.81292
-11.37091 16.61044 -20.83748
-11.45655 16.62941 -20.86154
-11.54375 16.6494 -20.8851
-11.63243 16.67036 -20.90818
-11.72254 16.69223 -20.93077
-11.81399 16.71495 -20.95289
-11.90672 16.73846 -20.97455
-12.00066 16.7627 -20.99575
-12.09573 16.78762 -21.0165
-12.19187 16.81315 -21.03681
-12.289 16.83924 -21.05669
-12.38706 16.86583 -21.07614
-12.48597 16.89286 -21.09517
-12.58566 16.92027 -21.1138
-12.68607 16.94801 -21.13202
-12.78712 16.976 -21.14985
-12.88874 17.00421 -21.1673
-12.99086 17.03256 -21.18436
-13.09341 17.06101 -21.20105
-13.19632 17.08948 -21.21739
-13.29952 17.11793 -21.23336
-13.40294 17.14629 -21.24899
-13.5065 17.1745 -21.26429
-13.61015 17.20252 -21.27925
-13.71379 17.23027 -21.29389
-13.81738 17.2577 -21.30821
-13.92083 17.28476 -21.32223
-14.02408 17.31137 -21.33595
-14.12705 17.33749 -21.34937
-14.22967 17.36306 -21.36252
-14.33187 17.38802 -21.37539
-14.43359 17.4123 -21.38799
-14.53475 17.43586 -21.40032
-14.63528 17.45863 -21.41241
-14.73511 17.48055 -21.42426
-14.83418 17.50157 -21.43587
-14.93239 17.52162 -21.44724
-15.0297 17.54066 -21.4584
-15.12603 17.55861 -21.46935
-15.22131 17.57542 -21.48009
-15.31546 17.59104 -21.49063
-15.40842 17.6054 -21.50099
-15.50011 17.61845 -21.51117
-15.59047 17.63013 -21.52117
-15.67942 17.64037 -21.531
-15.7669 17.64913 -21.54068
-15.85283 17.65634 -21.55021
-15.93714 17.66194 -21.5596
-16.01977 17.66588 -21.56886
-16.10063 17.66809 -21.57799
-16.17967 17.66853 -21.587
-16.25681 17.66712 -21.5959
-16.33198 17.66381 -21.6047
-16.40511 17.65855 -21.6134
-16.47612 17.65127 -21.62202
-16.54495 17.64192 -21.63056
-16.61153 17.63044 -21.63903
-16.67579 17.61676 -21.64743
-16.73765 17.60083 -21.65578
-16.79705 17.5826 -21.66409
-16.85392 17.562 -21.67235
-16.90817 17.53897 -21.68059
-16.95975 17.51347 -21.6888
-16.98882 17.49728 -21.69362
-17.04066 17.469 -21.70149
-17.09888 17.44068 -21.70871
-17.16326 17.41232 -21.71528
-17.23363 17.38388 -21.72121
-17.30978 17.35536 -21.72651
-17.39152 17.32674 -21.73118
-17.47865 17.29799 -21.73523
-17.57097 17.2691 -21.73866
-17.6683 17.24004 -21.74147
-17.77043 17.21081 -21.74368
-17.87717 17.18138 -21.74529
-17.98832 17.15173 -21.74629
-18.10369 17.12184 -21.74671
-18.22308 17.0917 -21.74654
-18.3463 17.06129 -21.74578
-18.47314 17.03058 -21.74446
-18.60342 16.99956 -21.74256
-18.73694 16.96822 -21.74009
-18.8735 16.93653 -21.73707
-19.01291 16.90446 -21.73349
-19.15497 16.87202 -21.72936
-19.29949 16.83917 -21.72469
-19.44626 16.8059 -21.71947
-19.5951 16.77219 -21.71372
-19.7458 16.73802 -21.70745
-19.89818 16.70337 -21.70065
-20.05203 16.66823 -21.69333
-20.20717 16.63257 -21.6855
-20.36339 16.59637 -21.67716
-20.5205 16.55962 -21.66832
-20.6783 16.5223 -21.65899
-20.8366 16.48439 -21.64915
-20.9952 16.44588 -21.63884
-21.15391 16.40673 -21.62804
-21.31253 16.36694 -21.61677
-21.47086 16.32649 -21.60502
-21.62871 16.28535 -21.59282
-21.78588 16.24351 -21.58014
-21.94218 16.20095 -21.56702
-22.09742 16.15765 -21.55345
-22.25138 16.11359 -21.53943
-22.40389 16.06876 -21.52497
-22.55474 16.02313 -21.51008
-22.70375 15.97669 -21.49476
-22.8507 15.92942 -21.47901
-22.99541 15.8813 -21.46285
-23.13768 15.8323 -21.44628
-23.27732 15.78242 -21.42929
-23.41412 15.73164 -21.41191
-23.5479 15.67992 -21.39413
-23.67846 15.62726 -21.37596
-23.8056 15.57365 -21.3574
-23.92913 15.51905 -21.33846
-24.04884 15.46345 -21.31914
-24.16456 15.40683 -21.29945
-24.27607 15.34917 -21.2794
-24.38318 15.29046 -21.25899
-24.4857 15.23068 -21.23822
-24.58344 15.1698 -21.2171
-24.67619 15.10781 -21.19564
-24.76376 15.04469 -21.17384
-24.84595 14.98042 -21.15171
-24.92258 14.91498 -21.12924
-24.99343 14.84836 -21.10646
-25.05833 14.78053 -21.08335
-25.11706 14.71149 -21.05994
-25.16945 14.64119 -21.03621
-25.21527 14.56964 -21.01219
-25.25436 14.49681 -20.98787
-25.2865 14.42268 -20.96325
-25.30209 14.37846 -20.94864
-25.32629 14.3029 -20.92305
-25.35013 14.22735 -20.89614
-25.37362 14.15183 -20.86795
-25.39674 14.07636 -20.8385
-25.41951 14.00095 -20.80781
-25.44191 13.92563 -20.77591
-25.46395 13.85041 -20.74282
-25.48562 13.77531 -20.70857
-25.50693 13.70034 -20.67318
-25.52786 13.62553 -20.63668
-25.54843 13.55089 -20.59909
-25.56862 13.47644 -20.56045
-25.58844 13.4022 -20.52076
-25.60789 13.32818 -20.48006
-25.62696 13.2544 -20.43838
-25.64564 13.18088 -20.39573
-25.66395 13.10764 -20.35215
-25.68187 13.03469 -20.30766
-25.69941 12.96206 -20.26227
-25.71656 12.88975 -20.21603
-25.73333 12.81779 -20.16895
-25.7497 12.7462 -20.12106
-25.76569 12.675 -20.07238
-25.78128 12.60419 -20.02295
-25.79648 12.5338 -19.97277
-25.81128 12.46385 -19.92188
-25.82569 12.39435 -19.87031
-25.83969 12.32532 -19.81808
-25.85329 12.25678 -19.76521
-25.86649 12.18874 -19.71173
-25.87929 12.12123 -19.65766
-25.89168 12.05427 -19.60303
-25.90366 11.98786 -19.54787
-25.91523 11.92203 -19.49219
-25.92639 11.85679 -19.43603
-25.93714 11.79216 -19.37941
-25.94747 11.72817 -19.32235
-25.95739 11.66482 -19.26488
-25.96688 11.60214 -19.20702
-25.97596 11.54014 -19.14881
-25.98462 11.47884 -19.09026
-25.99285 11.41826 -19.0314
-26.00066 11.35841 -18.97225
-26.00804 11.29932 -18.91284
-26.015 11.241 -18.8532
-26.02152 11.18346 -18.79334
-26.02761 11.12673 -18.7333
-26.03327 11.07083 -18.6731
-26.03849 11.01577 -18.61277
-26.04328 10.96156 -18.55232
-26.04763 10.90824 -18.49179
-26.05154 10.8558 -18.4312
-26.055 10.80428 -18.37057
-26.05803 10.75369 -18.30994
-26.0606 10.70405 -18.24932
-26.06273 10.65537 -18.18873
-26.06441 10.60767 -18.12822
-26.06565 10.56097 -18.06779
-26.06643 10.51529 -18.00748
-26.06675 10.47065 -17.94731
-26.06662 10.42706 -17.8873
-26.06604 10.38454 -17.82748
-26.06499 10.3431 -17.76788
-26.06348 10.30278 -17.70852
-26.06152 10.26357 -17.64942
-26.05908 10.22551 -17.59062
-26.05619 10.18861 -17.53213
-26.05282 10.15288 -17.47398
-26.04899 10.11834 -17.41619
-26.04469 10.08502 -17.3588
-26.04193 10.06599 -17.32523
-26.03664 10.03508 -17.26903
-26.03042 10.00628 -17.21426
-26.02329 9.979539 -17.16088
-26.01528 9.954811 -17.10882
-26.00641 9.932046 -17.05803
-25.99672 9.911194 -17.00845
-25.98623 9.892202 -16.96003
-25.97495 9.875026 -16.91271
-25.96292 9.859612 -16.86644
-25.95016 9.845912 -16.82116
-25.9367 9.833875 -16.77681
-25.92257 9.823453 -16.73334
-25.90778 9.814595 -16.69068
-25.89237 9.807252 -16.64879
-25.87636 9.801374 -16.60761
-25.85977 9.79691 -16.56709
-25.84264 9.793814 -16.52716
-25.82498 9.792033 -16.48777
-25.80682 9.791517 -16.44886
-25.78819 9.792219 -16.41039
-25.76911 9.794086 -16.37228
-25.7496 9.797071 -16.33449
-25.72971 9.801125 -16.29696
-25.70943 9.806194 -16.25963
-25.68882 9.812231 -16.22246
-25.66788 9.819187 -16.18537
-25.64665 9.827011 -16.14832
-25.62515 9.835654 -16.11125
-25.60341 9.845066 -16.0741
-25.58145 9.855198 -16.03682
-25.55929 9.865998 -15.99935
-25.53697 9.877419 -15.96164
-25.5145 9.889409 -15.92362
-25.49192 9.90192 -15.88525
-25.46925 9.914902 -15.84646
-25.44651 9.928305 -15.80721
-25.42373 9.942079 -15.76743
-25.40094 9.956174 -15.72707
-25.37815 9.970541 -15.68607
-25.3554 9.98513 -15.64438
-25.33272 9.999893 -15.60193
-25.31012 10.01478 -15.55869
-25.28763 10.02973 -15.51458
-25.26528 10.04471 -15.46955
-25.2431 10.05967 -15.42355
-25.2211 10.07455 -15.37652
-25.19931 10.0893 -15.3284
-25.17777 10.10388 -15.27914
-25.15649 10.11823 -15.22868
-25.1355 10.1323 -15.17697
-25.11483 10.14606 -15.12394
-25.0945 10.15943 -15.06955
-25.07454 10.17238 -15.01374
-25.05496 10.18486 -14.95645
-25.03581 10.19682 -14.89762
-25.0171 10.2082 -14.83721
-24.99886 10.21896 -14.77514
-24.98111 10.22904 -14.71138
-24.96388 10.23841 -14.64585
-24.9472 10.247 -14.57851
-24.93109 10.25477 -14.50929
-24.91557 10.26167 -14.43815
-24.90067 10.26764 -14.36503
-24.88642 10.27265 -14.28986
-24.87285 10.27663 -14.21261
-24.85997 10.27955 -14.13319
