0.1150794 0.5751913 -0.07453275 0.8064469
0.1142474 0.5753555 -0.07424283 0.8064749
0.1130705 0.5755867 -0.07383262 0.8065133
0.1115585 0.5758826 -0.07330557 0.8065608
0.1097214 0.5762398 -0.07266508 0.8066156
0.1075691 0.5766554 -0.07191448 0.8066757
0.1051111 0.5771261 -0.07105707 0.8067391
0.1023571 0.5776486 -0.07009615 0.8068033
0.09931683 0.5782193 -0.06903497 0.8068661
0.09599983 0.5788346 -0.06787678 0.8069246
0.09241573 0.5794909 -0.06662484 0.8069763
0.08857423 0.5801846 -0.06528242 0.8070184
0.08448504 0.5809118 -0.06385279 0.8070481
0.08015797 0.5816688 -0.06233929 0.8070626
0.07560286 0.5824518 -0.06074522 0.8070589
0.07082974 0.583257 -0.05907399 0.8070346
0.06584872 0.5840806 -0.057329 0.8069865
0.06067003 0.584919 -0.05551372 0.8069121
0.05530401 0.5857684 -0.05363167 0.8068089
0.04976124 0.5866251 -0.05168643 0.8066743
0.04405234 0.5874856 -0.04968163 0.806506
0.03818812 0.5883464 -0.04762096 0.8063017
0.03217957 0.589204 -0.04550817 0.8060596
0.0260378 0.5900553 -0.04334709 0.8057777
0.01977409 0.5908973 -0.04114157 0.8054544
0.0133998 0.5917265 -0.03889554 0.8050883
0.006926463 0.5925406 -0.03661298 0.8046784
0.0003657679 0.5933365 -0.03429795 0.8042235
-0.006270565 0.5941119 -0.03195452 0.803723
-0.01297068 0.5948644 -0.02958681 0.8031767
-0.01972263 0.5955918 -0.02719901 0.8025844
-0.02651441 0.5962924 -0.02479533 0.8019461
-0.03333396 0.5969643 -0.02238 0.8012626
-0.04016928 0.597606 -0.01995727 0.8005344
-0.04700822 0.5982162 -0.01753141 0.7997627
-0.05383874 0.5987938 -0.01510671 0.7989488
-0.06064872 0.599338 -0.01268748 0.7980945
-0.06742623 0.5998481 -0.01027797 0.7972016
-0.07415926 0.6003238 -0.007882483 0.7962723
-0.08083598 0.6007648 -0.005505258 0.7953093
-0.0874446 0.6011713 -0.003150555 0.7943153
-0.09397345 0.6015432 -0.0008225673 0.7932932
-0.100411 0.6018811 0.00147452 0.7922465
-0.1067458 0.6021858 0.003736568 0.7911786
-0.1129667 0.6024581 0.005959471 0.7900932
-0.1190625 0.6026987 0.008139177 0.7889945
-0.1250222 0.602909 0.01027169 0.7878863
-0.1308352 0.6030902 0.01235305 0.786773
-0.1364907 0.6032438 0.01437934 0.7856593
-0.1419784 0.6033715 0.01634674 0.7845495
-0.1472879 0.6034748 0.01825141 0.7834484
-0.1524092 0.6035557 0.02008966 0.7823609
-0.1573323 0.6036159 0.02185774 0.7812917
-0.1620473 0.6036575 0.02355204 0.7802459
-0.1665446 0.6036825 0.02516895 0.7792284
-0.1708145 0.6036928 0.0267049 0.7782443
-0.1748478 0.6036907 0.02815639 0.7772985
-0.1786349 0.603678 0.02951991 0.7763962
-0.1821666 0.603657 0.03079201 0.7755421
-0.1854336 0.6036295 0.03196923 0.7747411
-0.1884268 0.6035976 0.03304815 0.7739982
-0.1911368 0.6035631 0.03402532 0.7733179
-0.1935544 0.6035278 0.03489735 0.772705
-0.1956705 0.6034935 0.03566078 0.7721639
-0.1974755 0.6034616 0.03631215 0.7716988
-0.1989601 0.6034337 0.03684799 0.7713138
-0.2001146 0.6034108 0.03726475 0.771013
-0.2009293 0.6033941 0.03755889 0.7707998
-0.2013943 0.6033844 0.03772679 0.7706779
-0.2015078 0.6033819 0.03776777 0.7706481
0.2013783 -0.6034579 -0.03785383 -0.7706183
0.2009947 -0.6036828 -0.03810874 -0.7705297
0.2003641 -0.6040519 -0.03852764 -0.7703838
0.1994936 -0.6045607 -0.03910569 -0.7701814
0.1983902 -0.6052042 -0.0398381 -0.7699234
0.1970607 -0.6059774 -0.04072006 -0.7696105
0.1955119 -0.6068752 -0.04174681 -0.7692431
0.1937506 -0.6078924 -0.04291358 -0.7688212
0.1917832 -0.6090236 -0.04421561 -0.7683452
0.1896166 -0.6102637 -0.04564814 -0.7678151
0.1872573 -0.611607 -0.04720639 -0.7672309
0.184712 -0.613048 -0.04888558 -0.7665923
0.1819873 -0.6145813 -0.05068091 -0.7658995
0.1790899 -0.6162012 -0.05258752 -0.765152
0.1760264 -0.617902 -0.05460056 -0.7643499
0.1728037 -0.6196782 -0.05671514 -0.7634928
0.1694285 -0.621524 -0.05892633 -0.7625809
0.1659078 -0.6234339 -0.06122916 -0.761614
0.1622484 -0.6254021 -0.06361862 -0.7605921
0.1584577 -0.627423 -0.06608968 -0.7595154
0.1545425 -0.6294911 -0.06863725 -0.7583842
0.1505102 -0.6316007 -0.07125619 -0.7571987
0.1463681 -0.6337463 -0.07394133 -0.7559595
0.1421237 -0.6359226 -0.07668749 -0.7546671
0.1377845 -0.638124 -0.07948941 -0.7533224
0.1333582 -0.6403454 -0.08234182 -0.7519264
0.1288524 -0.6425815 -0.08523941 -0.7504801
0.1242751 -0.6448273 -0.08817689 -0.7489849
0.1196342 -0.6470777 -0.09114888 -0.7474422
0.1149377 -0.6493281 -0.09415004 -0.745854
0.1101936 -0.6515737 -0.097175 -0.7442219
0.1054102 -0.6538097 -0.1002184 -0.7425482
0.1005956 -0.6560321 -0.1032749 -0.7408351
0.09575827 -0.6582364 -0.106339 -0.7390853
0.09090643 -0.6604188 -0.1094055 -0.7373015
0.08604841 -0.6625751 -0.1124691 -0.7354866
0.08119266 -0.6647019 -0.1155244 -0.7336439
0.07634761 -0.6667955 -0.1185663 -0.7317766
0.07152168 -0.6688525 -0.1215894 -0.7298883
0.06672329 -0.6708701 -0.1245886 -0.7279829
0.06196082 -0.6728449 -0.1275589 -0.7260642
0.05724273 -0.6747746 -0.1304951 -0.7241364
0.05257731 -0.6766565 -0.1333922 -0.7222037
0.04797293 -0.6784881 -0.1362453 -0.7202706
0.04343783 -0.6802673 -0.1390496 -0.7183417
0.03898026 -0.6819921 -0.1418003 -0.7164217
0.03460835 -0.6836606 -0.1444926 -0.7145154
0.03033024 -0.6852714 -0.1471219 -0.7126278
0.02615394 -0.6868227 -0.1496836 -0.7107641
0.02208742 -0.6883131 -0.1521732 -0.7089291
0.01813854 -0.6897417 -0.1545863 -0.7071284
0.01431514 -0.691107 -0.1569185 -0.7053671
0.01062494 -0.6924084 -0.1591655 -0.7036505
0.007075616 -0.6936447 -0.1613231 -0.7019842
0.003674768 -0.6948152 -0.1633871 -0.7003734
0.0004298977 -0.6959192 -0.1653534 -0.6988236
-0.002651491 -0.696956 -0.1672179 -0.6973403
-0.005562024 -0.697925 -0.1689764 -0.6959288
-0.008294284 -0.6988254 -0.1706251 -0.6945944
-0.01084099 -0.6996565 -0.17216 -0.6933427
-0.01319485 -0.7004179 -0.1735769 -0.6921789
-0.01534855 -0.7011089 -0.174872 -0.6911083
-0.01729489 -0.7017285 -0.1760413 -0.6901359
-0.01902656 -0.7022759 -0.1770807 -0.689267
-0.02053632 -0.7027503 -0.1779862 -0.6885065
-0.02181689 -0.7031506 -0.1787538 -0.6878594
-0.02286092 -0.7034754 -0.1793792 -0.6873302
-0.02366103 -0.7037235 -0.1798583 -0.6869239
-0.02420985 -0.7038932 -0.1801868 -0.6866447
-0.02449982 -0.7039828 -0.1803603 -0.686497
-0.02454643 -0.7039972 -0.1803882 -0.6864733
-0.02446971 -0.7039399 -0.18029 -0.6865606
-0.02424245 -0.7037698 -0.1799989 -0.6868194
-0.02386897 -0.70349 -0.1795206 -0.6872441
-0.02335356 -0.7031033 -0.1788603 -0.6878295
-0.02270045 -0.702612 -0.1780233 -0.6885701
-0.02191386 -0.7020186 -0.1770148 -0.6894603
-0.020998 -0.7013252 -0.1758402 -0.6904942
-0.01995703 -0.700534 -0.1745043 -0.6916662
-0.01879513 -0.6996469 -0.1730125 -0.6929701
-0.01751647 -0.698666 -0.1713697 -0.6944001
-0.01612521 -0.6975929 -0.1695809 -0.6959501
-0.01462553 -0.6964294 -0.1676514 -0.6976139
-0.01302161 -0.6951776 -0.165586 -0.6993853
-0.01131766 -0.6938389 -0.16339 -0.7012583
-0.009517914 -0.6924153 -0.1610684 -0.7032264
-0.007626613 -0.6909086 -0.1586263 -0.7052835
-0.005648034 -0.6893206 -0.156069 -0.7074234
-0.0035865 -0.6876531 -0.1534017 -0.7096395
-0.001446346 -0.6859084 -0.1506297 -0.7119258
0.0007680424 -0.6840882 -0.1477583 -0.714276
0.003052258 -0.682195 -0.144793 -0.7166838
0.00540183 -0.6802309 -0.1417392 -0.7191432
0.007812275 -0.6781982 -0.1386024 -0.7216478
0.01027908 -0.6760995 -0.1353883 -0.7241918
0.01279765 -0.6739376 -0.1321025 -0.7267691
0.01536341 -0.671715 -0.1287509 -0.7293738
0.01797171 -0.6694349 -0.1253391 -0.7320001
0.02061791 -0.6671002 -0.1218731 -0.7346422
0.02329731 -0.6647143 -0.1183589 -0.7372946
0.0260052 -0.6622806 -0.1148024 -0.7399518
0.02873686 -0.6598025 -0.1112097 -0.7426084
0.03148754 -0.657284 -0.107587 -0.7452593
0.03425249 -0.6547287 -0.1039403 -0.7478994
0.03702694 -0.652141 -0.1002759 -0.7505237
0.03980612 -0.6495249 -0.09660011 -0.7531277
0.04258529 -0.6468849 -0.0929191 -0.7557066
0.0453597 -0.6442254 -0.08923922 -0.7582563
0.0481246 -0.6415513 -0.08556677 -0.7607722
0.05087527 -0.6388672 -0.08190808 -0.7632506
0.053607 -0.6361782 -0.07826947 -0.7656876
0.05631514 -0.6334894 -0.0746573 -0.7680795
0.05899503 -0.6308059 -0.07107788 -0.7704229
0.06164208 -0.6281333 -0.06753752 -0.7727144
0.06425171 -0.6254768 -0.06404252 -0.774951
0.06681938 -0.622842 -0.06059912 -0.7771299
0.06934063 -0.6202345 -0.0572136 -0.7792481
0.07181101 -0.6176602 -0.05389212 -0.7813033
0.07422611 -0.6151246 -0.0506409 -0.7832929
0.0765816 -0.6126337 -0.04746602 -0.7852147
0.07887319 -0.6101934 -0.04437362 -0.7870668
0.08109659 -0.6078096 -0.04136968 -0.7888469
0.08324764 -0.6054883 -0.03846024 -0.7905533
0.08532216 -0.6032355 -0.03565125 -0.7921844
0.08731604 -0.6010572 -0.03294861 -0.7937384
0.0892252 -0.5989594 -0.0303582 -0.7952138
0.0910456 -0.596948 -0.0278858 -0.7966092
0.09277321 -0.5950292 -0.02553724 -0.7979231
0.09440412 -0.593209 -0.02331826 -0.7991541
0.09593431 -0.5914932 -0.02123458 -0.8003009
0.09735987 -0.5898879 -0.01929188 -0.8013621
0.09867688 -0.5883989 -0.01749581 -0.8023363
0.0998814 -0.5870321 -0.01585208 -0.8032221
0.1009695 -0.5857933 -0.01436627 -0.804018
0.1019373 -0.5846882 -0.01304407 -0.8047225
0.1027808 -0.5837225 -0.0118911 -0.805334
0.1034961 -0.5829017 -0.01091301 -0.8058505
0.1040792 -0.5822315 -0.01011547 -0.8062703
0.104526 -0.5817171 -0.00950421 -0.8065912
0.1048324 -0.581364 -0.009084889 -0.8068108
0.1049942 -0.5811773 -0.008863325 -0.8069267
0.1050203 -0.5811473 -0.008827716 -0.8069453
-0.1049772 0.5815501 0.008616579 0.806663
-0.1048493 0.5827437 0.007990365 0.8058242
-0.104638 0.5847068 0.006958705 0.8044379
-0.1043442 0.5874192 0.005529792 0.8025088
-0.1039682 0.590861 0.003710549 0.8000377
-0.1035097 0.5950131 0.00150679 0.7970213
-0.1029682 0.5998566 -0.001076607 0.7934536
-0.1023424 0.6053724 -0.004035529 0.7893251
-0.101631 0.6115412 -0.00736646 0.7846237
-0.1008321 0.6183429 -0.0110663 0.7793347
-0.09994359 0.6257564 -0.01513216 0.7734412
-0.09896317 0.6337592 -0.0195612 0.7669244
-0.09788823 0.6423271 -0.02435038 0.7597638
-0.09671606 0.6514338 -0.02949629 0.7519375
-0.09544387 0.6610505 -0.0349949 0.7434232
-0.0940688 0.6711457 -0.04084133 0.7341978
-0.09258806 0.681685 -0.04702964 0.7242383
-0.09099899 0.6926304 -0.05355254 0.7135226
-0.08929913 0.7039403 -0.0604012 0.7020295
-0.08748633 0.7155694 -0.06756502 0.6897402
-0.08555882 0.7274689 -0.0750314 0.676638
-0.08351541 0.7395856 -0.08278551 0.6627102
-0.08135545 0.7518632 -0.09081022 0.647948
-0.07907905 0.7642416 -0.0990859 0.6323474
-0.07668716 0.7766578 -0.1075904 0.6159107
-0.07418168 0.7890463 -0.116299 0.5986465
-0.07156544 0.8013396 -0.1251844 0.5805706
-0.06884241 0.8134693 -0.1342172 0.5617065
-0.06601768 0.8253671 -0.1433656 0.542086
-0.06309747 0.8369653 -0.1525961 0.5217492
-0.06008915 0.8481987 -0.1618737 0.5007447
-0.05700122 0.8590049 -0.1711623 0.4791294
-0.05384317 0.8693261 -0.1804254 0.4569681
-0.05062546 0.8791098 -0.1896265 0.4343327
-0.04735935 0.8883101 -0.1987294 0.4113014
-0.04405671 0.8968884 -0.2076995 0.3879578
-0.04072995 0.9048137 -0.2165035 0.3643893
-0.03739171 0.9120636 -0.2251104 0.3406864
-0.03405475 0.9186242 -0.2334917 0.3169407
-0.03073173 0.9244904 -0.2416222 0.2932436
-0.027435 0.9296651 -0.2494795 0.2696852
-0.02417651 0.9341593 -0.2570448 0.2463531
-0.02096756 0.9379914 -0.2643029 0.2233307
-0.01781874 0.941186 -0.2712419 0.200697
-0.01473982 0.9437739 -0.2778534 0.1785251
-0.01173971 0.9457902 -0.2841321 0.1568824
-0.008826343 0.9472742 -0.2900758 0.1358297
-0.00600678 0.9482681 -0.295685 0.1154214
-0.003287113 0.9488158 -0.3009624 0.09570491
-0.000672565 0.9489629 -0.3059131 0.07672189
0.001832507 0.9487551 -0.3105435 0.05850722
0.004224502 0.9482383 -0.3148618 0.04109071
0.006500531 0.9474571 -0.3188772 0.02449664
0.008658335 0.9464556 -0.3225995 0.008744807
0.01069618 0.9452758 -0.3260391 -0.006149096
0.01261281 0.9439581 -0.3292068 -0.02017279
0.01440728 0.9425409 -0.3321132 -0.03331662
0.01607901 0.9410602 -0.3347689 -0.04557353
0.01762754 0.9395502 -0.337184 -0.0569376
0.01905258 0.9380421 -0.3393681 -0.06740438
0.02035385 0.9365655 -0.3413304 -0.07696971
0.02153107 0.9351475 -0.343079 -0.08562936
0.02258387 0.9338129 -0.3446213 -0.09337876
0.0235117 0.9325845 -0.3459637 -0.1002123
0.02431381 0.931483 -0.3471113 -0.1061228
0.02498917 0.930527 -0.3480683 -0.1111015
0.02553638 0.9297332 -0.3488375 -0.115137
0.02595369 0.9291162 -0.3494204 -0.1182154
0.0262389 0.9286888 -0.3498169 -0.1203197
0.02638924 0.9284616 -0.3500252 -0.1214291
0.02641338 0.928425 -0.3500587 -0.1216073
0.02651983 0.9284255 -0.3499629 -0.1218559
0.0268352 0.9284263 -0.3496791 -0.1225925
0.02735363 0.9284264 -0.3492119 -0.1238033
0.02806938 0.9284235 -0.3485658 -0.1254747
0.02897683 0.9284148 -0.3477445 -0.1275935
0.03007044 0.9283969 -0.3467518 -0.1301464
0.03134475 0.9283659 -0.3455909 -0.1331205
0.03279432 0.9283174 -0.3442651 -0.1365027
0.03441374 0.9282463 -0.3427771 -0.1402802
0.03619763 0.9281473 -0.3411297 -0.14444
0.03814054 0.9280149 -0.3393255 -0.1489691
0.040237 0.9278433 -0.3373672 -0.1538542
0.0424815 0.9276264 -0.3352572 -0.1590821
0.0448684 0.9273581 -0.3329982 -0.1646393
0.04739201 0.9270319 -0.3305927 -0.1705121
0.05004651 0.9266417 -0.3280434 -0.1766863
0.05282594 0.9261811 -0.3253533 -0.1831479
0.05572422 0.9256442 -0.3225252 -0.189882
0.05873512 0.9250247 -0.3195625 -0.1968738
0.06185226 0.924317 -0.3164685 -0.2041081
0.06506909 0.9235155 -0.3132468 -0.2115692
0.06837894 0.9226152 -0.3099016 -0.219241
0.07177492 0.9216111 -0.306437 -0.2271074
0.07525007 0.920499 -0.3028575 -0.2351517
0.07879721 0.9192752 -0.2991681 -0.2433569
0.08240905 0.9179363 -0.2953742 -0.2517058
0.08607821 0.9164798 -0.2914812 -0.260181
0.08979717 0.9149036 -0.2874951 -0.2687646
0.09355832 0.9132065 -0.2834223 -0.2774391
0.09735398 0.911388 -0.2792696 -0.2861864
0.1011764 0.9094483 -0.2750438 -0.2949884
0.105018 0.9073883 -0.2707525 -0.3038271
0.1088707 0.9052098 -0.2664033 -0.3126845
0.1127271 0.9029157 -0.2620043 -0.3215428
0.1165793 0.9005091 -0.2575637 -0.3303841
0.1204198 0.8979943 -0.2530902 -0.3391912
0.124241 0.8953766 -0.2485926 -0.3479465
0.1280356 0.8926615 -0.2440798 -0.3566334
0.1317963 0.8898559 -0.239561 -0.3652352
0.135516 0.8869669 -0.2350457 -0.373736
0.1391878 0.8840027 -0.2305431 -0.38212
0.1428051 0.880972 -0.226063 -0.3903723
0.1463613 0.877884 -0.2216148 -0.3984784
0.1498502 0.8747485 -0.2172081 -0.4064243
0.1532658 0.871576 -0.2128526 -0.4141965
0.1566023 0.8683772 -0.2085578 -0.4217824
0.1598543 0.8651635 -0.2043331 -0.4291698
0.1630165 0.8619463 -0.200188 -0.4363472
0.1660837 0.8587377 -0.1961318 -0.4433037
0.1690514 0.8555496 -0.1921737 -0.4500288
0.1719149 0.8523943 -0.1883226 -0.4565128
0.17467 0.8492842 -0.1845875 -0.4627464
0.1773125 0.8462319 -0.1809771 -0.4687208
0.1798385 0.8432498 -0.1774999 -0.4744277
0.1822443 0.8403505 -0.1741645 -0.4798592
0.1845263 0.8375463 -0.1709789 -0.4850077
0.186681 0.8348497 -0.1679512 -0.4898658
0.188705 0.8322728 -0.1650896 -0.4944267
0.1905953 0.8298278 -0.1624016 -0.4986834
0.1923483 0.8275263 -0.1598951 -0.502629
0.193961 0.8253801 -0.1575775 -0.506257
0.1954302 0.8234006 -0.1554564 -0.5095605
0.1967527 0.8215987 -0.1535391 -0.5125328
0.197925 0.8199853 -0.1518329 -0.5151665
0.1989438 0.818571 -0.1503453 -0.5174546
0.1998056 0.8173656 -0.1490833 -0.5193894
0.2005065 0.8163791 -0.1480545 -0.5209628
0.2010427 0.8156208 -0.1472659 -0.522166
0.2014099 0.8150995 -0.1467251 -0.52299
0.2016038 0.8148237 -0.1464393 -0.523425
0.201635 0.8147794 -0.1463933 -0.523495
0.2015255 0.8150269 -0.1465747 -0.5231008
0.2012007 0.8157598 -0.1471121 -0.5219312
0.2006648 0.8169627 -0.1479964 -0.5200027
0.199921 0.8186193 -0.149219 -0.5173276
0.1989712 0.8207125 -0.1507717 -0.5139157
0.1978166 0.8232247 -0.152647 -0.5097731
0.1964574 0.8261368 -0.1548375 -0.5049039
0.1948932 0.8294289 -0.157336 -0.4993092
0.1931227 0.8330799 -0.1601355 -0.492989
0.1911443 0.8370672 -0.1632289 -0.4859411
0.1889556 0.8413669 -0.1666089 -0.4781621
0.1865542 0.8459534 -0.1702678 -0.4696481
0.1839373 0.8507993 -0.1741976 -0.4603943
0.1811021 0.8558756 -0.1783895 -0.4503958
0.1780454 0.861151 -0.1828341 -0.4396482
0.1747646 0.8665925 -0.1875213 -0.4281478
0.1712573 0.872165 -0.1924395 -0.4158921
0.1675212 0.8778312 -0.1975766 -0.4028803
0.163555 0.8835521 -0.2029188 -0.3891138
0.1593578 0.8892865 -0.2084513 -0.3745967
0.1549298 0.8949919 -0.2141578 -0.3593363
0.1502723 0.9006243 -0.2200207 -0.3433439
0.1453879 0.9061385 -0.2260208 -0.3266345
0.1402802 0.9114887 -0.2321379 -0.3092279
0.1349548 0.916629 -0.2383502 -0.2911492
0.1294186 0.9215137 -0.2446347 -0.2724284
0.1236806 0.9260983 -0.2509677 -0.2531011
0.1177513 0.9303401 -0.2573244 -0.2332085
0.1116431 0.9341982 -0.2636795 -0.2127974
0.1053702 0.9376353 -0.2700073 -0.19192
0.0989488 0.9406176 -0.2762824 -0.1706334
0.09239642 0.9431158 -0.2824793 -0.1489998
0.08573227 0.9451056 -0.2885737 -0.127085
0.0789769 0.9465683 -0.2945419 -0.1049587
0.07215187 0.9474908 -0.3003618 -0.08269274
0.06527957 0.9478667 -0.3060129 -0.06036086
0.05838303 0.9476956 -0.3114767 -0.03803763
0.0514855 0.9469834 -0.3167366 -0.0157975
0.04461019 0.9457424 -0.3217789 0.006286283
0.03777996 0.9439906 -0.3265919 0.02814244
0.03101709 0.9417517 -0.3311667 0.04970256
0.02434303 0.9390539 -0.3354969 0.07090174
0.01777807 0.9359301 -0.3395786 0.09167931
0.01134138 0.932417 -0.3434103 0.1119792
0.005050542 0.9285539 -0.3469927 0.1317505
-0.001078176 0.9243828 -0.3503287 0.1509472
-0.007030216 0.9199471 -0.3534231 0.1695293
-0.0127925 0.9152911 -0.3562821 0.1874611
-0.01835359 0.9104597 -0.3589135 0.204713
-0.02370347 0.9054976 -0.3613261 0.2212595
-0.02883369 0.9004486 -0.3635298 0.2370803
-0.03373701 0.8953557 -0.3655351 0.2521588
-0.03840752 0.8902606 -0.3673528 0.2664823
-0.04284034 0.8852032 -0.3689944 0.2800416
-0.04703154 0.8802216 -0.3704708 0.2928299
-0.05097806 0.8753522 -0.3717936 0.3048431
-0.05467737 0.8706294 -0.3729735 0.3160786
-0.05812761 0.8660853 -0.3740214 0.3265355
-0.0613272 0.8617505 -0.3749475 0.3362133
-0.06427481 0.8576534 -0.3757615 0.3451125
-0.06696922 0.8538208 -0.3764725 0.3532332
-0.06940906 0.8502776 -0.3770888 0.3605752
-0.07159301 0.8470471 -0.3776182 0.3671376
-0.07351924 0.8441514 -0.3780676 0.3729184
-0.07518566 0.8416111 -0.378443 0.3779137
-0.07658962 0.8394453 -0.3787497 0.3821182
-0.07772782 0.8376723 -0.3789918 0.385524
-0.07859614 0.8363093 -0.3791726 0.3881207
-0.07918977 0.8353722 -0.3792942 0.3898951
-0.07950276 0.8348765 -0.3793577 0.3908304
-0.07955304 0.8347967 -0.3793679 0.3909806
0.07972088 -0.8347139 0.3793293 -0.3911605
0.08021805 -0.8344684 0.3792149 -0.3916934
0.08103523 -0.8340636 0.3790264 -0.3925688
0.08216318 -0.8335025 0.3787651 -0.3937764
0.08359282 -0.8327875 0.3784322 -0.3953055
0.08531518 -0.8319201 0.3780285 -0.3971457
0.08531518 -0.8319201 0.3780285 -0.3971457
0.08531518 -0.8319201 0.3780285 -0.3971457
0.08531518 -0.8319201 0.3780285 -0.3971457
0.08531518 -0.8319201 0.3780285 -0.3971457
0.08531518 -0.8319201 0.3780285 -0.3971457
0.08531518 -0.8319201 0.3780285 -0.3971457
0.08531518 -0.8319201 0.3780285 -0.3971457
0.08531518 -0.8319201 0.3780285 -0.3971457
0.08531518 -0.8319201 0.3780285 -0.3971457
0.08531518 -0.8319201 0.3780285 -0.3971457
0.08531518 -0.8319201 0.3780285 -0.3971457
0.08531518 -0.8319201 0.3780285 -0.3971457
0.08531518 -0.8319201 0.3780285 -0.3971457
0.08531518 -0.8319201 0.3780285 -0.3971457
0.08531518 -0.8319201 0.3780285 -0.3971457
0.08531518 -0.8319201 0.3780285 -0.3971457
0.08531518 -0.8319201 0.3780285 -0.3971457
0.08531518 -0.8319201 0.3780285 -0.3971457
0.08531518 -0.8319201 0.3780285 -0.3971457
0.08531518 -0.8319201 0.3780285 -0.3971457
0.08531518 -0.8319201 0.3780285 -0.3971457
0.08531518 -0.8319201 0.3780285 -0.3971457
0.08531518 -0.8319201 0.3780285 -0.3971457
0.08531518 -0.8319201 0.3780285 -0.3971457
0.08531518 -0.8319201 0.3780285 -0.3971457
0.08531518 -0.8319201 0.3780285 -0.3971457
0.08531518 -0.8319201 0.3780285 -0.3971457
0.08531518 -0.8319201 0.3780285 -0.3971457
0.08531518 -0.8319201 0.3780285 -0.3971457
0.08531518 -0.8319201 0.3780285 -0.3971457
0.08531518 -0.8319201 0.3780285 -0.3971457
0.08531518 -0.8319201 0.3780285 -0.3971457
0.08531518 -0.8319201 0.3780285 -0.3971457
0.08531518 -0.8319201 0.3780285 -0.3971457
0.08531518 -0.8319201 0.3780285 -0.3971457
0.08531518 -0.8319201 0.3780285 -0.3971457
0.08531518 -0.8319201 0.3780285 -0.3971457
0.08531518 -0.8319201 0.3780285 -0.3971457
0.08531518 -0.8319201 0.3780285 -0.3971457
0.08531518 -0.8319201 0.3780285 -0.3971457
0.08531518 -0.8319201 0.3780285 -0.3971457
0.08531518 -0.8319201 0.3780285 -0.3971457
0.08531518 -0.8319201 0.3780285 -0.3971457
0.08531518 -0.8319201 0.3780285 -0.3971457
0.08531518 -0.8319201 0.3780285 -0.3971457
0.08531518 -0.8319201 0.3780285 -0.3971457
0.08531518 -0.8319201 0.3780285 -0.3971457
0.08531518 -0.8319201 0.3780285 -0.3971457
0.08531518 -0.8319201 0.3780285 -0.3971457
0.08531518 -0.8319201 0.3780285 -0.3971457
0.08531518 -0.8319201 0.3780285 -0.3971457
0.08531518 -0.8319201 0.3780285 -0.3971457
0.08531518 -0.8319201 0.3780285 -0.3971457
0.08531518 -0.8319201 0.3780285 -0.3971457
0.08531518 -0.8319201 0.3780285 -0.3971457
0.08531518 -0.8319201 0.3780285 -0.3971457
0.08531518 -0.8319201 0.3780285 -0.3971457
0.08531518 -0.8319201 0.3780285 -0.3971457
0.08531518 -0.8319201 0.3780285 -0.3971457
0.08531518 -0.8319201 0.3780285 -0.3971457
0.08531518 -0.8319201 0.3780285 -0.3971457
0.08531518 -0.8319201 0.3780285 -0.3971457
0.08531518 -0.8319201 0.3780285 -0.3971457
0.08531518 -0.8319201 0.3780285 -0.3971457
0.08531518 -0.8319201 0.3780285 -0.3971457
0.08531518 -0.8319201 0.3780285 -0.3971457
0.08531518 -0.8319201 0.3780285 -0.3971457
0.08732129 -0.830902 0.3775545 -0.3992862
0.08960228 -0.8297338 0.3770109 -0.4017164
0.09214927 -0.8284161 0.3763979 -0.4044254
0.09495334 -0.8269493 0.3757156 -0.4074022
0.09800558 -0.8253334 0.3749641 -0.4106356
0.101297 -0.8235683 0.3741435 -0.4141145
0.1048185 -0.8216537 0.3732538 -0.4178275
0.1085608 -0.8195896 0.3722947 -0.421763
0.1125147 -0.8173756 0.3712664 -0.4259095
0.1166707 -0.8150116 0.3701687 -0.4302549
0.1210192 -0.8124974 0.3690017 -0.4347874
0.1255502 -0.8098334 0.3677655 -0.4394947
0.1302539 -0.8070198 0.3664604 -0.4443645
0.1351201 -0.8040572 0.3650867 -0.4493845
0.1401384 -0.8009466 0.3636447 -0.4545419
0.1452982 -0.7976893 0.3621353 -0.4598242
0.1505887 -0.794287 0.3605593 -0.4652185
0.1559992 -0.7907419 0.3589175 -0.4707121
0.1615184 -0.7870564 0.3572114 -0.476292
0.1671351 -0.7832339 0.3554424 -0.4819453
0.172838 -0.7792779 0.3536122 -0.4876591
0.1786156 -0.7751926 0.3517229 -0.4934207
0.1844563 -0.7709829 0.3497765 -0.4992172
0.1903484 -0.766654 0.3477756 -0.505036
0.1962802 -0.7622118 0.345723 -0.5108647
0.20224 -0.7576631 0.3436218 -0.5166911
0.2082163 -0.7530148 0.3414752 -0.522503
0.2141973 -0.7482747 0.3392868 -0.5282887
0.2201715 -0.7434511 0.3370605 -0.5340367
0.2261276 -0.7385527 0.3348002 -0.539736
0.2320541 -0.7335891 0.3325104 -0.5453758
0.2379401 -0.72857 0.3301956 -0.5509457
0.2437746 -0.7235059 0.3278605 -0.5564357
0.249547 -0.7184073 0.3255102 -0.5618365
0.2552471 -0.7132858 0.3231498 -0.567139
0.2608644 -0.7081527 0.3207845 -0.5723346
0.2663893 -0.70302 0.3184199 -0.5774154
0.2718122 -0.6978998 0.3160616 -0.5823736
0.277124 -0.6928048 0.3137152 -0.5872023
0.2823159 -0.6877474 0.3113868 -0.591895
0.2873794 -0.6827404 0.3090819 -0.5964454
0.292306 -0.677797 0.3068066 -0.6008479
0.2970883 -0.6729301 0.3045669 -0.6050973
0.3017184 -0.6681528 0.3023687 -0.6091889
0.3061894 -0.6634781 0.3002182 -0.6131181
0.3104942 -0.6589194 0.2981212 -0.6168811
0.3146262 -0.6544895 0.2960838 -0.6204742
0.3185791 -0.6502014 0.2941118 -0.623894
0.3223467 -0.6460681 0.2922114 -0.6271372
0.3259232 -0.6421024 0.290388 -0.6302012
0.3293026 -0.6383168 0.2886478 -0.633083
0.3324794 -0.6347238 0.2869962 -0.6357801
0.3354483 -0.6313359 0.285439 -0.6382899
0.3382035 -0.6281652 0.2839818 -0.64061
0.3407398 -0.6252238 0.2826301 -0.6427377
0.3430519 -0.6225234 0.2813893 -0.6446707
0.345134 -0.6200756 0.2802646 -0.6464059
0.3469808 -0.6178921 0.2792613 -0.6479405
0.3485864 -0.615984 0.2783846 -0.6492714
0.349945 -0.6143623 0.2776396 -0.6503951
0.3510505 -0.613038 0.2770312 -0.6513076
0.3518963 -0.6120219 0.2765644 -0.6520049
0.3524758 -0.6113243 0.276244 -0.6524821
0.3527817 -0.6109554 0.2760745 -0.6527339
0.3528309 -0.6108961 0.2760473 -0.6527743
-0.352702 0.6110687 -0.2759932 0.6527053
-0.3523199 0.6115799 -0.275833 0.6525006
-0.3516916 0.6124195 -0.2755694 0.6521633
-0.3508234 0.6135771 -0.2752049 0.6516965
-0.3497219 0.6150423 -0.2747419 0.6511025
-0.3483928 0.6168045 -0.2741827 0.6503835
-0.3468422 0.6188527 -0.2735294 0.6495411
-0.3450755 0.621176 -0.2727838 0.6485772
-0.3430985 0.6237634 -0.2719479 0.647493
-0.3409165 0.6266034 -0.2710235 0.6462898
-0.3385349 0.6296849 -0.2700123 0.6449686
-0.3359591 0.6329962 -0.2689162 0.6435305
-0.3331944 0.6365256 -0.2677369 0.6419764
-0.3302463 0.6402615 -0.2664759 0.6403072
-0.3271201 0.6441917 -0.2651351 0.638524
-0.3238215 0.6483045 -0.2637163 0.6366277
-0.3203561 0.6525874 -0.2622213 0.6346192
-0.3167297 0.6570286 -0.260652 0.6325001
-0.3129483 0.6616154 -0.2590105 0.6302714
-0.309018 0.6663356 -0.2572986 0.6279348
-0.3049451 0.671177 -0.2555188 0.6254919
-0.3007362 0.6761268 -0.2536733 0.6229448
-0.296398 0.6811728 -0.2517644 0.6202955
-0.2919376 0.6863026 -0.2497949 0.6175465
-0.2873622 0.6915038 -0.2477674 0.6147005
-0.2826793 0.6967642 -0.2456847 0.6117607
-0.2778965 0.7020715 -0.24355 0.6087303
-0.2730219 0.7074137 -0.2413664 0.605613
-0.2680636 0.7127792 -0.2391371 0.6024128
-0.2630301 0.718156 -0.2368658 0.5991342
-0.25793 0.7235328 -0.234556 0.5957817
-0.2527723 0.7288984 -0.2322116 0.5923606
-0.2475659 0.7342421 -0.2298365 0.588876
-0.2423202 0.739553 -0.2274347 0.5853339
-0.2370445 0.7448212 -0.2250107 0.5817401
-0.2317484 0.7500365 -0.2225686 0.5781013
-0.2264417 0.7551897 -0.220113 0.574424
-0.2211342 0.7602717 -0.2176485 0.5707152
-0.2158356 0.7652737 -0.2151797 0.5669822
-0.2105561 0.7701876 -0.2127116 0.5632327
-0.2053057 0.7750056 -0.2102488 0.5594741
-0.2000943 0.7797205 -0.2077964 0.5557147
-0.194932 0.7843253 -0.2053594 0.5519628
-0.1898289 0.7888136 -0.2029428 0.5482265
-0.1847949 0.7931796 -0.2005516 0.5445145
-0.17984 0.7974177 -0.198191 0.5408354
-0.174974 0.8015229 -0.195866 0.537198
-0.1702068 0.8054904 -0.1935818 0.5336112
-0.1655481 0.8093162 -0.1913434 0.530084
-0.1610073 0.8129961 -0.189156 0.5266251
-0.1565942 0.8165269 -0.1870246 0.5232438
-0.1523178 0.8199051 -0.1849542 0.5199489
-0.1481876 0.823128 -0.1829498 0.5167495
-0.1442126 0.8261929 -0.1810164 0.5136546
-0.1404019 0.8290973 -0.1791589 0.5106731
-0.1367643 0.8318391 -0.1773822 0.5078138
-0.1333086 0.834416 -0.175691 0.5050856
-0.1300434 0.8368261 -0.1740901 0.5024973
-0.1269773 0.8390673 -0.1725842 0.5000575
-0.1241187 0.8411379 -0.1711781 0.4977746
-0.1214761 0.8430359 -0.1698762 0.4956573
-0.1190579 0.844759 -0.1686833 0.4937139
-0.1168722 0.8463053 -0.1676037 0.4919525
-0.1149274 0.8476722 -0.1666421 0.4903815
-0.1132316 0.8488572 -0.1658028 0.4890088
-0.1117933 0.8498573 -0.1650904 0.4878422
-0.1106205 0.8506694 -0.164509 0.4868896
-0.1097218 0.8512897 -0.1640633 0.4861587
-0.1091053 0.8517141 -0.1637574 0.4856569
-0.1087795 0.8519381 -0.1635958 0.4853917
-0.1087272 0.851974 -0.1635697 0.485349
-0.1087324 0.8521476 -0.1635281 0.4850569
-0.108748 0.8526617 -0.1634047 0.484191
-0.1087733 0.8535049 -0.1632014 0.482766
-0.1088078 0.8546659 -0.1629197 0.4807954
-0.1088507 0.8561323 -0.1625612 0.4782916
-0.1089013 0.8578913 -0.1621268 0.4752662
-0.1089585 0.8599294 -0.1616177 0.4717299
-0.1090215 0.8622329 -0.1610345 0.4676929
-0.1090891 0.8647872 -0.160378 0.4631648
-0.1091601 0.8675774 -0.1596486 0.4581549
-0.1092335 0.8705881 -0.1588469 0.4526722
-0.1093079 0.8738034 -0.1579732 0.4467256
-0.1093821 0.8772072 -0.1570279 0.4403243
-0.1094547 0.8807824 -0.1560114 0.4334773
-0.1095244 0.8845121 -0.154924 0.426194
-0.1095897 0.8883788 -0.1537663 0.4184844
-0.1096494 0.8923647 -0.1525386 0.4103586
-0.109702 0.8964518 -0.1512417 0.4018278
-0.1097462 0.9006219 -0.1498762 0.3929035
-0.1097805 0.9048566 -0.148443 0.3835982
-0.1098038 0.9091373 -0.1469432 0.3739254
-0.1098146 0.9134458 -0.145378 0.3638994
-0.1098119 0.9177638 -0.1437488 0.3535355
-0.1097943 0.9220731 -0.1420573 0.3428501
-0.1097609 0.926356 -0.1403053 0.3318608
-0.1097107 0.9305951 -0.138495 0.3205861
-0.1096428 0.9347736 -0.1366288 0.309046
-0.1095563 0.9388753 -0.1347093 0.297261
-0.1094508 0.9428846 -0.1327394 0.2852532
-0.1093256 0.9467871 -0.1307224 0.2730456
-0.1091803 0.9505689 -0.1286617 0.260662
-0.1090149 0.9542175 -0.1265609 0.2481271
-0.1088291 0.9577215 -0.1244241 0.2354666
-0.108623 0.9610704 -0.1222554 0.2227068
-0.1083969 0.9642555 -0.1200592 0.2098746
-0.1081512 0.9672689 -0.1178402 0.1969971
-0.1078864 0.9701046 -0.1156031 0.1841021
-0.1076033 0.9727576 -0.1133529 0.1712175
-0.1073026 0.9752245 -0.1110946 0.1583712
-0.1069854 0.9775033 -0.1088334 0.1455911
-0.1066528 0.9795935 -0.1065746 0.1329048
-0.1063062 0.9814958 -0.1043235 0.1203397
-0.1059467 0.9832124 -0.1020854 0.1079229
-0.1055761 0.9847465 -0.09986569 0.09568075
-0.1051958 0.9861029 -0.09766971 0.08363903
-0.1048075 0.9872873 -0.09550272 0.071823
-0.1044129 0.9883062 -0.09336995 0.06025687
-0.1040139 0.9891675 -0.09127656 0.0489643
-0.1036124 0.9898795 -0.08922762 0.03796794
-0.1032102 0.9904515 -0.08722804 0.02728971
-0.1028092 0.9908935 -0.08528268 0.01695044
-0.1024113 0.9912156 -0.08339624 0.006970266
-0.1020186 0.9914288 -0.0815733 -0.002631592
-0.101633 0.9915441 -0.07981832 -0.01183669
-0.1012563 0.9915728 -0.0781356 -0.02062734
-0.1008904 0.9915262 -0.07652931 -0.02898676
-0.1005374 0.9914158 -0.07500359 -0.03689839
-0.1001989 0.9912528 -0.07356234 -0.04434661
-0.09987689 0.9910485 -0.07220943 -0.05131605
-0.09957302 0.9908136 -0.07094865 -0.05779187
-0.09928906 0.9905588 -0.06978364 -0.06375935
-0.09902665 0.9902941 -0.06871805 -0.0692039
-0.09878743 0.9900292 -0.06775541 -0.07411131
-0.09857294 0.9897731 -0.06689928 -0.07846688
-0.0983847 0.9895344 -0.06615316 -0.08225608
-0.09822413 0.9893205 -0.06552053 -0.08546397
-0.09809263 0.9891385 -0.06500494 -0.08807514
-0.09799147 0.9889945 -0.06460991 -0.09007362
-0.09792189 0.9888933 -0.064339 -0.09144319
-0.09788509 0.9888391 -0.06419589 -0.09216636
-0.09787916 0.9888304 -0.06417289 -0.09228259
0.09777851 -0.9888362 0.06407367 0.09239554
0.09748037 -0.9888533 0.06377978 0.09273006
0.09699032 -0.9888809 0.06329673 0.09327973
0.0963139 -0.9889175 0.06263002 0.09403823
0.09545656 -0.988962 0.06178505 0.09499916
0.09442368 -0.9890124 0.06076717 0.09615622
0.09322058 -0.9890668 0.0595817 0.09750309
0.09185256 -0.989123 0.0582339 0.09903342
0.09032489 -0.9891787 0.05672903 0.1007409
0.08864281 -0.9892314 0.05507235 0.1026192
0.08681157 -0.9892786 0.0532691 0.104662
0.08483644 -0.9893174 0.05132452 0.1068629
0.08272265 -0.9893453 0.0492439 0.1092155
0.08047551 -0.9893593 0.04703251 0.1117134
0.07810033 -0.9893568 0.04469571 0.11435
0.07560252 -0.9893348 0.04223885 0.1171189
0.07298744 -0.9892907 0.03966735 0.1200134
0.07026061 -0.9892218 0.0369867 0.123027
0.06742753 -0.9891255 0.03420241 0.126153
0.06449381 -0.9889991 0.03132007 0.1293847
0.06146509 -0.9888404 0.02834532 0.1327152
0.05834715 -0.988647 0.02528392 0.1361377
0.05514578 -0.9884169 0.02214161 0.1396454
0.05186684 -0.988148 0.01892425 0.1432314
0.04851631 -0.9878387 0.01563776 0.1468887
0.0451002 -0.9874876 0.01228812 0.1506102
0.04162461 -0.987093 0.00888136 0.1543889
0.03809568 -0.9866542 0.005423563 0.1582179
0.03451964 -0.9861701 0.001920879 0.16209
0.03090277 -0.9856404 -0.001620496 0.1659982
0.02725137 -0.9850647 -0.005194342 0.1699353
0.02357182 -0.9844429 -0.008794387 0.1738944
0.01987051 -0.9837754 -0.01241436 0.1778683
0.0161539 -0.9830626 -0.01604792 0.18185
0.01242843 -0.9823056 -0.01968876 0.1858325
0.008700536 -0.9815053 -0.02333057 0.1898089
0.004976726 -0.9806632 -0.026967 0.1937723
0.001263467 -0.9797811 -0.03059177 0.1977159
-0.002432785 -0.978861 -0.03419856 0.2016329
-0.006105597 -0.9779051 -0.03778111 0.2055165
-0.009748544 -0.976916 -0.04133322 0.2093603
-0.01335524 -0.9758966 -0.04484867 0.2131576
-0.01691934 -0.9748499 -0.04832132 0.2169021
-0.02043456 -0.9737793 -0.0517451 0.2205875
-0.02389464 -0.9726883 -0.05511397 0.2242075
-0.0272934 -0.9715807 -0.05842198 0.227756
-0.03062475 -0.9704606 -0.06166324 0.2312272
-0.03388257 -0.969332 -0.06483188 0.234615
-0.0370609 -0.9681994 -0.0679222 0.2379137
-0.04015378 -0.9670673 -0.07092845 0.2411177
-0.04315542 -0.9659402 -0.07384508 0.2442213
-0.04605995 -0.964823 -0.07666652 0.2472192
-0.04886171 -0.9637205 -0.0793873 0.2501059
-0.05155502 -0.9626377 -0.08200204 0.2528763
-0.05413427 -0.9615796 -0.08450533 0.255525
-0.05659398 -0.9605513 -0.08689199 0.258047
-0.05892858 -0.9595578 -0.08915669 0.2604372
-0.0611327 -0.9586041 -0.0912943 0.2626906
-0.0632009 -0.9576955 -0.09329964 0.2648022
-0.06512782 -0.9568369 -0.09516761 0.2667672
-0.06690813 -0.9560332 -0.09689312 0.2685806
-0.06853647 -0.9552895 -0.09847105 0.2702374
-0.07000754 -0.9546104 -0.09989635 0.2717327
-0.07131596 -0.9540007 -0.1011639 0.2730615
-0.07245641 -0.9534649 -0.1022685 0.2742189
-0.07342353 -0.9530073 -0.1032052 0.2751997
-0.07421184 -0.9526321 -0.1039686 0.2759987
-0.07481588 -0.9523433 -0.1045536 0.2766106
-0.07523017 -0.9521446 -0.1049547 0.2770303
-0.07544905 -0.9520393 -0.1051666 0.2772519
-0.07548422 -0.9520224 -0.1052007 0.2772875
0.07562225 0.9521153 0.105353 -0.2768727
0.07603133 0.9523895 0.1058046 -0.2756426
0.07670435 0.9528368 0.1065475 -0.2736166
0.07763468 0.9534472 0.1075742 -0.2708118
0.07881607 0.9542091 0.1088777 -0.2672426
0.08024255 0.9551093 0.110451 -0.2629219
0.08190843 0.956133 0.1122878 -0.2578606
0.08380818 0.9572641 0.1143815 -0.2520686
0.08593629 0.9584848 0.1167258 -0.2455542
0.08828735 0.9597763 0.1193143 -0.2383255
0.09085579 0.9611179 0.1221404 -0.2303897
0.09363592 0.962488 0.1251975 -0.2217539
0.09662178 0.9638636 0.1284785 -0.2124254
0.09980706 0.9652204 0.1319759 -0.2024119
0.1031851 0.966533 0.1356819 -0.1917218
0.1067487 0.967775 0.139588 -0.1803648
0.11049 0.9689192 0.1436851 -0.1683516
0.1144009 0.9699373 0.1479635 -0.155695
0.118472 0.9708009 0.1524125 -0.1424095
0.1226938 0.971481 0.1570209 -0.1285122
0.1270556 0.9719486 0.1617763 -0.1140224
0.1315461 0.9721752 0.166666 -0.0989625
0.1361531 0.9721323 0.1716758 -0.0833578
0.1408638 0.9717929 0.1767912 -0.06723667
0.1456644 0.9711311 0.1819966 -0.05063095
0.1505406 0.9701227 0.1872758 -0.03357567
0.1554774 0.9687455 0.1926119 -0.01610917
0.1604594 0.9669802 0.1979878 0.001727029
0.1654705 0.96481 0.2033855 0.01988834
0.1704945 0.9622217 0.2087871 0.03832729
0.1755151 0.9592056 0.2141747 0.05699407
0.180516 0.9557559 0.2195302 0.07583657
0.185481 0.951871 0.2248362 0.09480117
0.1903943 0.9475535 0.2300754 0.1138329
0.1952405 0.9428103 0.2352314 0.1328762
0.2000053 0.9376529 0.2402888 0.1518756
0.2046749 0.932097 0.2452328 0.1707758
0.2092364 0.9261621 0.2500502 0.1895226
0.2136782 0.919872 0.2547287 0.2080633
0.2179898 0.9132539 0.2592578 0.2263475
0.2221622 0.906338 0.2636281 0.244327
0.2261873 0.8991575 0.2678318 0.2619565
0.2300586 0.891748 0.2718627 0.279194
0.2337708 0.8841467 0.2757159 0.296001
0.2373201 0.8763925 0.2793882 0.3123422
0.2407037 0.8685251 0.2828775 0.3281864
0.2439201 0.8605846 0.2861831 0.343506
0.2469687 0.8526116 0.2893056 0.3582768
0.2498503 0.844646 0.2922466 0.3724782
0.2525662 0.8367274 0.2950084 0.386093
0.2551186 0.8288943 0.2975944 0.399107
0.2575103 0.8211843 0.3000088 0.4115088
0.2597448 0.8136337 0.3022559 0.4232896
0.2618259 0.8062774 0.304341 0.4344429
0.2637576 0.7991485 0.306269 0.4449639
0.2655444 0.7922788 0.3080457 0.4548496
0.2671906 0.7856988 0.3096766 0.464098
0.2687007 0.7794369 0.3111672 0.4727082
0.2700791 0.7735205 0.3125229 0.4806796
0.27133 0.7679752 0.3137489 0.4880121
0.2724574 0.7628256 0.3148502 0.4947055
0.2734649 0.7580951 0.3158311 0.5007591
0.2743558 0.7538056 0.316696 0.5061716
0.2751329 0.7499787 0.3174485 0.5109407
0.2757986 0.7466345 0.3180914 0.515063
0.2763548 0.7437928 0.3186273 0.5185334
0.2768024 0.7414727 0.3190579 0.5213451
0.2771419 0.7396927 0.319384 0.5234892
0.2773731 0.7384708 0.3196058 0.5249545
0.2774946 0.737825 0.3197223 0.5257269
0.2775141 0.7377211 0.319741 0.525851
-0.2773264 -0.7379985 -0.3197882 -0.525532
-0.2767694 -0.7388198 -0.3199277 -0.5245858
-0.2758515 -0.7401687 -0.3201561 -0.5230263
-0.2745795 -0.742028 -0.3204691 -0.5208647
-0.2729591 -0.7443806 -0.3208624 -0.5181102
-0.2709947 -0.7472084 -0.3213311 -0.5147699
-0.2686897 -0.7504928 -0.3218696 -0.5108487
-0.2660467 -0.7542148 -0.3224721 -0.5063507
-0.2630677 -0.7583544 -0.3231322 -0.501278
-0.259754 -0.7628906 -0.3238434 -0.4956322
-0.2561065 -0.7678019 -0.3245984 -0.4894137
-0.2521259 -0.773065 -0.3253895 -0.4826228
-0.2478127 -0.7786561 -0.3262088 -0.4752592
-0.2431676 -0.78455 -0.3270479 -0.4673229
-0.2381913 -0.7907197 -0.3278978 -0.4588139
-0.232885 -0.7971377 -0.3287495 -0.449733
-0.2272505 -0.8037745 -0.3295934 -0.4400819
-0.2212901 -0.8105992 -0.3304196 -0.4298634
-0.2150071 -0.81758 -0.3312181 -0.4190816
-0.2084059 -0.8246835 -0.3319787 -0.4077428
-0.2014918 -0.8318754 -0.3326911 -0.3958549
-0.1942718 -0.83912 -0.333345 -0.3834283
-0.1867541 -0.8463812 -0.33393 -0.3704761
-0.1789487 -0.8536221 -0.3344363 -0.3570139
-0.1708671 -0.8608058 -0.334854 -0.3430606
-0.1625227 -0.8678951 -0.3351741 -0.328638
-0.1539307 -0.8748533 -0.3353877 -0.313771
-0.145108 -0.8816445 -0.335487 -0.2984882
-0.1360733 -0.888234 -0.3354649 -0.2828209
-0.1268473 -0.8945888 -0.3353153 -0.266804
-0.117452 -0.9006776 -0.3350331 -0.2504752
-0.1079111 -0.9064717 -0.3346145 -0.2338749
-0.0982497 -0.9119452 -0.3340569 -0.217046
-0.08849388 -0.9170752 -0.3333592 -0.200034
-0.0786707 -0.9218423 -0.3325214 -0.1828856
-0.06880787 -0.9262308 -0.3315453 -0.1656491
-0.0589335 -0.9302288 -0.3304338 -0.1483736
-0.04907586 -0.9338283 -0.3291911 -0.1311089
-0.03926305 -0.9370252 -0.3278231 -0.1139043
-0.02952272 -0.9398196 -0.3263366 -0.09680883
-0.01988192 -0.9422153 -0.3247396 -0.07987046
-0.01036676 -0.9442196 -0.3230413 -0.0631358
-0.001002267 -0.9458437 -0.3212516 -0.04664952
0.008187818 -0.9471015 -0.3193811 -0.03045439
0.0171812 -0.94801 -0.3174412 -0.0145906
0.02595701 -0.9485887 -0.3154438 0.0009040934
0.03449615 -0.9488593 -0.3134011 0.01599471
0.04278093 -0.9488451 -0.3113253 0.03064893
0.05079547 -0.948571 -0.3092288 0.0448375
0.05852527 -0.948063 -0.3071241 0.05853364
0.06595769 -0.9473476 -0.3050233 0.07171348
0.07308121 -0.946452 -0.3029386 0.08435567
0.07988594 -0.9454034 -0.3008817 0.09644118
0.08636307 -0.9442288 -0.2988639 0.1079532
0.09250487 -0.9429548 -0.2968962 0.1188769
0.09830469 -0.9416078 -0.2949892 0.1291991
0.1037566 -0.940213 -0.293153 0.1389082
0.1088553 -0.938795 -0.2913972 0.1479938
0.113596 -0.9373775 -0.2897311 0.1564461
0.1179743 -0.9359829 -0.2881633 0.1642563
0.121986 -0.9346325 -0.2867021 0.171416
0.1256267 -0.9333466 -0.2853556 0.1779164
0.1288921 -0.9321441 -0.2841312 0.1837491
0.1317775 -0.9310426 -0.2830361 0.1889048
0.1342777 -0.9300584 -0.2820771 0.1933738
0.1363872 -0.9292066 -0.2812607 0.1971452
0.1380993 -0.9285005 -0.2805931 0.200207
0.1394067 -0.9279526 -0.2800803 0.2025454
0.1403011 -0.9275734 -0.279728 0.2041454
0.1407729 -0.927372 -0.2795417 0.2049895
0.1408487 -0.9273396 -0.2795118 0.2051251
-0.140559 0.9273435 0.2794713 -0.2053604
-0.1397004 0.9273548 0.2793514 -0.2060577
-0.1382879 0.9273707 0.2791533 -0.2072039
-0.1363355 0.9273877 0.278878 -0.2087866
-0.1338562 0.9274006 0.2785262 -0.2107933
-0.1308626 0.9274036 0.2780977 -0.213212
-0.1273666 0.9273894 0.2775924 -0.2160306
-0.1233795 0.9273502 0.2770097 -0.2192371
-0.1189125 0.927277 0.2763487 -0.2228196
-0.1139764 0.9271605 0.2756083 -0.226766
-0.1085822 0.9269904 0.2747872 -0.231064
-0.1027407 0.9267561 0.2738841 -0.2357011
-0.09646302 0.9264463 0.2728972 -0.2406645
-0.08976047 0.9260492 0.2718251 -0.2459411
-0.08264486 0.9255533 0.270666 -0.2515172
-0.07512847 0.9249462 0.2694184 -0.2573789
-0.0672242 0.924216 0.2680809 -0.2635114
-0.05894572 0.9233507 0.2666517 -0.2698997
-0.05030739 0.9223381 0.2651299 -0.276528
-0.04132453 0.9211668 0.2635143 -0.28338
-0.03201335 0.9198257 0.261804 -0.2904387
-0.02239106 0.918304 0.2599987 -0.2976865
-0.01247589 0.9165918 0.2580981 -0.3051054
-0.002287045 0.9146801 0.2561025 -0.3126768
0.008155149 0.9125607 0.2540125 -0.3203813
0.01882941 0.9102268 0.2518291 -0.3281994
0.02971343 0.9076724 0.2495541 -0.3361112
0.04078406 0.9048932 0.2471895 -0.3440964
0.05201725 0.9018863 0.2447379 -0.3521345
0.06338811 0.8986502 0.2422024 -0.3602051
0.07487126 0.8951853 0.2395869 -0.3682877
0.08644062 0.8914934 0.2368955 -0.3763618
0.09806983 0.8875782 0.234133 -0.3844074
0.1097321 0.8834451 0.231305 -0.3924049
0.1214008 0.8791015 0.2284171 -0.400335
0.133049 0.8745561 0.2254757 -0.4081794
0.1446503 0.8698196 0.2224877 -0.4159201
0.1561783 0.8649043 0.2194601 -0.4235401
0.1676074 0.859824 0.2164006 -0.4310236
0.1789124 0.854594 0.213317 -0.4383553
0.1900692 0.8492308 0.2102175 -0.4455215
0.2010541 0.8437523 0.2071103 -0.4525093
0.2118447 0.8381774 0.204004 -0.459307
0.2224197 0.8325258 0.2009072 -0.4659041
0.2327587 0.8268181 0.1978286 -0.4722914
0.2428426 0.8210755 0.1947768 -0.4784607
0.2526536 0.8153196 0.1917604 -0.484405
0.2621749 0.8095725 0.188788 -0.4901183
0.271391 0.8038563 0.185868 -0.4955958
0.2802876 0.7981932 0.1830086 -0.5008336
0.2888516 0.7926056 0.1802181 -0.5058286
0.2970708 0.7871153 0.1775043 -0.5105788
0.3049341 0.7817443 0.1748748 -0.5150824
0.3124314 0.7765139 0.1723371 -0.5193388
0.3195531 0.7714452 0.1698985 -0.5233475
0.3262908 0.7665588 0.1675659 -0.5271087
0.3326362 0.7618749 0.1653462 -0.5306227
0.3385818 0.7574129 0.1632459 -0.5338902
0.3441205 0.7531921 0.1612714 -0.5369119
0.3492452 0.7492307 0.1594288 -0.5396886
0.353949 0.7455467 0.1577241 -0.5422207
0.3582251 0.7421577 0.1561633 -0.5445088
0.3620665 0.7390802 0.1547519 -0.5465529
0.3654658 0.7363309 0.1534956 -0.5483528
0.3684151 0.7339252 0.1524 -0.5499076
0.3709063 0.7318787 0.1514705 -0.5512157
0.3729302 0.7302061 0.1507126 -0.5522751
0.3744769 0.7289219 0.1501317 -0.5530827
0.3755356 0.7280398 0.1497332 -0.5536344
0.3760943 0.7275734 0.1495227 -0.5539252
0.376184 0.7274984 0.1494888 -0.5539719
-0.3760171 -0.7276379 -0.149235 0.5539703
-0.3755223 -0.728051 -0.1484829 0.5539653
-0.3747078 -0.7287287 -0.1472459 0.5539559
-0.3735812 -0.7296617 -0.1455366 0.5539405
-0.3721493 -0.7308398 -0.1433671 0.5539169
-0.3704184 -0.7322528 -0.1407491 0.5538824
-0.3683941 -0.7338898 -0.1376937 0.5538339
-0.3660818 -0.7357394 -0.1342119 0.5537679
-0.3634866 -0.7377899 -0.1303142 0.5536802
-0.3606131 -0.7400292 -0.1260113 0.5535668
-0.357466 -0.7424447 -0.1213136 0.553423
-0.3540496 -0.7450235 -0.1162316 0.5532441
-0.3503686 -0.7477525 -0.1107761 0.5530251
-0.3464274 -0.750618 -0.1049578 0.5527608
-0.3422308 -0.7536062 -0.09878794 0.5524461
-0.3377836 -0.756703 -0.092278 0.5520757
-0.333091 -0.759894 -0.08543991 0.5516444
-0.3281584 -0.7631647 -0.0782861 0.551147
-0.322992 -0.7665004 -0.07082952 0.5505784
-0.317598 -0.7698864 -0.06308371 0.5499337
-0.3119833 -0.7733079 -0.05506279 0.5492081
-0.3061555 -0.77675 -0.04678164 0.5483974
-0.3001226 -0.7801984 -0.03825573 0.5474974
-0.2938934 -0.7836384 -0.02950116 0.5465045
-0.2874773 -0.787056 -0.02053486 0.5454155
-0.2808843 -0.7904374 -0.01137433 0.5442274
-0.2741252 -0.7937691 -0.002037711 0.5429382
-0.2672115 -0.7970383 0.007456271 0.5415463
-0.2601553 -0.8002328 0.01708826 0.5400506
-0.2529696 -0.803341 0.02683841 0.5384509
-0.2456676 -0.8063521 0.03668648 0.5367475
-0.2382634 -0.8092561 0.04661181 0.5349414
-0.2307718 -0.8120441 0.05659352 0.5330346
-0.2232077 -0.814708 0.06661043 0.5310295
-0.2155868 -0.8172405 0.07664129 0.5289294
-0.2079249 -0.8196359 0.08666494 0.5267385
-0.2002383 -0.8218892 0.09666016 0.5244613
-0.1925436 -0.8239966 0.1066059 0.5221033
-0.1848571 -0.8259555 0.1164815 0.5196706
-0.1771959 -0.8277642 0.1262666 0.51717
-0.1695765 -0.8294225 0.1359412 0.5146089
-0.1620156 -0.8309309 0.1454859 0.5119948
-0.1545298 -0.8322911 0.1548818 0.5093365
-0.1471354 -0.8335059 0.1641107 0.5066426
-0.1398485 -0.834579 0.1731552 0.5039222
-0.1326849 -0.8355148 0.1819983 0.5011851
-0.12566 -0.8363187 0.1906241 0.4984407
-0.1187888 -0.8369967 0.1990173 0.4956993
-0.1120859 -0.8375559 0.2071633 0.4929709
-0.1055656 -0.8380032 0.2150484 0.4902659
-0.09924152 -0.8383468 0.2226595 0.4875946
-0.09312692 -0.8385948 0.2299845 0.4849673
-0.08723453 -0.8387559 0.2370115 0.4823943
-0.08157682 -0.8388388 0.2437297 0.4798859
-0.07616561 -0.8388527 0.2501286 0.4774522
-0.07101244 -0.8388066 0.2561983 0.4751033
-0.06612851 -0.8387097 0.2619293 0.472849
-0.06152456 -0.838571 0.2673126 0.4706989
-0.05721122 -0.8383995 0.2723392 0.4686625
-0.05319868 -0.8382039 0.2770007 0.4667492
-0.04949709 -0.8379927 0.2812884 0.4649678
-0.04611644 -0.8377741 0.285194 0.4633273
-0.04306656 -0.8375559 0.2887089 0.4618362
-0.04035738 -0.8373452 0.2918243 0.4605028
-0.0379988 -0.837149 0.2945314 0.4593352
-0.03600078 -0.8369734 0.2968209 0.4583412
-0.03437359 -0.8368242 0.2986829 0.4575284
-0.03312766 -0.8367061 0.3001071 0.456904
-0.03227359 -0.8366232 0.3010826 0.4564749
-0.03182253 -0.8365788 0.3015974 0.456248
-0.03175002 -0.8365716 0.3016802 0.4562114
0.03183454 0.8364561 -0.3020569 -0.4561682
0.032085 0.8361128 -0.3031731 -0.4560396
0.03249693 0.8355454 -0.3050084 -0.4558265
0.03306606 0.8347557 -0.3075431 -0.4555291
0.03378831 0.8337442 -0.310758 -0.4551466
0.03465974 0.8325096 -0.3146344 -0.4546776
0.03567651 0.8310496 -0.3191537 -0.4541197
0.03683488 0.8293605 -0.3242976 -0.4534705
0.03813111 0.8274378 -0.3300479 -0.4527264
0.0395615 0.825276 -0.336386 -0.4518838
0.04112228 0.8228689 -0.3432932 -0.4509386
0.04280966 0.8202099 -0.3507501 -0.4498861
0.0446197 0.8172916 -0.3587373 -0.4487218
0.04654837 0.8141065 -0.3672341 -0.4474406
0.04859142 0.810647 -0.3762192 -0.4460375
0.05074444 0.8069054 -0.3856706 -0.4445074
0.05300281 0.8028743 -0.3955651 -0.4428453
0.05536161 0.7985464 -0.4058782 -0.4410461
0.0578157 0.7939152 -0.4165844 -0.4391053
0.06035964 0.7889746 -0.4276573 -0.4370184
0.06298769 0.7837195 -0.4390688 -0.4347814
0.06569383 0.7781461 -0.4507897 -0.4323907
0.06847169 0.7722512 -0.4627897 -0.4298435
0.07131469 0.7660335 -0.4750375 -0.4271374
0.07421587 0.759493 -0.4875004 -0.424271
0.07716806 0.7526315 -0.5001449 -0.4212435
0.08016386 0.7454525 -0.5129368 -0.4180553
0.08319563 0.7379615 -0.5258413 -0.4147075
0.0862556 0.7301659 -0.5388229 -0.4112025
0.08933581 0.7220754 -0.5518463 -0.4075437
0.09242828 0.7137017 -0.5648758 -0.4037355
0.09552498 0.7050585 -0.577876 -0.3997836
0.09861788 0.6961617 -0.5908123 -0.3956947
0.1016991 0.6870294 -0.6036506 -0.3914767
0.1047607 0.6776814 -0.6163577 -0.3871386
0.1077953 0.6681395 -0.6289021 -0.3826904
0.1107954 0.6584272 -0.6412533 -0.378143
0.113754 0.6485696 -0.6533827 -0.3735084
0.1166644 0.6385931 -0.6652634 -0.3687992
0.1195202 0.6285253 -0.6768708 -0.3640288
0.1223155 0.6183945 -0.688182 -0.3592112
0.1250449 0.6082302 -0.6991767 -0.354361
0.1277033 0.598062 -0.7098368 -0.3494929
0.1302862 0.5879203 -0.7201464 -0.3446221
0.1327896 0.5778348 -0.730092 -0.3397639
0.1352099 0.5678359 -0.7396622 -0.3349337
0.1375439 0.5579532 -0.7488478 -0.3301467
0.1397891 0.5482162 -0.7576418 -0.3254182
0.1419433 0.5386534 -0.766039 -0.320763
0.1440046 0.5292931 -0.774036 -0.3161958
0.1459716 0.5201623 -0.7816312 -0.3117309
0.1478433 0.5112875 -0.7888242 -0.3073823
0.1496188 0.5026941 -0.7956161 -0.3031633
0.1512977 0.4944066 -0.8020088 -0.2990871
0.1528797 0.4864485 -0.8080054 -0.2951662
0.1543647 0.4788423 -0.8136094 -0.2914127
0.1557526 0.4716099 -0.818825 -0.2878383
0.1570438 0.4647719 -0.8236566 -0.2844541
0.1582382 0.4583485 -0.8281087 -0.281271
0.1593361 0.452359 -0.8321856 -0.2782993
0.1603378 0.4468219 -0.8358915 -0.2755492
0.1612431 0.4417555 -0.8392301 -0.2730304
0.1620522 0.4371774 -0.8422044 -0.2707524
0.1627647 0.433105 -0.8448165 -0.2687244
0.1633804 0.4295553 -0.8470678 -0.2669555
0.1638985 0.4265453 -0.8489583 -0.2654546
0.1643182 0.4240919 -0.8504868 -0.2642307
0.1646381 0.4222122 -0.8516503 -0.2632926
0.1648567 0.4209231 -0.8524445 -0.2626491
0.1649719 0.420242 -0.8528628 -0.2623091
0.1649904 0.4201325 -0.8529299 -0.2622544
0.1648098 0.4199557 -0.8530468 -0.2622709
0.1642745 0.4194316 -0.8533929 -0.2623196
0.1633943 0.4185694 -0.8539606 -0.2623992
0.1621785 0.4173777 -0.8547418 -0.2625084
0.1606361 0.4158644 -0.8557279 -0.2626455
0.1587758 0.4140374 -0.85691 -0.2628088
0.1566061 0.4119039 -0.8582789 -0.2629963
0.1541353 0.4094708 -0.8598247 -0.2632062
0.1513718 0.406745 -0.8615373 -0.2634361
0.1483234 0.4037329 -0.8634064 -0.263684
0.1449985 0.4004411 -0.8654214 -0.2639475
0.141405 0.3968758 -0.8675712 -0.2642242
0.1375512 0.3930437 -0.8698447 -0.2645118
0.1334453 0.3889511 -0.8722307 -0.2648077
0.1290956 0.3846046 -0.8747175 -0.2651093
0.1245109 0.380011 -0.8772936 -0.2654141
0.1196998 0.3751772 -0.8799472 -0.2657198
0.1146715 0.3701106 -0.8826665 -0.2660235
0.1094351 0.3648186 -0.8854397 -0.2663229
0.1040004 0.3593091 -0.8882551 -0.2666155
0.0983771 0.3535904 -0.8911009 -0.2668988
0.09257556 0.3476711 -0.8939656 -0.2671705
0.08660628 0.3415605 -0.8968378 -0.2674282
0.08048013 0.3352679 -0.8997062 -0.2676698
0.07420836 0.3288034 -0.9025601 -0.2678933
0.06780253 0.3221775 -0.9053887 -0.2680966
0.06127452 0.3154011 -0.908182 -0.268278
0.05463649 0.3084857 -0.9109301 -0.2684358
0.04790095 0.3014432 -0.9136238 -0.2685685
0.04108065 0.2942859 -0.9162543 -0.2686749
0.03418856 0.2870266 -0.9188136 -0.2687538
0.02723786 0.2796784 -0.9212939 -0.2688042
0.02024192 0.2722549 -0.9236885 -0.2688256
0.01321425 0.2647701 -0.9259911 -0.2688173
0.006168489 0.2572381 -0.9281963 -0.2687792
-0.0008817869 0.2496734 -0.9302993 -0.2687111
-0.007922877 0.2420907 -0.9322963 -0.2686132
-0.01494112 0.2345049 -0.9341839 -0.268486
-0.02192294 0.226931 -0.9359598 -0.2683299
-0.02885487 0.2193841 -0.9376224 -0.2681459
-0.0357236 0.2118794 -0.9391708 -0.2679349
-0.04251595 0.2044319 -0.9406049 -0.2676983
-0.04921902 0.1970567 -0.9419254 -0.2674374
-0.0558201 0.189769 -0.9431335 -0.2671537
-0.06230682 0.1825833 -0.9442313 -0.2668492
-0.06866701 0.1755147 -0.9452214 -0.2665257
-0.07488893 0.1685773 -0.9461071 -0.2661853
-0.08096103 0.1617857 -0.9468923 -0.2658302
-0.08687218 0.1551537 -0.9475812 -0.2654626
-0.09261154 0.1486952 -0.9481786 -0.2650852
-0.09816866 0.1424237 -0.9486898 -0.2647003
-0.1035333 0.1363523 -0.9491201 -0.2643104
-0.1086958 0.130494 -0.9494755 -0.2639183
-0.1136464 0.1248615 -0.949762 -0.2635266
-0.1183759 0.119467 -0.9499859 -0.263138
-0.1228754 0.1143228 -0.9501535 -0.2627552
-0.1271359 0.1094406 -0.9502713 -0.2623808
-0.1311491 0.1048321 -0.9503457 -0.2620177
-0.1349063 0.1005087 -0.9503831 -0.2616684
-0.1383994 0.09648174 -0.9503897 -0.2613355
-0.1416202 0.0927623 -0.9503718 -0.2610216
-0.1445604 0.08936141 -0.9503353 -0.2607293
-0.1472118 0.08629001 -0.9502857 -0.2604608
-0.1495663 0.08355899 -0.9502285 -0.2602186
-0.1516156 0.0811793 -0.9501685 -0.2600049
-0.1533512 0.07916186 -0.9501103 -0.2598217
-0.1547645 0.07751779 -0.9500579 -0.2596711
-0.1558464 0.07625826 -0.9500147 -0.259555
-0.156588 0.07539454 -0.9499835 -0.2594748
-0.1569797 0.07493826 -0.9499666 -0.2594324
