0.1656518 0.6860092 0.06562692 0.7054389
0.1648023 0.6864211 0.06606115 0.7051966
0.1636003 0.6870025 0.06667534 0.7048525
0.1620554 0.6877471 0.06746414 0.7044079
0.1601776 0.6886484 0.06842228 0.7038643
0.1579761 0.6896995 0.06954443 0.7032223
0.1554604 0.6908937 0.07082537 0.7024826
0.1526398 0.6922234 0.07225981 0.7016455
0.1495234 0.6936816 0.07384247 0.7007111
0.1461205 0.6952605 0.07556806 0.6996793
0.1424402 0.6969526 0.07743127 0.6985501
0.1384918 0.6987502 0.07942671 0.6973233
0.1342845 0.7006451 0.08154894 0.6959985
0.1298278 0.7026296 0.08379252 0.6945757
0.1251313 0.7046955 0.08615187 0.6930543
0.1202046 0.7068347 0.08862139 0.6914346
0.1150575 0.7090393 0.09119536 0.6897162
0.1097003 0.711301 0.09386803 0.6878995
0.104143 0.7136117 0.09663352 0.6859845
0.09839632 0.7159632 0.09948587 0.6839718
0.09247087 0.718348 0.1024191 0.6818619
0.08637766 0.7207578 0.105427 0.679656
0.08012789 0.7231851 0.1085035 0.6773551
0.07373299 0.725622 0.1116423 0.6749609
0.0672047 0.7280614 0.1148371 0.672475
0.06055489 0.730496 0.1180814 0.6698997
0.05379571 0.7329187 0.121369 0.6672375
0.04693951 0.7353228 0.1246933 0.6644912
0.03999879 0.737702 0.1280479 0.6616643
0.03298629 0.7400501 0.1314262 0.6587602
0.02591482 0.7423612 0.1348218 0.6557831
0.01879738 0.74463 0.1382283 0.6527372
0.01164704 0.7468513 0.1416391 0.6496276
0.00447688 0.7490204 0.1450479 0.6464592
-0.002699857 0.7511331 0.1484484 0.6432378
-0.009870006 0.7531855 0.1518343 0.6399692
-0.01702032 0.7551741 0.1551995 0.6366596
-0.02413774 0.7570959 0.1585378 0.6333158
-0.03120916 0.7589483 0.1618435 0.6299447
-0.0382216 0.760729 0.1651105 0.6265533
-0.04516222 0.7624363 0.1683332 0.6231494
-0.05201831 0.764069 0.1715062 0.6197405
-0.05877736 0.7656259 0.1746239 0.616335
-0.06542699 0.7671067 0.1776811 0.6129406
-0.07195508 0.7685111 0.1806728 0.6095659
-0.0783497 0.7698393 0.183594 0.6062195
-0.08459916 0.7710919 0.1864399 0.60291
-0.09069203 0.7722697 0.1892061 0.5996462
-0.09661699 0.7733739 0.191888 0.5964369
-0.1023632 0.7744059 0.1944813 0.5932911
-0.1079198 0.7753674 0.1969819 0.5902177
-0.1132764 0.7762601 0.1993857 0.5872257
-0.1184226 0.7770863 0.201689 0.5843241
-0.1233483 0.7778479 0.2038879 0.5815218
-0.1280438 0.7785473 0.2059789 0.5788277
-0.1324993 0.7791871 0.2079581 0.5762507
-0.1367052 0.7797695 0.2098224 0.5737994
-0.1406521 0.7802969 0.2115681 0.5714829
-0.1443307 0.7807719 0.2131918 0.5693095
-0.1477318 0.7811966 0.2146903 0.5672877
-0.1508461 0.7815734 0.21606 0.5654261
-0.1536644 0.7819045 0.2172976 0.5637327
-0.1561776 0.7821916 0.2183996 0.5622157
-0.1583763 0.7824365 0.2193625 0.5608833
-0.1602512 0.7826409 0.2201827 0.5597432
-0.1617927 0.7828057 0.2208564 0.558803
-0.1629913 0.7829319 0.2213798 0.5580703
-0.1638369 0.7830198 0.221749 0.5575525
-0.1643195 0.7830697 0.2219595 0.5572566
-0.1644373 0.7830818 0.2220109 0.5571844
0.164311 -0.7829946 -0.2219658 -0.5573621
0.1639368 -0.7827361 -0.2218321 -0.5578884
0.1633215 -0.7823102 -0.2216121 -0.5587529
0.1624717 -0.7817207 -0.2213079 -0.559945
0.161394 -0.7809706 -0.2209215 -0.5614541
0.1600946 -0.7800623 -0.2204547 -0.5632692
0.1585797 -0.7789984 -0.2199093 -0.5653795
0.1568552 -0.7777807 -0.2192868 -0.5677737
0.1549273 -0.776411 -0.2185888 -0.5704406
0.1528017 -0.7748906 -0.2178168 -0.5733689
0.1504845 -0.7732212 -0.2169722 -0.5765471
0.1479815 -0.7714037 -0.2160564 -0.5799634
0.1452986 -0.7694393 -0.2150709 -0.5836061
0.1424418 -0.7673293 -0.214017 -0.5874631
0.1394172 -0.7650747 -0.2128962 -0.5915225
0.136231 -0.7626767 -0.2117099 -0.595772
0.1328893 -0.7601367 -0.2104596 -0.6001994
0.1293985 -0.7574563 -0.209147 -0.6047922
0.1257652 -0.7546369 -0.2077735 -0.6095379
0.121996 -0.7516806 -0.206341 -0.6144239
0.1180978 -0.7485894 -0.2048513 -0.6194376
0.1140775 -0.7453657 -0.2033062 -0.6245661
0.1099425 -0.7420124 -0.2017078 -0.6297969
0.1056999 -0.7385325 -0.2000582 -0.6351172
0.1013574 -0.7349296 -0.1983598 -0.6405144
0.09692274 -0.7312072 -0.1966148 -0.6459757
0.0924038 -0.7273699 -0.1948259 -0.6514887
0.08780862 -0.7234222 -0.1929957 -0.6570408
0.08314548 -0.7193692 -0.191127 -0.6626199
0.07842279 -0.7152166 -0.1892228 -0.668214
0.07364903 -0.7109702 -0.187286 -0.6738108
0.06883292 -0.7066367 -0.18532 -0.6793991
0.06398315 -0.7022227 -0.183328 -0.6849673
0.05910868 -0.6977357 -0.1813136 -0.6905045
0.05421838 -0.6931834 -0.1792802 -0.6959998
0.04932126 -0.688574 -0.1772316 -0.701443
0.04442633 -0.683916 -0.1751716 -0.7068241
0.03954265 -0.6792182 -0.173104 -0.7121334
0.03467926 -0.6744901 -0.1710329 -0.717362
0.02984516 -0.6697413 -0.1689622 -0.722501
0.02504932 -0.6649815 -0.1668961 -0.7275423
0.02030069 -0.6602211 -0.1648387 -0.7324781
0.01560804 -0.6554705 -0.1627943 -0.7373011
0.01098016 -0.6507403 -0.1607671 -0.7420044
0.006425627 -0.6460413 -0.1587614 -0.7465816
0.001953004 -0.6413848 -0.1567814 -0.7510269
-0.002429415 -0.6367816 -0.1548315 -0.7553347
-0.006713326 -0.632243 -0.152916 -0.7595001
-0.01089068 -0.6277804 -0.1510391 -0.7635183
-0.01495351 -0.6234053 -0.1492052 -0.7673853
-0.0188941 -0.6191287 -0.1474183 -0.7710969
-0.02270475 -0.6149623 -0.1456829 -0.7746499
-0.02637802 -0.6109173 -0.144003 -0.7780408
-0.02990657 -0.6070049 -0.1423828 -0.7812667
-0.0332832 -0.6032367 -0.1408264 -0.784325
-0.03650086 -0.5996235 -0.1393378 -0.787213
-0.03955256 -0.5961765 -0.1379211 -0.7899284
-0.04243151 -0.5929067 -0.1365802 -0.792469
-0.0451309 -0.589825 -0.1353191 -0.7948323
-0.04764405 -0.5869421 -0.1341416 -0.7970164
-0.04996435 -0.5842686 -0.1330516 -0.7990189
-0.05208516 -0.5818149 -0.1320528 -0.8008375
-0.05399994 -0.5795915 -0.1311491 -0.8024697
-0.05570205 -0.5776085 -0.1303442 -0.803913
-0.05718488 -0.5758759 -0.1296418 -0.8051645
-0.05844172 -0.5744037 -0.1290455 -0.8062209
-0.05946584 -0.5732017 -0.128559 -0.8070789
-0.06025032 -0.5722794 -0.128186 -0.8077342
-0.06078823 -0.5716462 -0.12793 -0.8081828
-0.06107238 -0.5713115 -0.1277948 -0.8084193
-0.06111805 -0.5712577 -0.127773 -0.8084574
-0.06105908 -0.5712664 -0.1276541 -0.8084744
-0.0608844 -0.5712922 -0.1273019 -0.8085249
-0.06059735 -0.5713344 -0.1267231 -0.8086076
-0.0602012 -0.5713922 -0.1259243 -0.8087211
-0.05969925 -0.5714649 -0.1249121 -0.8088639
-0.05909473 -0.5715514 -0.1236931 -0.8090346
-0.05839089 -0.5716506 -0.1222739 -0.8092313
-0.05759094 -0.5717617 -0.1206608 -0.8094522
-0.05669809 -0.5718833 -0.1188603 -0.8096956
-0.05571556 -0.5720145 -0.1168791 -0.8099596
-0.05464655 -0.5721539 -0.1147233 -0.8102421
-0.05349427 -0.5723003 -0.1123997 -0.8105412
-0.05226193 -0.5724525 -0.1099146 -0.8108549
-0.05095276 -0.5726094 -0.1072744 -0.8111809
-0.04956998 -0.5727694 -0.1044858 -0.8115175
-0.04811686 -0.5729315 -0.1015553 -0.8118626
-0.04659662 -0.5730943 -0.09848942 -0.812214
-0.04501259 -0.5732567 -0.09529479 -0.8125697
-0.04336802 -0.5734174 -0.09197803 -0.8129278
-0.04166628 -0.5735753 -0.08854587 -0.8132865
-0.03991066 -0.5737293 -0.08500502 -0.8136436
-0.03810457 -0.5738782 -0.08136226 -0.8139976
-0.03625137 -0.5740209 -0.07762442 -0.8143466
-0.03435447 -0.5741565 -0.07379837 -0.8146888
-0.03241733 -0.5742841 -0.06989104 -0.8150228
-0.03044337 -0.5744027 -0.06590938 -0.815347
-0.02843609 -0.5745117 -0.0618604 -0.8156599
-0.02639898 -0.5746102 -0.05775115 -0.8159602
-0.02433554 -0.5746975 -0.05358873 -0.8162468
-0.02224934 -0.5747731 -0.04938027 -0.8165185
-0.02014391 -0.5748366 -0.0451329 -0.8167743
-0.0180228 -0.5748873 -0.04085382 -0.8170133
-0.0158896 -0.5749251 -0.03655025 -0.8172349
-0.0137479 -0.5749496 -0.03222942 -0.8174382
-0.0116013 -0.5749608 -0.02789858 -0.8176229
-0.00945337 -0.5749585 -0.02356497 -0.8177885
-0.007307723 -0.5749428 -0.01923586 -0.8179349
-0.005167963 -0.5749137 -0.01491853 -0.8180618
-0.003037686 -0.5748715 -0.01062022 -0.8181692
-0.0009204781 -0.5748164 -0.006348186 -0.8182573
0.00118007 -0.5747489 -0.002109655 -0.8183263
0.003260381 -0.5746693 0.002088136 -0.8183766
0.005316895 -0.5745782 0.006238005 -0.8184086
0.007346055 -0.5744763 0.01033276 -0.8184231
0.009344331 -0.5743642 0.01436531 -0.8184205
0.01130821 -0.5742426 0.0183285 -0.8184019
0.01323419 -0.5741124 0.02221531 -0.8183681
0.01511878 -0.5739746 0.02601868 -0.81832
0.01695853 -0.57383 0.02973164 -0.8182589
0.01875 -0.5736797 0.0333472 -0.8181857
0.02048977 -0.5735248 0.03685852 -0.818102
0.02217443 -0.5733663 0.04025868 -0.8180089
0.02380062 -0.5732055 0.04354089 -0.8179078
0.02536498 -0.5730435 0.04669835 -0.8178002
0.02686417 -0.5728815 0.04972434 -0.8176874
0.02829488 -0.5727207 0.05261214 -0.817571
0.02965379 -0.5725625 0.05535507 -0.8174526
0.03093763 -0.572408 0.05794652 -0.8173336
0.0321431 -0.5722585 0.0603798 -0.8172156
0.03326696 -0.5721153 0.06264838 -0.8171001
0.03430595 -0.5719796 0.06474565 -0.8169886
0.03525678 -0.5718527 0.06666503 -0.8168827
0.03611624 -0.5717356 0.06839997 -0.8167836
0.03688106 -0.5716296 0.06994386 -0.8166929
0.03754799 -0.5715358 0.07129017 -0.8166118
0.03811375 -0.5714551 0.07243226 -0.8165415
0.03857508 -0.5713887 0.07336356 -0.8164831
0.03892866 -0.5713374 0.07407732 -0.8164378
0.03917121 -0.5713019 0.07456697 -0.8164065
0.03929937 -0.5712832 0.07482567 -0.8163898
0.03931997 -0.5712801 0.07486726 -0.8163871
-0.03933774 0.5716378 -0.07520439 0.8161048
-0.0393904 0.572698 -0.07620441 0.8152658
-0.03947696 0.5744419 -0.07785229 0.8138779
-0.03959644 0.5768519 -0.08013557 0.8119435
-0.03974788 0.5799113 -0.08304399 0.8094608
-0.03993029 0.5836036 -0.08656924 0.8064231
-0.04014267 0.5879129 -0.09070467 0.8028199
-0.04038399 0.5928227 -0.09544495 0.7986367
-0.04065315 0.5983167 -0.1007858 0.7938556
-0.04094899 0.6043772 -0.1067238 0.7884551
-0.04127023 0.6109859 -0.1132557 0.7824105
-0.0416155 0.6181224 -0.1203782 0.7756945
-0.0419833 0.6257647 -0.1280881 0.7682769
-0.04237194 0.6338878 -0.1363808 0.7601258
-0.04277957 0.6424645 -0.1452508 0.7512068
-0.04320415 0.6514636 -0.1546908 0.7414846
-0.0436434 0.6608505 -0.1646913 0.7309232
-0.04409479 0.6705861 -0.1752401 0.7194865
-0.04455559 0.6806272 -0.1863216 0.7071391
-0.04502278 0.6909254 -0.1979168 0.6938472
-0.04549307 0.7014276 -0.2100021 0.67958
-0.04596293 0.7120752 -0.2225493 0.6643103
-0.04642861 0.7228053 -0.2355251 0.648016
-0.04688614 0.7335501 -0.2488909 0.6306816
-0.0473314 0.7442374 -0.2626026 0.6122992
-0.04776011 0.7547919 -0.2766104 0.59287
-0.048168 0.7651358 -0.2908593 0.5724055
-0.04855077 0.7751899 -0.3052889 0.5509285
-0.04890428 0.7848752 -0.319835 0.5284742
-0.04922456 0.7941142 -0.3344292 0.5050908
-0.04950796 0.802833 -0.3490008 0.4808394
-0.04975122 0.8109626 -0.3634775 0.4557944
-0.04995159 0.8184409 -0.377787 0.4300423
-0.05010685 0.825214 -0.3918582 0.4036812
-0.05021545 0.8312377 -0.4056228 0.3768189
-0.05027653 0.8364791 -0.4190167 0.3495714
-0.0502899 0.8409162 -0.4319813 0.3220605
-0.05025611 0.8445398 -0.4444644 0.2944116
-0.05017639 0.8473522 -0.4564214 0.2667512
-0.0500526 0.8493673 -0.4678155 0.2392043
-0.04988719 0.8506098 -0.4786187 0.2118924
-0.04968311 0.8511145 -0.488811 0.1849312
-0.04944373 0.8509241 -0.4983811 0.1584293
-0.04917273 0.8500888 -0.507325 0.1324861
-0.04887401 0.8486639 -0.5156463 0.1071912
-0.04855162 0.8467088 -0.5233549 0.08262394
-0.04820963 0.8442855 -0.530466 0.05885286
-0.04785213 0.8414571 -0.5369998 0.03593613
-0.04748308 0.8382866 -0.5429799 0.01392142
-0.04710633 0.834836 -0.5484329 -0.007152712
-0.04672551 0.8311656 -0.5533874 -0.02725706
-0.04634408 0.8273329 -0.5578731 -0.04636997
-0.04596525 0.8233926 -0.5619205 -0.06447677
-0.045592 0.8193961 -0.5655599 -0.08156876
-0.04522707 0.8153914 -0.5688211 -0.09764204
-0.04487297 0.8114226 -0.5717335 -0.1126969
-0.04453197 0.8075309 -0.5743247 -0.1267361
-0.04420615 0.8037535 -0.5766211 -0.1397652
-0.04389739 0.8001248 -0.5786475 -0.1517905
-0.0436074 0.7966761 -0.5804271 -0.1628192
-0.04333771 0.7934357 -0.5819809 -0.1728583
-0.04308975 0.7904297 -0.583328 -0.1819138
-0.04286481 0.7876816 -0.5844859 -0.1899908
-0.04266408 0.7852132 -0.5854697 -0.1970921
-0.04248869 0.7830442 -0.5862925 -0.2032182
-0.04233966 0.7811928 -0.5869655 -0.2083669
-0.04221802 0.7796758 -0.5874975 -0.2125326
-0.04212471 0.7785088 -0.5878952 -0.2157055
-0.04206067 0.7777062 -0.588163 -0.2178721
-0.04202683 0.7772815 -0.5883029 -0.2190136
-0.04202139 0.7772132 -0.5883253 -0.2191969
-0.04202941 0.7772821 -0.5881377 -0.2194539
-0.04205316 0.7774859 -0.5875818 -0.2202154
-0.04209212 0.7778195 -0.5866665 -0.2214671
-0.04214574 0.7782768 -0.5853998 -0.2231949
-0.04221349 0.7788517 -0.5837891 -0.2253851
-0.04229475 0.7795369 -0.5818406 -0.228024
-0.0423889 0.7803248 -0.5795603 -0.2310979
-0.04249531 0.7812074 -0.5769533 -0.2345935
-0.04261331 0.7821761 -0.5740243 -0.2384969
-0.0427422 0.7832218 -0.5707778 -0.2427948
-0.0428813 0.7843354 -0.567218 -0.2474732
-0.04302988 0.785507 -0.5633488 -0.2525182
-0.04318717 0.7867265 -0.5591742 -0.2579156
-0.04335242 0.787984 -0.5546982 -0.2636508
-0.04352485 0.7892689 -0.5499249 -0.2697091
-0.04370368 0.7905706 -0.5448585 -0.2760752
-0.04388808 0.7918783 -0.5395037 -0.2827336
-0.04407726 0.7931817 -0.5338655 -0.2896682
-0.04427039 0.7944697 -0.5279495 -0.2968625
-0.04446664 0.795732 -0.5217615 -0.3042997
-0.04466519 0.7969579 -0.5153084 -0.3119623
-0.04486521 0.7981373 -0.5085973 -0.3198325
-0.04506589 0.7992602 -0.5016363 -0.3278921
-0.04526642 0.800317 -0.4944343 -0.3361225
-0.04546602 0.8012987 -0.4870009 -0.3445046
-0.0456639 0.8021964 -0.4793467 -0.353019
-0.04585932 0.8030024 -0.4714829 -0.3616463
-0.04605155 0.8037089 -0.463422 -0.3703665
-0.04623992 0.8043095 -0.455177 -0.3791596
-0.04642376 0.8047981 -0.446762 -0.3880058
-0.04660247 0.8051698 -0.4381919 -0.396885
-0.04677548 0.8054203 -0.4294825 -0.4057772
-0.04694227 0.8055463 -0.42065 -0.4146627
-0.04710238 0.8055455 -0.411712 -0.4235221
-0.04725541 0.8054167 -0.4026862 -0.4323363
-0.047401 0.8051595 -0.3935911 -0.4410866
-0.04753884 0.8047745 -0.3844458 -0.4497549
-0.04766872 0.8042636 -0.3752697 -0.4583236
-0.04779045 0.8036293 -0.3660826 -0.4667758
-0.04790393 0.8028753 -0.3569046 -0.4750954
-0.04800909 0.8020062 -0.347756 -0.483267
-0.04810593 0.8010274 -0.3386572 -0.4912761
-0.04819454 0.7999453 -0.3296285 -0.499109
-0.04827503 0.7987671 -0.3206903 -0.5067529
-0.04834754 0.7975003 -0.3118626 -0.5141959
-0.04841232 0.7961537 -0.3031656 -0.521427
-0.04846961 0.7947363 -0.2946188 -0.5284361
-0.04851973 0.7932577 -0.2862414 -0.5352139
-0.04856301 0.791728 -0.2780526 -0.541752
-0.04859983 0.7901574 -0.2700708 -0.5480429
-0.04863058 0.7885569 -0.2623141 -0.5540797
-0.0486557 0.7869374 -0.2548 -0.5598563
-0.04867562 0.7853099 -0.2475458 -0.5653671
-0.04869083 0.7836859 -0.2405681 -0.5706074
-0.04870176 0.7820762 -0.233883 -0.5755724
-0.04870891 0.7804924 -0.2275063 -0.5802585
-0.04871276 0.7789456 -0.2214533 -0.5846618
-0.04871378 0.7774466 -0.2157389 -0.5887789
-0.04871245 0.7760064 -0.2103776 -0.5926065
-0.04870923 0.7746356 -0.2053839 -0.5961416
-0.04870455 0.7733443 -0.2007714 -0.5993807
-0.04869886 0.7721429 -0.1965542 -0.6023208
-0.04869257 0.7710407 -0.1927457 -0.6049582
-0.04868605 0.7700471 -0.1893595 -0.6072891
-0.04867967 0.7691711 -0.1864092 -0.6093093
-0.04867375 0.7684208 -0.1839082 -0.611014
-0.04866858 0.7678044 -0.1818702 -0.6123978
-0.04866441 0.767329 -0.180309 -0.6134547
-0.04866144 0.7670015 -0.1792384 -0.6141778
-0.04865984 0.766828 -0.178673 -0.6145593
-0.04865958 0.7668001 -0.178582 -0.6146205
-0.0487917 0.7670532 -0.1787889 -0.6142339
-0.0491834 0.7678029 -0.1794021 -0.6130862
-0.04982829 0.7690336 -0.1804111 -0.6111927
-0.05072065 0.7707291 -0.1818061 -0.6085644
-0.05185532 0.7728729 -0.1835782 -0.6052088
-0.05322765 0.7754473 -0.1857186 -0.6011297
-0.05483341 0.7784342 -0.1882192 -0.5963281
-0.05666862 0.781814 -0.1910719 -0.5908022
-0.05872952 0.785566 -0.194269 -0.5845481
-0.06101248 0.7896686 -0.1978022 -0.5775596
-0.06351384 0.7940984 -0.2016636 -0.5698295
-0.06622978 0.7988303 -0.2058444 -0.5613484
-0.0691563 0.8038374 -0.2103355 -0.5521067
-0.07228902 0.8090911 -0.2151268 -0.5420945
-0.0756231 0.8145603 -0.2202075 -0.5313016
-0.07915308 0.8202121 -0.2255657 -0.5197183
-0.08287284 0.826011 -0.231188 -0.5073362
-0.08677543 0.8319195 -0.2370601 -0.4941484
-0.09085292 0.8378975 -0.2431656 -0.48015
-0.0950964 0.8439031 -0.249487 -0.4653392
-0.09949588 0.8498921 -0.2560045 -0.4497173
-0.1040401 0.8558188 -0.2626971 -0.4332898
-0.1087166 0.8616359 -0.2695417 -0.4160669
-0.1135118 0.8672951 -0.2765135 -0.3980636
-0.1184107 0.8727477 -0.2835861 -0.3793011
-0.1233973 0.8779451 -0.2907316 -0.3598064
-0.1284543 0.8828395 -0.2979208 -0.3396133
-0.1335635 0.8873845 -0.3051235 -0.3187619
-0.1387061 0.8915363 -0.3123088 -0.2972994
-0.1438623 0.8952538 -0.3194456 -0.2752796
-0.1490121 0.8985003 -0.3265025 -0.2527626
-0.1541353 0.9012432 -0.3334491 -0.2298147
-0.159212 0.9034557 -0.3402557 -0.2065074
-0.1642224 0.905117 -0.3468941 -0.1829169
-0.1691477 0.9062126 -0.3533379 -0.1591231
-0.17397 0.9067345 -0.3595633 -0.1352082
-0.1786725 0.9066821 -0.3655487 -0.1112563
-0.18324 0.9060614 -0.3712757 -0.08735153
-0.1876589 0.9048854 -0.3767288 -0.06357756
-0.1919174 0.9031732 -0.3818961 -0.04001574
-0.1960057 0.9009503 -0.3867688 -0.01674477
-0.1999159 0.898247 -0.3913413 0.006160725
-0.2036419 0.8950987 -0.3956116 0.02863072
-0.2071796 0.8915447 -0.3995802 0.05060049
-0.2105269 0.887627 -0.4032508 0.07201114
-0.2136831 0.8833903 -0.4066293 0.0928096
-0.2166494 0.8788808 -0.4097244 0.1129494
-0.219428 0.8741454 -0.4125458 0.1323897
-0.2220226 0.8692315 -0.4151057 0.1510959
-0.2244378 0.8641856 -0.4174169 0.1690391
-0.2266792 0.8590536 -0.4194934 0.1861956
-0.2287529 0.8538801 -0.4213499 0.2025467
-0.2306656 0.848708 -0.4230014 0.2180779
-0.2324241 0.8435783 -0.4244629 0.2327787
-0.2340358 0.8385299 -0.4257496 0.2466417
-0.2355078 0.8335997 -0.4268762 0.2596622
-0.2368472 0.8288221 -0.427857 0.2718376
-0.2380611 0.8242297 -0.428706 0.2831671
-0.2391561 0.8198526 -0.4294363 0.2936505
-0.2401387 0.8157191 -0.4300602 0.3032885
-0.2410147 0.8118557 -0.4305893 0.3120819
-0.2417896 0.8082868 -0.4310345 0.3200306
-0.2424684 0.8050352 -0.4314053 0.3271342
-0.2430555 0.8021226 -0.4317107 0.3333906
-0.2435544 0.7995688 -0.4319585 0.3387963
-0.2439684 0.7973927 -0.4321553 0.3433456
-0.2442997 0.795612 -0.4323069 0.3470303
-0.2445499 0.7942435 -0.4324177 0.3498394
-0.2447196 0.7933029 -0.432491 0.3517589
-0.2448087 0.7928054 -0.4325289 0.3527707
-0.2448229 0.7927254 -0.4325349 0.3529331
0.2448089 -0.7927386 0.4324567 -0.353009
0.2447674 -0.7927777 0.432225 -0.3532338
0.244699 -0.7928416 0.4318443 -0.353603
0.2446046 -0.7929295 0.4313187 -0.3541123
0.2444848 -0.7930403 0.4306526 -0.3547572
0.2443403 -0.7931727 0.42985 -0.3555333
0.2441717 -0.7933255 0.4289152 -0.3564361
0.2439796 -0.7934974 0.4278521 -0.357461
0.2437647 -0.7936872 0.426665 -0.3586035
0.2435275 -0.7938933 0.4253577 -0.3598592
0.2432685 -0.7941144 0.4239344 -0.3612233
0.2429885 -0.7943491 0.4223991 -0.3626915
0.2426879 -0.7945959 0.4207557 -0.3642589
0.2423673 -0.7948533 0.4190084 -0.3659212
0.2420273 -0.7951199 0.4171611 -0.3676735
0.2416684 -0.7953942 0.4152178 -0.3695114
0.2412913 -0.7956747 0.4131826 -0.3714302
0.2408965 -0.7959601 0.4110596 -0.3734252
0.2404846 -0.7962488 0.4088531 -0.3754919
0.2400563 -0.7965396 0.4065669 -0.3776256
0.2396121 -0.796831 0.4042054 -0.3798216
0.2391527 -0.7971218 0.4017728 -0.3820753
0.2386788 -0.7974106 0.3992734 -0.3843821
0.238191 -0.7976963 0.3967113 -0.3867374
0.2376901 -0.7979777 0.3940911 -0.3891366
0.2371767 -0.7982537 0.3914171 -0.391575
0.2366516 -0.7985232 0.3886938 -0.3940481
0.2361155 -0.7987853 0.3859256 -0.3965514
0.2355693 -0.7990391 0.383117 -0.3990802
0.2350138 -0.7992836 0.3802729 -0.4016302
0.2344498 -0.7995183 0.3773975 -0.4041967
0.2338781 -0.7997423 0.3744958 -0.4067755
0.2332996 -0.7999551 0.3715725 -0.4093619
0.2327153 -0.8001561 0.3686322 -0.4119517
0.2321261 -0.8003449 0.3656799 -0.4145404
0.2315329 -0.8005211 0.3627204 -0.417124
0.2309368 -0.8006845 0.3597586 -0.4196978
0.2303387 -0.8008349 0.3567994 -0.4222579
0.2297396 -0.8009721 0.3538478 -0.4248001
0.2291407 -0.8010961 0.3509088 -0.4273202
0.228543 -0.8012071 0.3479874 -0.429814
0.2279476 -0.801305 0.3450888 -0.4322777
0.2273556 -0.8013901 0.3422178 -0.4347073
0.2267681 -0.8014627 0.3393797 -0.4370987
0.2261863 -0.8015231 0.3365796 -0.4394482
0.2256114 -0.8015718 0.3338225 -0.4417518
0.2250446 -0.8016093 0.3311137 -0.444006
0.224487 -0.8016361 0.3284582 -0.4462067
0.2239398 -0.8016528 0.3258613 -0.4483506
0.2234043 -0.8016601 0.3233281 -0.4504338
0.2228818 -0.8016587 0.3208638 -0.4524528
0.2223734 -0.8016494 0.3184734 -0.4544041
0.2218804 -0.8016329 0.3161621 -0.4562841
0.221404 -0.8016102 0.3139353 -0.4580894
0.2209456 -0.8015821 0.3117979 -0.4598165
0.2205064 -0.8015495 0.3097551 -0.4614621
0.2200875 -0.8015132 0.307812 -0.4630226
0.2196904 -0.8014742 0.3059737 -0.4644947
0.2193163 -0.8014334 0.3042455 -0.4658751
0.2189663 -0.8013917 0.3026323 -0.4671604
0.2186418 -0.80135 0.3011393 -0.4683471
0.2183441 -0.8013092 0.2997715 -0.4694321
0.2180742 -0.8012702 0.2985339 -0.4704118
0.2178336 -0.8012337 0.2974317 -0.4712828
0.2176233 -0.8012006 0.2964698 -0.4720417
0.2174447 -0.8011715 0.2956533 -0.4726852
0.2172988 -0.8011471 0.2949872 -0.4732095
0.2171868 -0.801128 0.2944764 -0.4736112
0.21711 -0.8011147 0.2941259 -0.4738866
0.2170694 -0.8011076 0.2939406 -0.4740322
0.2170628 -0.8011065 0.2939109 -0.4740556
-0.2171588 0.8010606 -0.2938524 0.4741252
-0.217443 0.8009248 -0.2936793 0.4743316
-0.21791 0.8007014 -0.2933948 0.4746705
-0.2185543 0.8003924 -0.2930019 0.4751378
-0.2193702 0.8 -0.2925038 0.4757293
-0.2203524 0.7995259 -0.2919034 0.4764406
-0.2214951 0.7989719 -0.2912037 0.4772675
-0.2227928 0.7983397 -0.2904077 0.4782054
-0.22424 0.7976309 -0.2895182 0.47925
-0.2258311 0.796847 -0.2885381 0.4803968
-0.2275603 0.7959893 -0.2874702 0.4816412
-0.2294221 0.7950594 -0.2863174 0.4829789
-0.2314108 0.7940586 -0.2850824 0.4844049
-0.2335207 0.7929882 -0.2837682 0.4859149
-0.2357462 0.7918499 -0.2823776 0.4875044
-0.2380814 0.7906448 -0.2809134 0.4891685
-0.2405207 0.7893744 -0.2793785 0.4909028
-0.2430583 0.7880403 -0.2777758 0.4927025
-0.2456883 0.786644 -0.2761084 0.494563
-0.248405 0.7851871 -0.2743791 0.4964798
-0.2512026 0.7836713 -0.272591 0.4984483
-0.2540753 0.7820983 -0.2707472 0.5004637
-0.2570171 0.7804701 -0.2688508 0.5025216
-0.2600223 0.7787884 -0.2669049 0.5046175
-0.263085 0.7770556 -0.2649128 0.5067466
-0.2661994 0.7752735 -0.2628777 0.5089049
-0.2693596 0.7734447 -0.260803 0.5110877
-0.2725596 0.7715714 -0.2586921 0.5132905
-0.2757939 0.7696564 -0.2565483 0.5155092
-0.2790565 0.767702 -0.2543752 0.5177396
-0.2823416 0.7657114 -0.2521763 0.5199773
-0.2856435 0.7636873 -0.2499552 0.5222183
-0.2889564 0.7616327 -0.2477156 0.5244586
-0.2922747 0.759551 -0.2454611 0.5266941
-0.2955926 0.7574455 -0.2431955 0.5289209
-0.2989045 0.7553196 -0.2409226 0.5311353
-0.3022051 0.7531769 -0.2386463 0.5333337
-0.3054886 0.7510211 -0.2363702 0.5355121
-0.3087496 0.7488561 -0.2340985 0.5376673
-0.3119827 0.7466859 -0.231835 0.5397959
-0.3151827 0.7445145 -0.2295837 0.5418944
-0.3183442 0.742346 -0.2273485 0.5439596
-0.3214621 0.740185 -0.2251336 0.5459883
-0.3245312 0.7380356 -0.2229429 0.5479776
-0.3275465 0.7359024 -0.2207805 0.5499245
-0.330503 0.7337899 -0.2186504 0.5518262
-0.3333958 0.7317029 -0.2165568 0.5536798
-0.33622 0.729646 -0.2145037 0.5554828
-0.338971 0.7276239 -0.2124951 0.5572324
-0.3416439 0.7256416 -0.2105353 0.5589263
-0.3442342 0.7237039 -0.2086281 0.560562
-0.3467372 0.7218158 -0.2067778 0.5621372
-0.3491486 0.7199823 -0.2049884 0.5636495
-0.3514637 0.7182081 -0.2032639 0.5650966
-0.3536782 0.7164985 -0.2016085 0.5664765
-0.3557878 0.7148584 -0.2000261 0.567787
-0.3577881 0.7132929 -0.1985208 0.5690259
-0.3596748 0.7118068 -0.1970965 0.5701912
-0.3614436 0.7104055 -0.1957574 0.5712808
-0.3630902 0.7090935 -0.1945073 0.5722926
-0.3646105 0.7078761 -0.1933502 0.5732245
-0.366 0.7067581 -0.1922902 0.5740744
-0.3672545 0.7057444 -0.191331 0.5748404
-0.3683698 0.7048397 -0.1904767 0.57552
-0.3693415 0.7040489 -0.1897312 0.5761113
-0.3701651 0.7033766 -0.1890984 0.5766117
-0.3708362 0.7028275 -0.188582 0.577019
-0.3713503 0.7024059 -0.1881862 0.5773308
-0.3717029 0.7021165 -0.1879145 0.5775444
-0.3718891 0.7019635 -0.1877709 0.5776572
-0.3719191 0.7019389 -0.1877478 0.5776753
-0.3717747 0.7022477 -0.1877214 0.5774015
-0.3713462 0.7031623 -0.1876429 0.5765892
-0.3706398 0.7046646 -0.1875131 0.5752503
-0.3696603 0.7067365 -0.1873321 0.5733947
-0.3684113 0.7093596 -0.1870999 0.5710304
-0.3668956 0.7125151 -0.1868159 0.5681636
-0.365115 0.7161836 -0.1864791 0.5647988
-0.3630704 0.7203456 -0.1860884 0.5609396
-0.3607622 0.7249808 -0.1856423 0.5565882
-0.3581902 0.7300682 -0.185139 0.5517461
-0.3553538 0.7355861 -0.1845765 0.5464141
-0.3522521 0.7415118 -0.1839527 0.5405926
-0.3488838 0.7478217 -0.1832654 0.5342814
-0.345248 0.7544913 -0.1825121 0.5274809
-0.3413434 0.7614948 -0.1816904 0.5201914
-0.3371691 0.7688053 -0.1807979 0.5124135
-0.3327247 0.7763948 -0.179832 0.5041487
-0.32801 0.784234 -0.1787905 0.4953993
-0.3230255 0.7922925 -0.177671 0.4861689
-0.3177724 0.8005388 -0.1764715 0.4764621
-0.3122529 0.8089404 -0.1751902 0.4662854
-0.3064702 0.8174636 -0.1738254 0.455647
-0.3004283 0.8260742 -0.1723759 0.444557
-0.2941326 0.8347374 -0.1708408 0.4330277
-0.2875901 0.8434178 -0.1692197 0.4210737
-0.280809 0.85208 -0.1675127 0.4087121
-0.2737986 0.8606886 -0.1657204 0.3959623
-0.2665702 0.869209 -0.1638438 0.3828463
-0.2591364 0.8776067 -0.1618847 0.3693887
-0.2515115 0.8858488 -0.1598455 0.3556167
-0.2437109 0.8939036 -0.1577292 0.3415595
-0.2357517 0.901741 -0.1555394 0.3272491
-0.2276522 0.909333 -0.1532803 0.312719
-0.219432 0.916654 -0.1509568 0.2980053
-0.2111118 0.9236809 -0.1485744 0.283145
-0.202713 0.9303935 -0.146139 0.2681769
-0.1942578 0.9367745 -0.1436573 0.2531405
-0.1857693 0.9428096 -0.141136 0.2380763
-0.1772705 0.9484882 -0.1385826 0.2230249
-0.1687848 0.9538025 -0.1360046 0.2080269
-0.1603354 0.9587481 -0.1334101 0.1931228
-0.1519456 0.9633237 -0.130807 0.1783522
-0.143638 0.9675312 -0.1282036 0.1637539
-0.1354348 0.9713753 -0.1256081 0.1493655
-0.1273575 0.9748635 -0.1230287 0.1352232
-0.1194266 0.9780055 -0.1204734 0.1213614
-0.1116619 0.9808139 -0.1179502 0.1078129
-0.1040822 0.9833024 -0.115467 0.09460874
-0.09670512 0.985487 -0.1130311 0.08177777
-0.08954734 0.9873849 -0.1106499 0.06934716
-0.08262438 0.9890145 -0.1083303 0.05734185
-0.07595073 0.9903951 -0.1060791 0.04578519
-0.06953984 0.9915465 -0.1039025 0.03469842
-0.06340428 0.992489 -0.1018066 0.0241013
-0.05755552 0.993243 -0.09979715 0.01401194
-0.05200437 0.9938287 -0.09787957 0.004446985
-0.04676086 0.9942662 -0.09605899 -0.004577977
-0.04183432 0.9945751 -0.09434029 -0.01304873
-0.03723364 0.9947745 -0.09272817 -0.02095156
-0.03296722 0.9948826 -0.09122703 -0.02827371
-0.02904312 0.994917 -0.08984113 -0.03500276
-0.02546938 0.9948942 -0.08857464 -0.04112643
-0.02225373 0.9948296 -0.08743153 -0.04663276
-0.01940412 0.9947374 -0.08641575 -0.05150934
-0.01692859 0.9946308 -0.08553119 -0.05574344
-0.01483546 0.9945214 -0.08478172 -0.05932191
-0.01313346 0.9944195 -0.08417127 -0.06223055
-0.01183192 0.9943336 -0.08370382 -0.06445417
-0.01094053 0.9942709 -0.08338336 -0.06597675
-0.01047001 0.9942365 -0.08321411 -0.06678024
-0.01039442 0.9942309 -0.08318691 -0.06690937
0.01036979 -0.9942232 0.08307607 0.06716522
0.0102968 -0.9941998 0.08274765 0.06792309
0.01017678 -0.99416 0.08220763 0.0691689
0.01001104 -0.9941019 0.08146175 0.07088882
0.009800838 -0.9940232 0.08051559 0.07306926
0.0095474 -0.9939208 0.07937454 0.07569683
0.009251935 -0.9937911 0.07804391 0.0787583
0.008915633 -0.9936299 0.07652885 0.08224052
0.008539668 -0.9934326 0.07483451 0.0861304
0.008125214 -0.9931944 0.07296593 0.09041484
0.00767344 -0.9929098 0.07092818 0.09508071
0.007185521 -0.9925735 0.06872633 0.1001147
0.006662642 -0.9921796 0.06636549 0.1055036
0.006106006 -0.9917222 0.06385082 0.1112336
0.005516833 -0.9911955 0.06118761 0.117291
0.004896369 -0.9905935 0.05838121 0.1236618
0.004245887 -0.9899103 0.05543713 0.1303317
0.003566695 -0.9891402 0.05236102 0.1372859
0.002860132 -0.9882774 0.04915868 0.1445094
0.002127576 -0.9873168 0.0458361 0.1519871
0.00137044 -0.9862532 0.04239944 0.1597032
0.0005901874 -0.9850819 0.03885508 0.1676416
-0.0002116891 -0.9837986 0.03520957 0.1757859
-0.001033654 -0.9823994 0.03146966 0.1841195
-0.001874124 -0.9808812 0.02764233 0.1926253
-0.002731485 -0.9792411 0.02373474 0.201286
-0.003604081 -0.9774772 0.01975422 0.2100838
-0.004490227 -0.9755879 0.01570828 0.2190009
-0.005388204 -0.9735726 0.01160464 0.2280193
-0.006296256 -0.9714313 0.007451133 0.2371206
-0.007212625 -0.9691647 0.003255715 0.2462867
-0.008135515 -0.9667746 -0.0009735067 0.255499
-0.009063122 -0.9642633 -0.005228354 0.2647392
-0.009993633 -0.961634 -0.009500572 0.2739889
-0.01092523 -0.9588908 -0.01378185 0.2832299
-0.01185611 -0.9560385 -0.01806392 0.2924441
-0.01278446 -0.9530828 -0.02233842 0.3016136
-0.01370848 -0.9500301 -0.02659709 0.3107209
-0.01462641 -0.9468877 -0.03083169 0.3197487
-0.01553649 -0.9436634 -0.03503408 0.3286801
-0.016437 -0.9403659 -0.03919624 0.3374987
-0.01732625 -0.9370046 -0.04331021 0.3461885
-0.01820259 -0.9335892 -0.04736823 0.3547341
-0.01906441 -0.9301301 -0.05136268 0.3631203
-0.01991014 -0.9266385 -0.05528617 0.3713329
-0.02073826 -0.9231257 -0.05913139 0.3793578
-0.02154731 -0.9196035 -0.06289136 0.387182
-0.02233584 -0.916084 -0.06655917 0.3947925
-0.0231025 -0.9125797 -0.07012825 0.4021773
-0.02384594 -0.9091033 -0.07359215 0.4093247
-0.0245649 -0.9056676 -0.07694468 0.4162238
-0.02525813 -0.9022857 -0.08017983 0.4228638
-0.02592447 -0.8989705 -0.0832918 0.4292347
-0.02656276 -0.8957351 -0.08627497 0.435327
-0.02717189 -0.8925928 -0.08912388 0.4411313
-0.0277508 -0.8895563 -0.09183328 0.4466388
-0.02829843 -0.8866387 -0.09439796 0.4518407
-0.02881379 -0.8838528 -0.09681296 0.4567289
-0.02929585 -0.8812111 -0.09907328 0.4612952
-0.02974366 -0.8787262 -0.1011741 0.4655314
-0.03015623 -0.8764101 -0.1031106 0.4694296
-0.0305326 -0.8742749 -0.104878 0.4729818
-0.0308718 -0.8723322 -0.1064715 0.4761799
-0.03117283 -0.8705934 -0.1078863 0.4790156
-0.0314347 -0.8690696 -0.1091174 0.4814804
-0.03165639 -0.8677714 -0.1101599 0.4835655
-0.03183684 -0.866709 -0.1110087 0.4852618
-0.03197495 -0.8658925 -0.1116585 0.4865595
-0.03206959 -0.8653314 -0.1121038 0.4874484
-0.03211957 -0.8650345 -0.112339 0.4879178
-0.0321276 -0.8649867 -0.1123768 0.4879932
0.03212999 0.865235 0.1125016 -0.4875239
0.03213703 0.86597 0.1128716 -0.4861309
0.03214845 0.8671761 0.1134806 -0.483833
0.03216388 0.8688365 0.114323 -0.4806442
0.03218291 0.8709339 0.1153934 -0.4765739
0.032205 0.8734496 0.1166869 -0.4716278
0.03222958 0.8763637 0.1181991 -0.4658079
0.03225598 0.8796548 0.1199255 -0.4591132
0.03228345 0.8833002 0.1218617 -0.45154
0.03231116 0.8872752 0.1240032 -0.4430822
0.03233822 0.8915533 0.1263456 -0.4337323
0.03236363 0.8961056 0.1288841 -0.4234811
0.03238631 0.900901 0.1316133 -0.4123184
0.03240511 0.9059055 0.1345277 -0.4002341
0.03241879 0.9110827 0.1376207 -0.3872181
0.03242602 0.9163929 0.1408853 -0.3732613
0.03242541 0.9217935 0.1443135 -0.3583561
0.03241548 0.9272388 0.1478961 -0.3424971
0.03239473 0.9326801 0.1516231 -0.3256824
0.03236156 0.9380656 0.155483 -0.3079134
0.03231437 0.9433413 0.1594631 -0.2891963
0.03225156 0.9484503 0.1635495 -0.2695432
0.03217152 0.953334 0.1677268 -0.2489721
0.03207268 0.9579327 0.1719782 -0.2275079
0.03195357 0.962186 0.1762858 -0.2051837
0.03181277 0.9660341 0.1806304 -0.1820402
0.03164907 0.9694184 0.1849919 -0.1581274
0.03146136 0.9722828 0.1893494 -0.1335034
0.03124881 0.9745749 0.1936812 -0.1082353
0.03101077 0.9762471 0.1979657 -0.08239903
0.03074692 0.9772577 0.2021812 -0.05607787
0.03045721 0.9775724 0.2063066 -0.02936261
0.03014189 0.9771647 0.2103213 -0.002349741
0.02980157 0.9760172 0.2142064 0.02485917
0.02943718 0.9741218 0.2179441 0.0521595
0.02904996 0.9714804 0.2215187 0.07944534
0.02864146 0.9681045 0.2249166 0.1066103
0.02821352 0.9640158 0.2281267 0.1335502
0.02776819 0.9592448 0.2311402 0.1601642
0.02730777 0.9538305 0.2339508 0.1863564
0.02683469 0.9478195 0.2365552 0.2120373
0.02635151 0.9412648 0.2389522 0.2371245
0.02586085 0.9342248 0.2411432 0.261544
0.02536537 0.9267616 0.2431316 0.2852306
0.0248677 0.9189404 0.244923 0.3081281
0.02437041 0.9108275 0.2465245 0.3301893
0.02387599 0.90249 0.2479447 0.3513762
0.02338684 0.8939941 0.2491935 0.3716587
0.02290518 0.8854048 0.2502814 0.3910153
0.02243312 0.8767847 0.2512199 0.4094311
0.02197258 0.8681939 0.2520206 0.4268983
0.02152537 0.8596892 0.2526954 0.4434141
0.02109309 0.8513241 0.2532562 0.4589812
0.02067722 0.8431484 0.2537146 0.4736054
0.02027907 0.8352085 0.2540821 0.4872964
0.01989983 0.8275471 0.2543697 0.5000659
0.01954058 0.8202037 0.2545879 0.5119269
0.01920225 0.8132142 0.2547466 0.522894
0.01888572 0.8066121 0.2548552 0.5329813
0.01859177 0.8004278 0.2549225 0.5422031
0.01832111 0.7946894 0.2549564 0.5505729
0.01807441 0.7894228 0.2549645 0.5581023
0.0178523 0.7846523 0.2549535 0.5648016
0.0176554 0.7804006 0.2549294 0.5706788
0.01748429 0.776689 0.2548977 0.5757393
0.01733959 0.773538 0.2548633 0.5799854
0.01722192 0.7709674 0.2548301 0.583416
0.01713193 0.7689967 0.2548017 0.5860263
0.0170703 0.7676445 0.2547806 0.5878072
0.01703777 0.7669301 0.2547691 0.5887451
0.01703254 0.7668152 0.2547671 0.5888957
-0.01708539 -0.7670941 -0.2548025 -0.5885154
-0.01724205 -0.76792 -0.254907 -0.5873876
-0.01749985 -0.769276 -0.255078 -0.5855284
-0.01785633 -0.771145 -0.2553121 -0.5829514
-0.0183092 -0.7735094 -0.255606 -0.5796667
-0.01885634 -0.7763508 -0.2559557 -0.5756827
-0.01949573 -0.7796503 -0.2563567 -0.5710049
-0.02022541 -0.7833881 -0.2568045 -0.5656374
-0.02104353 -0.7875436 -0.2572938 -0.5595822
-0.02194821 -0.7920952 -0.2578192 -0.5528407
-0.02293758 -0.7970203 -0.2583749 -0.5454126
-0.02400972 -0.802295 -0.2589546 -0.5372976
-0.02516262 -0.8078942 -0.2595519 -0.5284947
-0.02639417 -0.8137913 -0.2601596 -0.519003
-0.0277021 -0.8199583 -0.2607706 -0.5088218
-0.02908396 -0.8263658 -0.2613772 -0.4979515
-0.03053709 -0.8329825 -0.2619716 -0.4863934
-0.03205859 -0.8397761 -0.2625456 -0.47415
-0.03364529 -0.8467124 -0.2630908 -0.461226
-0.03529373 -0.8537559 -0.2635988 -0.4476282
-0.03700014 -0.8608699 -0.2640609 -0.4333659
-0.03876043 -0.8680165 -0.2644685 -0.4184513
-0.04057021 -0.8751569 -0.2648132 -0.4029
-0.04242472 -0.8822518 -0.2650866 -0.386731
-0.0443189 -0.8892617 -0.2652807 -0.3699672
-0.04624738 -0.8961467 -0.2653877 -0.3526353
-0.0482045 -0.9028679 -0.2654007 -0.3347662
-0.05018439 -0.9093871 -0.2653132 -0.3163949
-0.05218093 -0.9156674 -0.2651193 -0.2975604
-0.05418783 -0.921674 -0.2648142 -0.2783061
-0.05619875 -0.9273742 -0.2643941 -0.2586787
-0.05820726 -0.9327382 -0.2638561 -0.2387287
-0.06020697 -0.9377394 -0.2631984 -0.2185096
-0.06219155 -0.942355 -0.2624207 -0.1980778
-0.06415486 -0.9465656 -0.2615235 -0.1774916
-0.06609095 -0.9503565 -0.2605088 -0.1568108
-0.06799418 -0.9537172 -0.2593799 -0.1360967
-0.06985924 -0.9566417 -0.258141 -0.1154105
-0.07168119 -0.9591284 -0.2567976 -0.09481321
-0.07345556 -0.9611802 -0.2553563 -0.07436494
-0.07517835 -0.9628042 -0.2538246 -0.05412444
-0.076846 -0.9640116 -0.2522107 -0.03414838
-0.07845552 -0.9648174 -0.2505239 -0.01449087
-0.08000436 -0.9652398 -0.2487737 0.004796747
-0.08149058 -0.9653004 -0.2469704 0.02366647
-0.08291258 -0.965023 -0.2451245 0.04207358
-0.08426934 -0.9644338 -0.2432465 0.05997726
-0.08556023 -0.9635608 -0.2413474 0.07733981
-0.08678501 -0.9624333 -0.239438 0.09412782
-0.08794381 -0.9610814 -0.2375289 0.110311
-0.08903708 -0.9595359 -0.2356308 0.125863
-0.09006553 -0.9578278 -0.2337537 0.14076
-0.09103012 -0.9559879 -0.2319077 0.1549819
-0.09193198 -0.9540469 -0.2301024 0.168511
-0.09277239 -0.9520345 -0.2283469 0.1813321
-0.09355268 -0.9499799 -0.22665 0.193432
-0.09427431 -0.9479112 -0.2250201 0.2047993
-0.09493875 -0.9458554 -0.223465 0.2154243
-0.09554739 -0.9438385 -0.2219925 0.2252977
-0.09610163 -0.9418849 -0.2206095 0.2344117
-0.0966028 -0.940018 -0.2193229 0.2427582
-0.09705208 -0.9382598 -0.2181391 0.2503295
-0.09745052 -0.9366308 -0.2170641 0.2571173
-0.097799 -0.9351503 -0.2161039 0.2631128
-0.09809826 -0.9338361 -0.2152639 0.2683063
-0.09834877 -0.9327047 -0.2145496 0.2726868
-0.09855075 -0.931771 -0.2139658 0.2762412
-0.0987042 -0.9310488 -0.2135178 0.2789549
-0.09880877 -0.9305501 -0.2132101 0.2808112
-0.09886378 -0.9302855 -0.2130474 0.2817902
-0.09887262 -0.9302429 -0.2130212 0.2819475
0.0989827 0.9302183 0.2129064 -0.2820765
0.09930879 0.9301454 0.2125663 -0.2824585
0.09984463 0.9300249 0.2120071 -0.2830861
0.1005841 0.929857 0.211235 -0.2839519
0.1015209 0.9296416 0.2102558 -0.2850483
0.1026489 0.9293783 0.2090755 -0.2863679
0.1039621 0.9290665 0.2076997 -0.2879031
0.1054543 0.9287051 0.206134 -0.2896463
0.1071192 0.928293 0.2043841 -0.2915899
0.1089509 0.9278289 0.2024554 -0.2937261
0.1109431 0.9273112 0.2003534 -0.2960474
0.1130895 0.9267384 0.1980837 -0.2985457
0.115384 0.9261088 0.1956516 -0.3012133
0.1178202 0.9254207 0.1930628 -0.3040423
0.1203918 0.9246723 0.1903229 -0.3070247
0.1230924 0.923862 0.1874374 -0.3101524
0.1259154 0.9229881 0.1844122 -0.3134172
0.1288545 0.9220492 0.1812529 -0.3168111
0.1319029 0.9210436 0.1779656 -0.3203258
0.135054 0.9199702 0.1745563 -0.323953
0.1383011 0.9188277 0.171031 -0.3276843
0.1416374 0.9176152 0.1673962 -0.3315113
0.145056 0.9163321 0.163658 -0.3354257
0.14855 0.9149777 0.1598232 -0.3394189
0.1521125 0.913552 0.1558983 -0.3434826
0.1557364 0.9120548 0.1518903 -0.3476083
0.1594148 0.9104867 0.1478059 -0.3517873
0.1631404 0.9088482 0.1436523 -0.3560114
0.1669064 0.9071404 0.1394367 -0.3602722
0.1707055 0.9053645 0.1351664 -0.3645612
0.1745306 0.9035223 0.1308488 -0.3688702
0.1783748 0.9016157 0.1264914 -0.3731909
0.1822308 0.8996473 0.122102 -0.3775153
0.1860918 0.8976197 0.1176881 -0.3818353
0.1899507 0.8955361 0.1132577 -0.3861431
0.1938007 0.8934001 0.1088185 -0.3904308
0.1976348 0.8912153 0.1043785 -0.394691
0.2014464 0.8889861 0.09994552 -0.3989161
0.2052289 0.8867169 0.0955276 -0.4030989
0.2089756 0.8844128 0.09113269 -0.4072323
0.2126801 0.8820788 0.08676872 -0.4113095
0.2163361 0.8797204 0.08244369 -0.4153236
0.2199374 0.8773435 0.07816549 -0.4192684
0.2234779 0.8749542 0.07394199 -0.4231375
0.2269519 0.8725588 0.06978103 -0.4269247
0.2303533 0.8701637 0.06569038 -0.4306244
0.2336767 0.8677757 0.06167771 -0.4342309
0.2369166 0.8654019 0.0577507 -0.4377386
0.2400675 0.8630492 0.05391686 -0.4411425
0.2431243 0.860725 0.05018367 -0.4444373
0.246082 0.8584368 0.04655848 -0.4476184
0.2489355 0.8561919 0.04304858 -0.450681
0.2516801 0.8539979 0.03966118 -0.4536206
0.254311 0.8518626 0.03640335 -0.4564327
0.2568235 0.8497936 0.03328214 -0.4591133
0.2592133 0.8477983 0.03030446 -0.4616581
0.2614757 0.8458847 0.02747718 -0.464063
0.2636066 0.8440604 0.02480708 -0.4663241
0.2656014 0.842333 0.0223009 -0.4684376
0.267456 0.8407099 0.01996532 -0.4703993
0.2691659 0.8391987 0.01780694 -0.4722056
0.2707269 0.8378068 0.01583241 -0.4738525
0.2721348 0.8365412 0.01404827 -0.4753359
0.273385 0.8354091 0.01246113 -0.4766518
0.2744733 0.8344175 0.01107758 -0.4777962
0.275395 0.833573 0.009904182 -0.4787647
0.2761456 0.8328822 0.008947633 -0.4795527
0.2767203 0.8323513 0.008214627 -0.4801558
0.2771142 0.8319865 0.007711868 -0.480569
0.2773223 0.8317936 0.007446251 -0.4807872
0.2773557 0.8317626 0.007403553 -0.4808223
-0.2773187 -0.8317867 -0.007341286 0.4808029
-0.2772089 -0.8318582 -0.007156847 0.4807454
-0.2770284 -0.8319754 -0.006853788 0.4806508
-0.2767794 -0.832137 -0.006435655 0.4805203
-0.2764637 -0.8323414 -0.005905984 0.4803547
-0.2760836 -0.832587 -0.005268311 0.4801551
-0.275641 -0.8328722 -0.004526163 0.4799224
-0.2751379 -0.8331952 -0.003683071 0.4796576
-0.2745763 -0.8335544 -0.002742559 0.4793615
-0.2739582 -0.8339481 -0.001708153 0.479035
-0.2732855 -0.8343746 -0.0005833793 0.4786791
-0.2725603 -0.8348321 0.0006282338 0.4782946
-0.2717846 -0.835319 0.001923155 0.4778825
-0.2709602 -0.8358333 0.00329785 0.4774435
-0.2700892 -0.8363734 0.004748781 0.4769787
-0.2691737 -0.8369377 0.006272406 0.4764889
-0.2682154 -0.8375241 0.007865177 0.4759748
-0.2672165 -0.8381311 0.009523537 0.4754376
-0.266179 -0.838757 0.01124393 0.474878
-0.2651049 -0.8393999 0.01302279 0.474297
-0.2639962 -0.8400582 0.01485654 0.4736956
-0.2628548 -0.8407303 0.0167416 0.4730746
-0.261683 -0.8414145 0.01867439 0.4724351
-0.2604828 -0.8421091 0.02065132 0.471778
-0.2592562 -0.8428125 0.02266878 0.4711044
-0.2580053 -0.8435233 0.02472318 0.4704152
-0.2567322 -0.8442398 0.0268109 0.4697115
-0.255439 -0.8449606 0.02892834 0.4689944
-0.2541279 -0.8456841 0.03107187 0.468265
-0.2528011 -0.8464088 0.03323787 0.4675243
-0.2514606 -0.8471336 0.03542272 0.4667735
-0.2501086 -0.8478569 0.03762278 0.4660138
-0.2487473 -0.8485776 0.03983445 0.4652463
-0.247379 -0.8492942 0.04205406 0.4644723
-0.2460059 -0.8500056 0.04427802 0.4636929
-0.2446302 -0.8507105 0.04650269 0.4629095
-0.2432541 -0.8514079 0.04872445 0.4621234
-0.2418799 -0.8520967 0.05093967 0.4613357
-0.2405098 -0.8527757 0.05314473 0.4605479
-0.2391461 -0.8534439 0.05533602 0.4597613
-0.2377912 -0.8541006 0.05750994 0.4589773
-0.2364473 -0.8547446 0.05966287 0.4581972
-0.2351168 -0.8553751 0.06179123 0.4574226
-0.2338019 -0.8559912 0.06389143 0.4566547
-0.232505 -0.8565923 0.06595989 0.4558951
-0.2312284 -0.8571775 0.06799302 0.4551453
-0.2299744 -0.857746 0.06998729 0.4544066
-0.2287453 -0.8582972 0.07193913 0.4536808
-0.2275436 -0.8588305 0.07384498 0.4529691
-0.2263716 -0.8593452 0.07570131 0.4522733
-0.2252316 -0.8598406 0.07750461 0.4515947
-0.224126 -0.8603164 0.07925135 0.450935
-0.2230571 -0.8607719 0.08093803 0.4502958
-0.2220273 -0.8612066 0.08256115 0.4496786
-0.221039 -0.8616199 0.08411719 0.4490849
-0.2200944 -0.8620114 0.08560272 0.4485164
-0.2191961 -0.8623807 0.0870142 0.4479746
-0.2183462 -0.8627272 0.08834819 0.4474611
-0.2175471 -0.8630504 0.08960123 0.4469776
-0.2168013 -0.8633499 0.09076982 0.4465255
-0.2161111 -0.8636252 0.09185053 0.4461065
-0.2154787 -0.8638759 0.09283987 0.445722
-0.2149065 -0.8641014 0.09373441 0.4453738
-0.214397 -0.8643012 0.09453068 0.4450633
-0.2139523 -0.8644748 0.09522519 0.444792
-0.2135748 -0.8646215 0.09581448 0.4445616
-0.2132668 -0.8647409 0.0962951 0.4443735
-0.2130306 -0.8648322 0.0966635 0.4442291
-0.2128686 -0.8648947 0.09691626 0.4441301
-0.2127829 -0.8649277 0.09704982 0.4440776
-0.2127692 -0.864933 0.09707128 0.4440692
0.2127842 0.8648803 -0.09755128 -0.4440593
0.2128284 0.8647231 -0.09897424 -0.4440294
0.2129003 0.8644605 -0.1013163 -0.4439782
0.2129979 0.8640891 -0.1045557 -0.4439032
0.2131186 0.8636037 -0.1086726 -0.4438011
0.2132597 0.8629969 -0.1136484 -0.4436674
0.2134179 0.8622594 -0.1194661 -0.4434968
0.2135897 0.8613803 -0.1261093 -0.4432832
0.2137712 0.8603469 -0.1335625 -0.4430194
0.2139581 0.859145 -0.1418104 -0.442698
0.2141458 0.8577594 -0.1508375 -0.4423104
0.2143294 0.8561731 -0.1606282 -0.4418474
0.2145037 0.8543682 -0.171166 -0.4412995
0.2146631 0.852326 -0.1824338 -0.4406563
0.2148019 0.8500267 -0.1944126 -0.4399073
0.214914 0.8474501 -0.2070822 -0.4390413
0.2149933 0.8445754 -0.2204203 -0.4380471
0.2150331 0.8413818 -0.234402 -0.4369131
0.2150271 0.8378487 -0.2490005 -0.4356278
0.2149688 0.8339558 -0.2641857 -0.43418
0.2148513 0.8296833 -0.2799246 -0.4325583
0.2146685 0.8250131 -0.2961814 -0.4307522
0.2144138 0.8199281 -0.3129166 -0.4287516
0.2140812 0.8144131 -0.3300878 -0.4265474
0.213665 0.8084553 -0.3476492 -0.4241314
0.2131599 0.8020445 -0.3655517 -0.4214966
0.2125613 0.7951736 -0.3837438 -0.4186376
0.211865 0.7878386 -0.4021708 -0.4155505
0.2110679 0.7800394 -0.4207763 -0.4122331
0.2101673 0.77178 -0.4395014 -0.4086855
0.2091619 0.7630681 -0.4582867 -0.4049095
0.208051 0.7539161 -0.4770714 -0.4009093
0.2068351 0.7443405 -0.495795 -0.3966911
0.2055158 0.7343622 -0.5143974 -0.3922635
0.2040957 0.7240065 -0.5328197 -0.3876373
0.2025785 0.7133023 -0.5510052 -0.3828251
0.2009688 0.7022824 -0.5688995 -0.3778419
0.1992726 0.6909829 -0.5864509 -0.3727041
0.1974963 0.6794431 -0.6036121 -0.3674302
0.1956473 0.6677042 -0.6203391 -0.3620395
0.1937338 0.6558099 -0.6365929 -0.356553
0.1917646 0.643805 -0.6523388 -0.3509921
0.1897489 0.6317353 -0.667547 -0.3453794
0.1876964 0.6196468 -0.6821924 -0.3397372
0.1856168 0.6075858 -0.6962549 -0.3340884
0.1835202 0.5955974 -0.709719 -0.3284555
0.1814166 0.5837262 -0.7225736 -0.3228609
0.1793159 0.5720155 -0.7348117 -0.3173263
0.177228 0.5605067 -0.7464302 -0.3118728
0.1751623 0.5492396 -0.7574293 -0.3065205
0.1731281 0.538252 -0.7678128 -0.3012888
0.1711343 0.5275795 -0.7775864 -0.2961963
0.1691893 0.5172558 -0.7867585 -0.2912602
0.1673014 0.5073121 -0.795339 -0.2864968
0.1654782 0.497778 -0.8033395 -0.2819217
0.1637269 0.4886806 -0.810772 -0.277549
0.1620545 0.4800458 -0.8176497 -0.2733925
0.1604673 0.4718972 -0.8239856 -0.2694645
0.1589716 0.4642573 -0.8297927 -0.265777
0.157573 0.4571469 -0.8350835 -0.2623412
0.156277 0.4505862 -0.8398702 -0.2591675
0.1550887 0.4445939 -0.8441631 -0.2562661
0.1540132 0.4391886 -0.8479722 -0.2536466
0.1530552 0.4343879 -0.8513051 -0.2513184
0.1522191 0.4302095 -0.8541682 -0.2492906
0.1515095 0.4266709 -0.8565657 -0.2475724
0.1509307 0.4237898 -0.8584993 -0.2461727
0.1504869 0.4215842 -0.8599686 -0.2451009
0.1501825 0.4200726 -0.8609701 -0.2443661
0.1500216 0.4192744 -0.8614971 -0.243978
0.1499958 0.4191461 -0.8615817 -0.2439157
0.1498528 0.4189537 -0.8616865 -0.2439639
0.1494291 0.4183837 -0.8619965 -0.2441068
0.1487324 0.4174459 -0.862505 -0.2443413
0.1477701 0.4161501 -0.8632048 -0.2446644
0.1465494 0.4145054 -0.8640879 -0.2450729
0.1450772 0.4125204 -0.8651463 -0.2455636
0.1433604 0.4102034 -0.8663715 -0.246133
0.1414057 0.4075626 -0.8677545 -0.2467777
0.1392195 0.4046059 -0.8692863 -0.2474942
0.1368084 0.4013408 -0.8709573 -0.2482788
0.1341789 0.3977751 -0.8727579 -0.2491279
0.1313375 0.3939163 -0.874678 -0.2500377
0.1282906 0.389772 -0.8767076 -0.2510044
0.125045 0.3853498 -0.8788363 -0.252024
0.1216072 0.3806575 -0.8810537 -0.2530927
0.1179842 0.3757031 -0.8833493 -0.2542064
0.1141829 0.3704947 -0.8857124 -0.2553612
0.1102104 0.3650408 -0.8881326 -0.256553
0.1060742 0.35935 -0.890599 -0.2577777
0.1017817 0.3534314 -0.8931011 -0.2590313
0.0973407 0.3472943 -0.8956285 -0.2603096
0.0927593 0.3409487 -0.8981707 -0.2616087
0.08804571 0.3344046 -0.9007177 -0.2629244
0.08320843 0.3276727 -0.9032594 -0.2642528
0.07825623 0.3207639 -0.9057862 -0.2655899
0.07319812 0.3136899 -0.9082886 -0.2669318
0.06804333 0.3064625 -0.9107577 -0.2682748
0.06280129 0.299094 -0.9131848 -0.2696151
0.05748171 0.2915972 -0.9155618 -0.2709492
0.05209448 0.2839855 -0.917881 -0.2722735
0.04664963 0.2762723 -0.9201353 -0.2735848
0.04115741 0.2684715 -0.9223178 -0.2748799
0.03562814 0.2605975 -0.9244229 -0.2761557
0.03007233 0.2526648 -0.9264449 -0.2774093
0.02450053 0.2446884 -0.9283793 -0.2786383
0.01892328 0.2366832 -0.9302218 -0.27984
0.01335126 0.2286647 -0.9319691 -0.2810123
0.007795081 0.220648 -0.9336184 -0.282153
0.002265339 0.212649 -0.9351678 -0.2832604
-0.003227453 0.204683 -0.9366159 -0.2843328
-0.00867284 0.1967658 -0.937962 -0.2853688
-0.01406049 0.1889128 -0.9392061 -0.2863673
-0.01938023 0.1811397 -0.9403488 -0.2873272
-0.02462202 0.1734619 -0.9413915 -0.2882477
-0.02977604 0.1658946 -0.942336 -0.2891284
-0.0348326 0.1584529 -0.9431848 -0.2899688
-0.03978233 0.1511517 -0.9439408 -0.2907687
-0.04461595 0.1440057 -0.9446074 -0.2915283
-0.04932449 0.1370295 -0.9451886 -0.2922474
-0.05389918 0.130237 -0.9456888 -0.2929265
-0.05833152 0.1236424 -0.9461125 -0.2935661
-0.0626132 0.1172591 -0.946465 -0.2941667
-0.06673613 0.1111007 -0.9467512 -0.2947289
-0.07069246 0.1051801 -0.9469768 -0.2952535
-0.07447453 0.09951025 -0.9471475 -0.2957414
-0.07807486 0.09410366 -0.9472689 -0.2961934
-0.08148608 0.08897272 -0.9473469 -0.2966104
-0.08470109 0.08412953 -0.9473874 -0.2969934
-0.0877128 0.0795861 -0.9473962 -0.2973433
-0.09051427 0.07535416 -0.9473789 -0.2976612
-0.09309859 0.07144538 -0.9473413 -0.2979477
-0.09545887 0.06787134 -0.9472885 -0.2982039
-0.09758832 0.06464346 -0.9472259 -0.2984305
-0.09948003 0.0617733 -0.9471585 -0.2986282
-0.1011271 0.05927232 -0.9470904 -0.2987975
-0.1025224 0.05715203 -0.9470261 -0.2989388
-0.1036589 0.05542405 -0.9469692 -0.2990526
-0.1045291 0.05410027 -0.9469228 -0.2991389
-0.1051257 0.05319246 -0.9468896 -0.2991977
-0.1054408 0.05271289 -0.9468716 -0.2992285
-0.1054914 0.05263581 -0.9468687 -0.2992335
-0.1054387 0.0526293 -0.946906 -0.2991354
-0.1052825 0.05261002 -0.9470161 -0.2988449
-0.1050258 0.05257834 -0.947197 -0.2983674
-0.1046715 0.0525346 -0.9474459 -0.2977084
-0.1042226 0.05247913 -0.9477605 -0.2968732
-0.103682 0.05241227 -0.9481379 -0.2958673
-0.1030525 0.05233436 -0.9485756 -0.2946959
-0.102337 0.0522457 -0.9490706 -0.2933642
-0.1015384 0.05214664 -0.9496201 -0.2918775
-0.1006596 0.05203747 -0.950221 -0.290241
-0.0997033 0.05191851 -0.9508705 -0.28846
-0.09867252 0.05179008 -0.9515654 -0.2865396
-0.09757002 0.05165249 -0.9523027 -0.284485
-0.0963987 0.05150605 -0.9530794 -0.2823014
-0.09516142 0.05135108 -0.9538924 -0.2799941
-0.09386104 0.05118788 -0.9547386 -0.2775684
-0.09250048 0.05101678 -0.9556149 -0.2750295
-0.09108261 0.05083809 -0.9565183 -0.2723826
-0.08961038 0.05065214 -0.9574457 -0.2696332
-0.0880867 0.05045925 -0.9583943 -0.2667866
-0.08651453 0.05025975 -0.959361 -0.2638482
-0.08489686 0.05005398 -0.9603428 -0.2608234
-0.08323665 0.04984229 -0.9613371 -0.2577178
-0.08153693 0.04962501 -0.962341 -0.2545368
-0.07980071 0.04940249 -0.9633518 -0.251286
-0.07803107 0.04917511 -0.9643669 -0.2479711
-0.07623105 0.04894321 -0.9653835 -0.2445977
-0.07440376 0.04870716 -0.9663996 -0.2411716
-0.07255226 0.04846735 -0.9674123 -0.2376984
-0.07067972 0.04822415 -0.9684197 -0.2341841
-0.06878927 0.04797797 -0.9694194 -0.2306343
-0.06688406 0.04772916 -0.9704095 -0.2270551
-0.06496722 0.04747816 -0.9713877 -0.2234523
-0.06304199 0.04722537 -0.9723526 -0.2198319
-0.06111153 0.0469712 -0.9733019 -0.2161998
-0.05917904 0.04671606 -0.9742345 -0.2125622
-0.05724774 0.04646038 -0.9751484 -0.2089249
-0.05532082 0.04620459 -0.9760426 -0.2052941
-0.05340152 0.04594913 -0.9769155 -0.2016759
-0.05149306 0.04569444 -0.977766 -0.1980763
-0.04959865 0.04544095 -0.9785931 -0.1945015
-0.04772151 0.04518911 -0.9793956 -0.1909577
-0.04586486 0.04493939 -0.980173 -0.1874508
-0.04403193 0.04469223 -0.9809244 -0.1839871
-0.04222591 0.0444481 -0.9816491 -0.1805726
-0.04045 0.04420745 -0.9823467 -0.1772136
-0.0387074 0.04397075 -0.9830166 -0.1739161
-0.03700131 0.04373847 -0.9836586 -0.1706863
-0.03533488 0.04351107 -0.9842723 -0.1675303
-0.03371129 0.04328903 -0.9848576 -0.1644541
-0.03213369 0.04307282 -0.9854144 -0.1614638
-0.03060522 0.0428629 -0.9859428 -0.1585655
-0.02912902 0.04265976 -0.9864425 -0.1557653
-0.02770819 0.04246386 -0.9869139 -0.1530692
-0.02634586 0.04227568 -0.9873568 -0.1504831
-0.02504511 0.04209569 -0.9877717 -0.1480131
-0.02380905 0.04192437 -0.9881585 -0.1456653
-0.02264072 0.04176218 -0.9885175 -0.1434454
-0.02154323 0.04160959 -0.9888489 -0.1413595
-0.02051961 0.04146707 -0.9891528 -0.1394135
-0.01957293 0.04133511 -0.9894296 -0.1376133
-0.01870624 0.04121414 -0.9896793 -0.1359648
-0.01792257 0.04110464 -0.989902 -0.134474
-0.017225 0.04100709 -0.9900978 -0.1331467
-0.01661655 0.04092192 -0.9902667 -0.1319888
-0.01610026 0.0408496 -0.9904088 -0.1310061
