0.002542934 0.7027355 0.1556146 0.6942194
0.001858901 0.7024725 0.155583 0.6944947
0.0008914116 0.7020999 0.1555382 0.6948833
-0.0003510879 0.70162 0.1554803 0.6953813
-0.001860206 0.7010353 0.1554096 0.6959842
-0.003627593 0.7003478 0.1553263 0.6966876
-0.005644936 0.6995596 0.1552303 0.6974869
-0.007903929 0.6986725 0.1551219 0.6983777
-0.01039629 0.6976884 0.155001 0.6993551
-0.0131137 0.6966088 0.1548679 0.7004142
-0.01604786 0.6954356 0.1547223 0.7015504
-0.01919041 0.6941702 0.1545645 0.7027584
-0.02253297 0.6928142 0.1543945 0.7040335
-0.02606711 0.6913694 0.1542122 0.7053705
-0.02978433 0.6898373 0.1540178 0.7067645
-0.0336761 0.6882195 0.1538111 0.7082104
-0.03773378 0.686518 0.1535924 0.7097032
-0.04194867 0.6847343 0.1533616 0.711238
-0.04631205 0.6828707 0.1531189 0.7128096
-0.050815 0.6809288 0.1528643 0.7144132
-0.05544864 0.6789111 0.152598 0.716044
-0.06020396 0.6768197 0.1523201 0.7176971
-0.06507186 0.6746571 0.1520308 0.7193679
-0.07004319 0.6724258 0.1517303 0.7210516
-0.0751087 0.6701286 0.151419 0.7227438
-0.08025912 0.6677685 0.1510969 0.7244401
-0.0854851 0.6653484 0.1507646 0.7261363
-0.09077719 0.6628717 0.1504222 0.7278281
-0.09612598 0.6603418 0.1500703 0.7295117
-0.101522 0.6577625 0.1497093 0.7311833
-0.1069556 0.6551374 0.1493396 0.7328391
-0.1124175 0.6524708 0.1489618 0.7344757
-0.1178979 0.6497667 0.1485765 0.7360899
-0.1233875 0.6470297 0.1481842 0.7376786
-0.1288766 0.6442642 0.1477855 0.7392387
-0.1343559 0.6414751 0.1473813 0.7407678
-0.1398159 0.6386675 0.1469722 0.7422632
-0.1452471 0.6358461 0.1465589 0.7437227
-0.1506404 0.6330166 0.1461424 0.7451442
-0.1559864 0.6301842 0.1457233 0.7465259
-0.1612759 0.6273545 0.1453027 0.747866
-0.1664998 0.6245333 0.1448814 0.7491632
-0.1716493 0.6217263 0.1444603 0.750416
-0.1767153 0.6189395 0.1440404 0.7516236
-0.1816891 0.6161789 0.1436228 0.7527849
-0.1865621 0.6134508 0.1432084 0.7538993
-0.1913256 0.6107612 0.1427982 0.7549662
-0.1959714 0.6081164 0.1423935 0.7559853
-0.2004909 0.6055229 0.1419951 0.7569563
-0.2048761 0.6029871 0.1416043 0.7578791
-0.2091188 0.6005152 0.1412221 0.7587537
-0.213211 0.5981138 0.1408496 0.7595803
-0.217145 0.5957895 0.1404881 0.7603592
-0.2209128 0.5935485 0.1401385 0.7610906
-0.2245069 0.5913975 0.1398021 0.761775
-0.2279195 0.5893428 0.13948 0.7624127
-0.2311432 0.587391 0.1391733 0.7630042
-0.2341704 0.5855485 0.1388831 0.7635502
-0.2369937 0.5838214 0.1386106 0.7640508
-0.2396057 0.5822164 0.1383568 0.7645068
-0.2419989 0.5807396 0.1381229 0.7649184
-0.244166 0.5793972 0.13791 0.765286
-0.2460994 0.5781954 0.1377192 0.76561
-0.2477918 0.5771403 0.1375514 0.7658903
-0.2492356 0.5762377 0.1374077 0.7661272
-0.2504231 0.5754938 0.1372892 0.7663203
-0.2513466 0.5749142 0.1371968 0.7664696
-0.2519984 0.5745046 0.1371315 0.7665744
-0.2523704 0.5742706 0.1370942 0.766634
-0.2524612 0.5742135 0.1370851 0.7666485
0.252286 -0.5742636 -0.1369687 -0.7666895
0.2517672 -0.5744117 -0.1366238 -0.7668105
0.2509141 -0.5746548 -0.1360568 -0.7670088
0.2497361 -0.5749891 -0.135274 -0.7672811
0.2482423 -0.5754111 -0.1342814 -0.7676238
0.2464415 -0.5759168 -0.133085 -0.768033
0.2443426 -0.5765021 -0.1316907 -0.7685048
0.2419539 -0.5771628 -0.1301042 -0.7690347
0.2392841 -0.5778944 -0.1283312 -0.7696183
0.2363415 -0.5786924 -0.1263775 -0.770251
0.2331346 -0.5795523 -0.1242488 -0.7709278
0.2296717 -0.5804693 -0.1219507 -0.7716439
0.2259612 -0.5814386 -0.119489 -0.7723944
0.2220118 -0.5824553 -0.1168694 -0.773174
0.2178318 -0.5835147 -0.1140977 -0.7739778
0.21343 -0.5846117 -0.1111798 -0.7748005
0.2088152 -0.5857415 -0.1081217 -0.775637
0.2039964 -0.5868991 -0.1049294 -0.7764823
0.1989827 -0.5880796 -0.1016091 -0.7773312
0.1937833 -0.5892783 -0.0981671 -0.7781789
0.1884078 -0.5904902 -0.0946098 -0.7790204
0.1828659 -0.5917107 -0.09094375 -0.7798511
0.1771675 -0.5929353 -0.08717561 -0.7806663
0.1713227 -0.5941594 -0.0833122 -0.7814617
0.1653419 -0.5953786 -0.07936046 -0.7822329
0.1592355 -0.5965888 -0.07532746 -0.7829762
0.1530146 -0.5977859 -0.07122042 -0.7836876
0.1466899 -0.5989661 -0.06704666 -0.7843638
0.1402727 -0.6001257 -0.06281364 -0.7850015
0.1337743 -0.6012611 -0.05852891 -0.7855978
0.1272062 -0.6023694 -0.05420012 -0.7861502
0.1205802 -0.6034475 -0.04983503 -0.7866563
0.113908 -0.6044925 -0.04544147 -0.7871142
0.1072017 -0.6055022 -0.04102732 -0.7875225
0.1004731 -0.6064743 -0.03660053 -0.7878798
0.09373451 -0.6074069 -0.03216903 -0.7881852
0.08699796 -0.6082982 -0.02774087 -0.7884384
0.08027571 -0.6091471 -0.02332401 -0.7886391
0.07357993 -0.6099523 -0.01892647 -0.7887877
0.06692279 -0.6107132 -0.01455619 -0.7888846
0.06031644 -0.6114292 -0.01022111 -0.7889308
0.05377298 -0.6121001 -0.005929111 -0.7889276
0.04730439 -0.6127258 -0.001688008 -0.7888768
0.0409226 -0.6133068 0.002494466 -0.78878
0.03463936 -0.6138435 0.006610658 -0.7886397
0.02846639 -0.6143367 0.01065301 -0.7884584
0.02241513 -0.6147875 0.0146141 -0.7882388
0.01649702 -0.6151969 0.01848655 -0.787984
0.01072322 -0.6155667 0.02226315 -0.7876974
0.005104811 -0.6158981 0.02593674 -0.7873822
-0.0003473857 -0.6161931 0.02950042 -0.7870424
-0.005622666 -0.6164535 0.03294726 -0.7866817
-0.01071047 -0.6166813 0.0362705 -0.786304
-0.01560046 -0.6168787 0.03946353 -0.7859135
-0.02028244 -0.6170479 0.04251976 -0.7855142
-0.02474634 -0.6171912 0.0454328 -0.7851105
-0.02898222 -0.6173109 0.04819624 -0.7847067
-0.03298033 -0.6174093 0.05080388 -0.7843068
-0.03673089 -0.6174887 0.05324948 -0.7839153
-0.04022437 -0.6175514 0.05552688 -0.7835363
-0.04345117 -0.6175998 0.05762999 -0.7831739
-0.04640177 -0.6176358 0.05955268 -0.7828322
-0.04906675 -0.6176619 0.06128897 -0.7825152
-0.05143656 -0.6176797 0.06283267 -0.7822264
-0.0535017 -0.6176912 0.06417774 -0.7819696
-0.05525265 -0.6176979 0.06531799 -0.7817481
-0.05667965 -0.6177014 0.06624722 -0.781565
-0.05777296 -0.6177028 0.06695909 -0.7814231
-0.05852273 -0.6177031 0.06744725 -0.781325
-0.05891883 -0.6177032 0.06770512 -0.7812729
-0.05898249 -0.6177031 0.06774656 -0.7812645
-0.05892139 -0.6178095 0.06763885 -0.7811943
-0.05874041 -0.6181248 0.06731977 -0.7809861
-0.05844296 -0.6186424 0.06679534 -0.7806436
-0.05803238 -0.6193559 0.06607153 -0.7801699
-0.057512 -0.6202589 0.06515421 -0.7795681
-0.05688509 -0.6213444 0.06404921 -0.7788408
-0.05615488 -0.6226058 0.0627623 -0.7779907
-0.05532463 -0.6240361 0.06129925 -0.7770203
-0.05439752 -0.6256284 0.05966579 -0.7759318
-0.05337675 -0.6273754 0.05786761 -0.7747273
-0.05226553 -0.6292701 0.05591045 -0.773409
-0.05106705 -0.6313052 0.05380003 -0.771979
-0.04978452 -0.6334735 0.05154208 -0.7704391
-0.04842117 -0.6357675 0.04914238 -0.7687914
-0.04698023 -0.6381799 0.04660673 -0.7670379
-0.04546497 -0.6407033 0.04394099 -0.7651807
-0.0438787 -0.6433302 0.04115105 -0.7632218
-0.04222474 -0.6460531 0.03824286 -0.7611635
-0.04050646 -0.6488647 0.03522244 -0.759008
-0.03872725 -0.6517575 0.03209586 -0.7567577
-0.03689055 -0.6547239 0.02886926 -0.7544152
-0.03499987 -0.6577566 0.02554886 -0.751983
-0.03305871 -0.6608482 0.02214093 -0.7494642
-0.03107063 -0.6639915 0.0186518 -0.7468615
-0.02903927 -0.667179 0.01508791 -0.7441782
-0.02696827 -0.6704037 0.01145573 -0.7414178
-0.02486132 -0.6736585 0.00776181 -0.7385838
-0.02272213 -0.6769362 0.004012722 -0.7356799
-0.02055448 -0.6802301 0.0002151258 -0.7327103
-0.01836217 -0.6835335 -0.003624258 -0.7296791
-0.01614901 -0.6868398 -0.007498719 -0.7265908
-0.01391886 -0.6901424 -0.01140145 -0.7234499
-0.01167559 -0.693435 -0.01532569 -0.7202616
-0.009423083 -0.6967116 -0.01926457 -0.7170307
-0.007165255 -0.6999661 -0.02321127 -0.7137628
-0.004905993 -0.7031929 -0.02715898 -0.7104632
-0.002649222 -0.7063864 -0.03110085 -0.7071379
-0.0003988489 -0.7095412 -0.03503004 -0.7037926
0.001841216 -0.7126522 -0.03893975 -0.7004336
0.00406709 -0.7157145 -0.04282324 -0.6970671
0.006274889 -0.7187232 -0.04667376 -0.6936996
0.00846075 -0.7216741 -0.05048459 -0.6903378
0.01062084 -0.7245627 -0.05424913 -0.6869885
0.01275135 -0.727385 -0.05796077 -0.6836585
0.01484851 -0.7301373 -0.061613 -0.6803551
0.01690857 -0.7328157 -0.06519935 -0.6770852
0.01892782 -0.7354169 -0.06871346 -0.6738561
0.02090259 -0.7379378 -0.07214899 -0.6706754
0.02282926 -0.7403752 -0.07549973 -0.6675502
0.02470421 -0.7427261 -0.07875945 -0.6644883
0.02652392 -0.7449881 -0.08192215 -0.6614968
0.02828486 -0.7471584 -0.08498177 -0.6585837
0.02998356 -0.7492347 -0.08793239 -0.6557564
0.03161659 -0.7512146 -0.09076812 -0.6530223
0.03318054 -0.753096 -0.09348316 -0.6503894
0.03467207 -0.7548768 -0.09607179 -0.647865
0.03608783 -0.756555 -0.09852829 -0.6454568
0.03742451 -0.7581285 -0.1008471 -0.6431723
0.03867882 -0.7595953 -0.1030224 -0.6410189
0.03984751 -0.7609537 -0.1050489 -0.6390043
0.04092732 -0.7622014 -0.1069209 -0.6371357
0.041915 -0.7633367 -0.1086329 -0.6354205
0.04280731 -0.7643573 -0.1101793 -0.633866
0.04360101 -0.7652611 -0.1115546 -0.6324793
0.04429283 -0.7660458 -0.1127532 -0.6312675
0.04487951 -0.766709 -0.1137695 -0.6302377
0.04535775 -0.7672482 -0.1145979 -0.6293967
0.04572419 -0.7676604 -0.1152326 -0.6287515
0.04597552 -0.7679425 -0.1156679 -0.6283084
0.04610831 -0.7680915 -0.1158979 -0.6280742
0.04612966 -0.7681155 -0.1159349 -0.6280365
-0.046218 0.7683837 0.1156124 0.6277612
-0.04647991 0.769178 0.1146559 0.6269441
-0.04691096 0.7704822 0.1130803 0.6255953
-0.04750713 0.7722795 0.1108983 0.6237218
-0.04826472 0.7745527 0.1081206 0.6213281
-0.04918028 0.7772837 0.1047563 0.6184152
-0.05025058 0.7804538 0.1008133 0.6149824
-0.05147254 0.7840433 0.09629807 0.6110266
-0.05284315 0.7880312 0.09121628 0.6065426
-0.05435945 0.7923959 0.08557297 0.6015241
-0.05601841 0.7971138 0.07937268 0.5959628
-0.05781691 0.8021602 0.07261994 0.5898497
-0.05975164 0.8075086 0.06531935 0.5831749
-0.06181907 0.8131308 0.057476 0.5759282
-0.06401531 0.8189967 0.04909565 0.5680988
-0.0663361 0.825074 0.04018516 0.5596764
-0.06877675 0.8313286 0.03075264 0.5506513
-0.07133206 0.8377244 0.02080796 0.5410146
-0.0739962 0.8442228 0.01036281 0.5307589
-0.0767628 0.850784 -0.0005687956 0.5198786
-0.0796248 0.8573657 -0.01197044 0.5083705
-0.08257443 0.8639245 -0.02382281 0.4962342
-0.08560325 0.8704154 -0.03610376 0.4834724
-0.0887021 0.8767929 -0.04878808 0.4700914
-0.09186115 0.8830105 -0.06184719 0.456102
-0.0950699 0.8890221 -0.07524932 0.4415191
-0.09831729 0.8947821 -0.08895952 0.4263625
-0.1015918 0.9002464 -0.1029398 0.4106569
-0.1048814 0.9053724 -0.117149 0.3944323
-0.1081738 0.9101206 -0.1315438 0.3777237
-0.1114568 0.9144545 -0.1460782 0.3605712
-0.1147178 0.9183416 -0.1607047 0.3430198
-0.1179447 0.9217541 -0.1753746 0.3251189
-0.1211255 0.9246691 -0.1900382 0.3069221
-0.1242489 0.9270695 -0.2046461 0.2884863
-0.127304 0.9289439 -0.2191492 0.2698713
-0.1302809 0.930287 -0.2334998 0.251139
-0.1331705 0.9310996 -0.2476519 0.2323527
-0.1359647 0.9313884 -0.2615617 0.2135759
-0.1386565 0.9311662 -0.2751884 0.194872
-0.1412401 0.9304511 -0.2884946 0.1763033
-0.1437108 0.9292661 -0.3014461 0.1579304
-0.1460651 0.9276388 -0.3140127 0.1398111
-0.1483006 0.9256009 -0.3261684 0.1220007
-0.150416 0.9231869 -0.3378907 0.1045504
-0.152411 0.9204344 -0.3491615 0.08750837
-0.1542863 0.9173825 -0.3599663 0.07091804
-0.1560434 0.914072 -0.3702942 0.05481932
-0.1576845 0.9105442 -0.3801377 0.03924761
-0.1592125 0.9068406 -0.3894924 0.02423437
-0.1606308 0.9030025 -0.3983567 0.009806958
-0.1619432 0.8990706 -0.4067314 -0.004010587
-0.1631538 0.8950844 -0.4146192 -0.01719802
-0.164267 0.8910821 -0.4220246 -0.02973791
-0.1652871 0.8871005 -0.4289534 -0.04161572
-0.1662188 0.8831747 -0.4354124 -0.0528193
-0.1670666 0.8793379 -0.441409 -0.06333825
-0.1678347 0.8756217 -0.446951 -0.07316399
-0.1685274 0.8720558 -0.4520462 -0.082289
-0.1691488 0.868668 -0.4567023 -0.09070663
-0.1697026 0.8654844 -0.4609264 -0.09841064
-0.1701923 0.8625296 -0.4647249 -0.1053948
-0.1706212 0.8598263 -0.4681035 -0.1116529
-0.1709919 0.8573958 -0.4710664 -0.1171775
-0.1713068 0.8552582 -0.4736168 -0.1219609
-0.1715681 0.853432 -0.4757562 -0.1259936
-0.171777 0.8519343 -0.4774843 -0.1292648
-0.1719347 0.8507814 -0.4787988 -0.1317616
-0.1720417 0.8499881 -0.4796957 -0.1334691
-0.1720979 0.8495681 -0.4801679 -0.1343695
-0.1721069 0.8495006 -0.4802437 -0.1345142
-0.1719604 0.8496202 -0.4799952 -0.1348324
-0.1715261 0.8499739 -0.4792579 -0.1357757
-0.1708107 0.8505528 -0.4780427 -0.1373275
-0.1698201 0.8513466 -0.4763586 -0.1394723
-0.1685594 0.852344 -0.4742129 -0.1421953
-0.1670328 0.8535326 -0.4716111 -0.1454825
-0.1652443 0.8548986 -0.4685576 -0.1493205
-0.1631968 0.8564273 -0.4650555 -0.153696
-0.1608932 0.8581032 -0.461107 -0.158596
-0.158336 0.8599093 -0.4567135 -0.1640078
-0.1555274 0.861828 -0.4518757 -0.1699182
-0.1524696 0.8638405 -0.446594 -0.1763138
-0.1491647 0.865927 -0.4408687 -0.1831807
-0.1456149 0.868067 -0.4346999 -0.1905046
-0.1418226 0.8702391 -0.428088 -0.1982701
-0.1377905 0.8724208 -0.4210339 -0.2064609
-0.1335219 0.8745894 -0.4135391 -0.2150598
-0.1290204 0.8767211 -0.4056059 -0.2240483
-0.1242902 0.8787922 -0.3972375 -0.2334065
-0.1193364 0.8807781 -0.3884388 -0.2431132
-0.1141647 0.8826546 -0.3792157 -0.2531456
-0.1087819 0.8843973 -0.3695762 -0.2634795
-0.1031957 0.8859821 -0.3595297 -0.2740892
-0.09741458 0.8873856 -0.3490878 -0.2849473
-0.09144842 0.8885851 -0.3382644 -0.2960252
-0.08530804 0.8895591 -0.3270754 -0.3072928
-0.07900537 0.8902874 -0.3155392 -0.3187188
-0.07255341 0.8907514 -0.3036761 -0.3302708
-0.06596631 0.8909346 -0.2915094 -0.3419156
-0.05925915 0.8908226 -0.2790641 -0.3536193
-0.05244796 0.8904036 -0.2663678 -0.3653477
-0.04554964 0.8896681 -0.25345 -0.3770663
-0.03858177 0.8886099 -0.240342 -0.3887412
-0.03156256 0.8872254 -0.2270769 -0.4003385
-0.02451067 0.8855145 -0.2136893 -0.4118255
-0.01744498 0.8834799 -0.2002145 -0.4231704
-0.01038458 0.8811275 -0.1866892 -0.4343428
-0.003348507 0.8784664 -0.1731502 -0.445314
0.003644435 0.8755086 -0.1596348 -0.4560572
0.01057579 0.8722689 -0.1461799 -0.4665476
0.01742759 0.8687646 -0.132822 -0.4767626
0.02418254 0.8650158 -0.1195971 -0.4866821
0.03082406 0.8610441 -0.1065399 -0.4962884
0.03733648 0.8568735 -0.09368412 -0.5055661
0.04370507 0.8525293 -0.08106173 -0.5145024
0.04991604 0.848038 -0.06870334 -0.5230868
0.05595676 0.8434272 -0.05663759 -0.5313112
0.06181548 0.8387251 -0.04489163 -0.5391695
0.06748166 0.8339602 -0.03349037 -0.5466582
0.07294567 0.8291612 -0.02245714 -0.5537747
0.07819897 0.8243567 -0.01181317 -0.5605189
0.08323388 0.8195751 -0.001578091 -0.5668918
0.08804361 0.8148441 0.008230313 -0.5728959
0.09262216 0.8101908 0.0175957 -0.5785347
0.09696428 0.8056418 0.02650326 -0.5838122
0.1010653 0.8012226 0.03493955 -0.5887337
0.1049209 0.7969579 0.04289203 -0.5933044
0.1085276 0.7928713 0.05034941 -0.5975298
0.1118817 0.7889856 0.05730086 -0.6014157
0.1149801 0.7853227 0.06373625 -0.6049675
0.1178196 0.7819031 0.06964597 -0.6081904
0.1203972 0.7787468 0.07502025 -0.6110891
0.1227094 0.7758727 0.07984962 -0.6136676
0.124753 0.7732989 0.08412416 -0.6159291
0.1265242 0.7710423 0.08783373 -0.6178759
0.1280187 0.7691195 0.0909675 -0.619509
0.1292318 0.7675459 0.09351373 -0.6208281
0.1301583 0.7663366 0.09545977 -0.6218316
0.1307922 0.7655053 0.09679197 -0.6225162
0.1311266 0.7650655 0.09749489 -0.6228767
0.1311803 0.7649948 0.09760785 -0.6229346
0.1310561 0.7652782 0.09722143 -0.622673
0.1306874 0.7661175 0.09607507 -0.6218959
0.1300789 0.767496 0.09418517 -0.6206115
0.1292341 0.7693968 0.09156492 -0.6188238
0.1281549 0.7718029 0.08822443 -0.6165331
0.1268424 0.7746961 0.08417124 -0.6137363
0.1252964 0.7780577 0.07941055 -0.6104269
0.1235159 0.781868 0.07394559 -0.6065956
0.1214991 0.7861061 0.06777795 -0.6022303
0.1192433 0.7907493 0.06090796 -0.5973164
0.1167455 0.7957733 0.05333507 -0.5918369
0.1140021 0.8011513 0.04505822 -0.5857728
0.1110091 0.8068547 0.03607629 -0.5791038
0.1077624 0.8128513 0.02638854 -0.5718074
0.1042579 0.8191063 0.01599513 -0.5638611
0.1004917 0.8255816 0.004897607 -0.5552409
0.09646033 0.8322353 -0.006900501 -0.5459231
0.09216078 0.839022 -0.01939307 -0.5358847
0.08759095 0.8458921 -0.03257087 -0.5251034
0.0827498 0.8527924 -0.04642085 -0.513559
0.07763764 0.8596658 -0.0609256 -0.5012338
0.07225648 0.8664517 -0.07606261 -0.4881137
0.06661014 0.8730866 -0.09180395 -0.4741888
0.06070458 0.879504 -0.1081157 -0.4594547
0.05454821 0.8856362 -0.1249575 -0.443913
0.04815197 0.8914139 -0.1422824 -0.4275725
0.04152958 0.8967687 -0.160037 -0.4104501
0.03469753 0.9016336 -0.1781612 -0.3925705
0.02767518 0.905944 -0.196589 -0.3739683
0.02048471 0.9096403 -0.2152488 -0.3546871
0.01315082 0.9126685 -0.2340643 -0.3347796
0.005700652 0.9149817 -0.2529556 -0.3143079
-0.001836737 0.9165421 -0.2718407 -0.2933425
-0.009430635 0.9173215 -0.290636 -0.2719616
-0.01704934 0.9173021 -0.309259 -0.25025
-0.02466062 0.9164777 -0.3276291 -0.2282972
-0.03223232 0.9148535 -0.3456691 -0.2061966
-0.03973289 0.912446 -0.3633066 -0.1840434
-0.04713203 0.9092824 -0.3804756 -0.161933
-0.05440114 0.9054005 -0.3971171 -0.139959
-0.06151376 0.9008465 -0.41318 -0.1182119
-0.06844587 0.8956746 -0.4286213 -0.09677777
-0.07517628 0.8899455 -0.4434067 -0.07573681
-0.0816866 0.8837242 -0.4575106 -0.05516252
-0.08796149 0.8770794 -0.4709152 -0.03512091
-0.09398849 0.8700812 -0.4836106 -0.01567045
-0.09975804 0.8628006 -0.4955942 0.003138463
-0.1052631 0.8553077 -0.5068691 0.02126307
-0.1104992 0.8476709 -0.5174444 0.03866838
-0.115464 0.8399561 -0.5273337 0.05532613
-0.1201572 0.832226 -0.5365543 0.07121497
-0.1245799 0.82454 -0.5451264 0.08631901
-0.1287348 0.816953 -0.5530725 0.1006277
-0.1326256 0.8095165 -0.5604166 0.1141347
-0.1362566 0.8022777 -0.5671834 0.1268374
-0.1396329 0.7952797 -0.5733978 0.1387363
-0.14276 0.7885624 -0.5790845 0.1498336
-0.1456435 0.7821613 -0.5842679 0.1601337
-0.1482888 0.7761095 -0.5889705 0.1696415
-0.1507012 0.7704366 -0.5932145 0.1783623
-0.1528857 0.76517 -0.5970197 0.1863017
-0.1548468 0.7603347 -0.6004044 0.193464
-0.1565885 0.7559534 -0.6033849 0.199853
-0.1581138 0.7520478 -0.6059751 0.2054708
-0.1594251 0.7486379 -0.608187 0.2103177
-0.160524 0.7457428 -0.6100295 0.2143916
-0.1614109 0.7433809 -0.6115091 0.2176878
-0.1620852 0.74157 -0.6126295 0.2201985
-0.1625449 0.7403275 -0.6133913 0.2219132
-0.162787 0.739671 -0.6137916 0.2228166
-0.1628258 0.7395655 -0.6138557 0.2229616
0.1628344 -0.739601 0.6137048 -0.2232526
0.1628598 -0.7397059 0.6132573 -0.2241147
0.1629011 -0.7398768 0.6125202 -0.2255319
0.1629576 -0.7401097 0.6114995 -0.2274883
0.1630281 -0.7403999 0.6102003 -0.2299684
0.1631114 -0.7407421 0.6086271 -0.232957
0.1632061 -0.7411303 0.6067836 -0.2364389
0.1633108 -0.7415581 0.604673 -0.2403988
0.163424 -0.7420189 0.6022981 -0.2448217
0.1635441 -0.7425051 0.5996611 -0.2496924
0.1636692 -0.7430092 0.5967639 -0.2549954
0.1637977 -0.7435231 0.5936088 -0.2607153
0.1639276 -0.7440388 0.5901971 -0.2668361
0.1640571 -0.7445476 0.5865309 -0.2733417
0.1641843 -0.745041 0.582612 -0.2802156
0.1643071 -0.7455104 0.5784422 -0.2874407
0.1644236 -0.7459468 0.5740239 -0.2949997
0.1645319 -0.7463416 0.5693598 -0.3028745
0.1646299 -0.7466862 0.5644526 -0.3110466
0.1647158 -0.7469719 0.5593061 -0.3194971
0.1647877 -0.7471904 0.5539242 -0.3282064
0.1648438 -0.7473338 0.5483117 -0.3371545
0.1648822 -0.7473942 0.5424738 -0.3463207
0.1649014 -0.7473644 0.5364167 -0.355684
0.1648999 -0.7472377 0.5301474 -0.3652227
0.1648761 -0.7470078 0.5236736 -0.374915
0.1648288 -0.7466691 0.517004 -0.3847386
0.1647569 -0.7462167 0.5101477 -0.394671
0.1646594 -0.7456465 0.5031155 -0.4046894
0.1645355 -0.744955 0.4959185 -0.4147709
0.1643845 -0.7441399 0.488569 -0.4248927
0.1642062 -0.7431996 0.4810799 -0.4350321
0.1640002 -0.7421332 0.473465 -0.4451665
0.1637665 -0.7409412 0.465739 -0.4552735
0.1635054 -0.7396247 0.4579173 -0.4653312
0.1632174 -0.738186 0.4500159 -0.4753181
0.1629029 -0.7366281 0.4420515 -0.4852135
0.1625629 -0.7349554 0.4340413 -0.4949971
0.1621984 -0.7331726 0.4260029 -0.5046496
0.1618107 -0.7312858 0.4179544 -0.5141523
0.1614012 -0.7293018 0.4099142 -0.5234874
0.1609715 -0.727228 0.4019008 -0.5326381
0.1605235 -0.7250729 0.3939327 -0.5415888
0.1600589 -0.7228454 0.3860289 -0.5503247
0.15958 -0.7205552 0.378208 -0.5588319
0.1590889 -0.7182124 0.3704885 -0.5670978
0.1585879 -0.7158276 0.3628889 -0.5751108
0.1580793 -0.713412 0.3554274 -0.58286
0.1575658 -0.7109768 0.3481219 -0.5903358
0.1570497 -0.7085338 0.3409899 -0.5975294
0.1565337 -0.7060946 0.3340487 -0.6044328
0.1560204 -0.7036715 0.3273153 -0.6110391
0.1555124 -0.7012764 0.3208058 -0.6173419
0.1550124 -0.6989214 0.3145365 -0.6233352
0.1545229 -0.6966186 0.3085229 -0.6290143
0.1540466 -0.6943796 0.3027802 -0.6343743
0.153586 -0.6922165 0.2973232 -0.6394111
0.1531437 -0.6901409 0.2921664 -0.6441206
0.1527221 -0.6881641 0.2873238 -0.6484992
0.1523238 -0.6862972 0.2828092 -0.6525431
0.151951 -0.6845513 0.2786361 -0.6562487
0.1516061 -0.6829367 0.2748179 -0.6596121
0.1512914 -0.6814638 0.2713675 -0.6626294
0.1510089 -0.6801424 0.268298 -0.665296
0.1507608 -0.6789821 0.2656222 -0.6676072
0.1505489 -0.677992 0.263353 -0.6695574
0.1503754 -0.6771807 0.2615032 -0.6711406
0.1502418 -0.6765565 0.2600857 -0.6723497
0.1501499 -0.6761272 0.2591135 -0.673177
0.1501012 -0.6758999 0.2585999 -0.6736134
0.1500934 -0.6758633 0.2585174 -0.6736835
-0.1502004 0.6759651 -0.2584016 0.673602
-0.1505174 0.6762665 -0.2580585 0.6733602
-0.1510383 0.6767612 -0.2574945 0.6729624
-0.151757 0.6774428 -0.2567157 0.6724121
-0.1526674 0.678305 -0.2557279 0.671713
-0.1537635 0.6793407 -0.2545371 0.6708681
-0.155039 0.6805431 -0.2531488 0.6698804
-0.1564881 0.6819052 -0.2515686 0.6687527
-0.1581044 0.6834196 -0.2498021 0.6674875
-0.159882 0.6850792 -0.2478548 0.6660873
-0.1618146 0.6868763 -0.2457321 0.6645547
-0.163896 0.6888036 -0.2434392 0.6628915
-0.16612 0.6908532 -0.2409819 0.6611004
-0.1684802 0.6930177 -0.2383654 0.6591836
-0.1709704 0.6952891 -0.2355952 0.6571432
-0.1735841 0.6976597 -0.232677 0.6549817
-0.1763148 0.7001216 -0.2296164 0.6527014
-0.1791561 0.7026671 -0.2264191 0.6503049
-0.1821013 0.7052881 -0.223091 0.6477949
-0.1851439 0.7079769 -0.219638 0.645174
-0.1882772 0.7107258 -0.2160663 0.6424453
-0.1914943 0.7135268 -0.212382 0.6396118
-0.1947887 0.7163724 -0.2085914 0.636677
-0.1981533 0.7192549 -0.2047012 0.6336443
-0.2015814 0.7221668 -0.2007179 0.6305175
-0.2050661 0.7251009 -0.1966483 0.6273007
-0.2086005 0.7280496 -0.1924993 0.6239981
-0.2121776 0.7310062 -0.1882782 0.6206142
-0.2157906 0.7339636 -0.1839919 0.6171539
-0.2194326 0.7369152 -0.179648 0.6136221
-0.2230966 0.7398543 -0.1752538 0.6100242
-0.2267759 0.742775 -0.1708171 0.6063659
-0.2304636 0.745671 -0.1663455 0.6026529
-0.234153 0.7485367 -0.1618468 0.5988913
-0.2378374 0.7513666 -0.157329 0.5950876
-0.2415103 0.7541554 -0.1528 0.5912483
-0.2451651 0.7568983 -0.1482679 0.5873803
-0.2487953 0.7595907 -0.1437407 0.5834908
-0.2523949 0.7622282 -0.1392267 0.5795869
-0.2559574 0.7648069 -0.1347339 0.5756761
-0.259477 0.7673232 -0.1302706 0.5717661
-0.2629476 0.7697735 -0.1258449 0.5678648
-0.2663636 0.7721549 -0.121465 0.5639802
-0.2697192 0.7744645 -0.117139 0.5601202
-0.2730091 0.7767001 -0.112875 0.5562933
-0.2762278 0.7788593 -0.1086812 0.5525078
-0.2793703 0.7809403 -0.1045653 0.548772
-0.2824314 0.7829414 -0.1005355 0.5450944
-0.2854063 0.7848613 -0.09659956 0.5414836
-0.2882902 0.7866988 -0.09276529 0.5379484
-0.2910786 0.788453 -0.08904032 0.534497
-0.2937668 0.7901231 -0.08543237 0.5311382
-0.2963507 0.7917086 -0.08194889 0.5278808
-0.298826 0.7932091 -0.07859742 0.5247331
-0.3011885 0.7946243 -0.07538528 0.5217038
-0.3034341 0.7959539 -0.07231975 0.5188015
-0.3055589 0.7971981 -0.06940808 0.5160344
-0.307559 0.7983565 -0.06665738 0.5134113
-0.3094305 0.7994293 -0.06407478 0.5109403
-0.3111695 0.8004164 -0.06166727 0.5086298
-0.3127722 0.8013178 -0.05944185 0.506488
-0.3142346 0.8021331 -0.05740547 0.5045231
-0.3155532 0.8028625 -0.05556506 0.5027431
-0.3167237 0.8035053 -0.05392753 0.501156
-0.3177422 0.804061 -0.05249978 0.4997696
-0.3186046 0.804529 -0.05128873 0.4985918
-0.3193068 0.8049082 -0.05030135 0.4976302
-0.3198443 0.8051974 -0.04954465 0.4968925
-0.3202127 0.805395 -0.0490256 0.4963862
-0.3204072 0.8054992 -0.04875136 0.4961185
-0.3204385 0.8055159 -0.04870728 0.4960755
-0.3202999 0.8057351 -0.04873136 0.4958066
-0.3198891 0.8063839 -0.04880271 0.4950095
-0.3192124 0.8074488 -0.0489199 0.493697
-0.3182758 0.8089159 -0.04908158 0.4918808
-0.3170841 0.8107703 -0.04928631 0.4895713
-0.3156418 0.812997 -0.0495327 0.4867778
-0.3139527 0.8155803 -0.04981929 0.4835086
-0.3120202 0.8185038 -0.05014464 0.4797713
-0.3098472 0.8217506 -0.05050725 0.4755729
-0.3074364 0.8253035 -0.05090562 0.47092
-0.3047905 0.8291443 -0.05133819 0.4658185
-0.3019117 0.8332545 -0.05180338 0.4602747
-0.2988023 0.8376148 -0.05229951 0.4542945
-0.2954647 0.8422055 -0.05282495 0.447884
-0.2919014 0.8470063 -0.05337792 0.4410496
-0.2881152 0.8519962 -0.05395665 0.4337981
-0.2841088 0.857154 -0.05455929 0.4261369
-0.2798858 0.8624575 -0.05518392 0.418074
-0.2754497 0.8678845 -0.05582861 0.4096183
-0.2708049 0.8734124 -0.05649135 0.4007794
-0.2659562 0.8790183 -0.05717007 0.3915683
-0.2609089 0.884679 -0.05786269 0.3819968
-0.2556693 0.8903713 -0.05856705 0.3720781
-0.250244 0.8960721 -0.059281 0.3618264
-0.2446408 0.9017586 -0.06000235 0.3512578
-0.2388679 0.9074081 -0.06072889 0.3403892
-0.2329345 0.9129983 -0.06145843 0.3292392
-0.2268506 0.918508 -0.06218879 0.3178276
-0.220627 0.9239164 -0.0629178 0.3061758
-0.2142751 0.9292037 -0.06364331 0.2943062
-0.2078074 0.9343514 -0.06436329 0.2822427
-0.2012369 0.939342 -0.0650757 0.2700102
-0.1945771 0.9441596 -0.06577863 0.2576348
-0.1878425 0.9487895 -0.06647023 0.2451435
-0.1810479 0.9532192 -0.06714877 0.2325639
-0.1742084 0.9574373 -0.06781262 0.2199244
-0.1673398 0.9614345 -0.06846031 0.2072539
-0.1604579 0.9652035 -0.06909046 0.1945816
-0.1535789 0.9687385 -0.06970187 0.1819368
-0.1467189 0.9720357 -0.07029346 0.1693488
-0.1398941 0.9750934 -0.07086429 0.1568468
-0.1331206 0.9779113 -0.07141358 0.1444595
-0.1264144 0.9804913 -0.07194073 0.1322151
-0.1197909 0.9828367 -0.07244521 0.1201415
-0.1132656 0.9849524 -0.07292674 0.1082655
-0.1068534 0.9868449 -0.07338506 0.09661318
-0.1005688 0.9885221 -0.07382014 0.08520969
-0.09442579 0.9899928 -0.07423199 0.07407925
-0.08843775 0.9912672 -0.07462078 0.06324496
-0.08261776 0.9923563 -0.07498676 0.05272899
-0.07697807 0.9932719 -0.0753303 0.04255223
-0.07153057 0.9940265 -0.07565178 0.0327347
-0.06628651 0.994633 -0.07595173 0.0232953
-0.06125668 0.9951047 -0.07623067 0.01425203
-0.05645135 0.9954552 -0.0764892 0.005621969
-0.05188021 0.9956981 -0.07672792 -0.002578782
-0.04755271 0.9958469 -0.07694746 -0.01033464
-0.04347779 0.9959152 -0.07714847 -0.01763094
-0.03966421 0.995916 -0.07733157 -0.02445331
-0.03612028 0.9958622 -0.07749739 -0.03078806
-0.03285426 0.9957663 -0.07764651 -0.0366216
-0.02987422 0.9956399 -0.07777949 -0.04194057
-0.02718812 0.9954944 -0.07789683 -0.04673191
-0.02480399 0.99534 -0.07799898 -0.05098218
-0.02272988 0.9951865 -0.0780863 -0.05467793
-0.02097401 0.9950426 -0.07815914 -0.05780532
-0.01954472 0.994916 -0.07821766 -0.06035003
-0.01845081 0.9948134 -0.078262 -0.06229718
-0.01770119 0.9947402 -0.07829216 -0.06363118
-0.01730536 0.9947007 -0.07830801 -0.06433555
-0.01724175 0.9946943 -0.07831056 -0.06444871
0.0172885 -0.9946878 0.0782658 0.06458925
0.01742702 -0.9946687 0.07813326 0.06500559
0.01765464 -0.9946368 0.07791539 0.06568974
0.01796872 -0.9945919 0.07761467 0.06663377
0.01836665 -0.9945335 0.07723352 0.06782977
0.0188458 -0.9944608 0.07677437 0.06926989
0.01940358 -0.994373 0.07623957 0.07094627
0.02003737 -0.9942691 0.07563148 0.07285105
0.02074458 -0.994148 0.07495248 0.07497641
0.02152259 -0.9940085 0.07420488 0.07731449
0.02236881 -0.9938492 0.07339103 0.07985744
0.02328062 -0.9936687 0.07251327 0.08259738
0.02425539 -0.9934657 0.07157393 0.08552641
0.0252905 -0.9932387 0.07057535 0.08863658
0.02638331 -0.9929863 0.06951991 0.09191996
0.02753115 -0.9927069 0.06840996 0.09536847
0.02873135 -0.9923993 0.06724792 0.09897415
0.02998122 -0.9920621 0.06603616 0.1027288
0.03127807 -0.991694 0.06477714 0.1066244
0.03261916 -0.9912937 0.06347329 0.1106526
0.03400176 -0.9908602 0.06212711 0.1148052
0.03542311 -0.9903924 0.06074109 0.1190739
0.03688044 -0.9898895 0.05931778 0.1234504
0.03837096 -0.9893507 0.05785972 0.1279263
0.03989187 -0.9887754 0.05636951 0.1324931
0.04144035 -0.9881631 0.05484976 0.1371423
0.04301355 -0.9875134 0.05330313 0.1418654
0.04460866 -0.9868265 0.05173226 0.1466539
0.04622282 -0.9861022 0.05013988 0.1514993
0.04785316 -0.9853407 0.04852868 0.1563928
0.04949684 -0.9845427 0.04690142 0.161326
0.05115099 -0.9837086 0.04526085 0.1662902
0.05281273 -0.9828394 0.04360976 0.1712769
0.05447923 -0.981936 0.04195096 0.1762773
0.05614762 -0.9809999 0.04028725 0.1812831
0.05781506 -0.9800324 0.03862144 0.1862856
0.05947872 -0.9790352 0.03695637 0.1912763
0.06113577 -0.9780102 0.0352949 0.1962469
0.06278342 -0.9769594 0.03363986 0.2011888
0.06441889 -0.9758852 0.0319941 0.2060938
0.06603939 -0.97479 0.03036044 0.2109536
0.0676422 -0.9736766 0.02874176 0.2157598
0.06922462 -0.9725477 0.02714086 0.2205046
0.07078392 -0.9714064 0.02556059 0.2251797
0.07231748 -0.9702559 0.02400375 0.2297772
0.07382264 -0.9690995 0.02247315 0.2342893
0.07529681 -0.9679407 0.02097157 0.2387081
0.07673741 -0.966783 0.01950179 0.243026
0.07814191 -0.9656305 0.01806657 0.2472354
0.07950777 -0.9644867 0.01666865 0.2513287
0.08083254 -0.9633558 0.01531073 0.2552986
0.08211375 -0.9622418 0.01399553 0.2591376
0.08334897 -0.9611487 0.01272574 0.2628387
0.08453581 -0.9600809 0.011504 0.2663945
0.08567189 -0.9590425 0.01033298 0.2697981
0.08675487 -0.9580379 0.009215295 0.2730424
0.08778237 -0.9570712 0.008153577 0.2761203
0.08875211 -0.956147 0.0071504 0.279025
0.08966176 -0.9552693 0.006208363 0.2817497
0.09050905 -0.9544425 0.005330047 0.2842874
0.09129166 -0.9536708 0.004518005 0.2866313
0.09200729 -0.9529584 0.003774805 0.2887745
0.09265368 -0.9523094 0.003103005 0.2907103
0.09322852 -0.9517279 0.002505153 0.2924317
0.09372947 -0.9512177 0.001983813 0.2939318
0.09415423 -0.9507825 0.001541533 0.2952037
0.09450043 -0.9504262 0.00118089 0.2962404
0.09476569 -0.9501522 0.0009044806 0.2970347
0.09494759 -0.9499637 0.0007148603 0.2975794
0.0950437 -0.949864 0.0006146699 0.2978671
0.09505914 -0.9498479 0.0005985648 0.2979134
-0.09502038 0.9499819 -0.0003520897 -0.2974986
-0.09490529 0.9503778 0.0003787295 -0.2962681
-0.09471536 0.9510252 0.001582084 -0.2942407
-0.09445154 0.9519117 0.003247499 -0.2914318
-0.09411442 0.9530234 0.005365673 -0.2878545
-0.09370419 0.9543446 0.007928307 -0.2835189
-0.09322072 0.9558583 0.01092794 -0.2784339
-0.09266356 0.9575455 0.01435775 -0.272606
-0.09203199 0.9593858 0.01821142 -0.2660404
-0.0913251 0.9613569 0.02248292 -0.2587416
-0.09054175 0.9634351 0.02716635 -0.250713
-0.08968065 0.9655949 0.03225571 -0.2419578
-0.08874039 0.9678089 0.03774471 -0.2324789
-0.08771951 0.9700483 0.04362665 -0.2222799
-0.08661654 0.9722824 0.04989409 -0.211365
-0.08543 0.974479 0.05653875 -0.1997394
-0.08415849 0.9766044 0.06355126 -0.1874099
-0.08280079 0.9786236 0.07092099 -0.1743854
-0.0813558 0.9805002 0.0786358 -0.1606768
-0.07982273 0.9821972 0.08668201 -0.1462982
-0.07820112 0.983677 0.0950441 -0.1312663
-0.07649083 0.9849014 0.1037046 -0.1156017
-0.07469221 0.9858328 0.1126441 -0.0993286
-0.07280612 0.9864339 0.1218411 -0.08247516
-0.07083393 0.9866689 0.131272 -0.06507397
-0.06877766 0.9865037 0.1409111 -0.04716191
-0.06664 0.9859062 0.1507307 -0.02878025
-0.06442429 0.9848477 0.1607015 -0.009974536
-0.06213458 0.9833029 0.1707922 0.009205512
-0.05977564 0.9812505 0.1809704 0.02870615
-0.05735291 0.9786741 0.1912025 0.0484704
-0.05487254 0.9755622 0.2014541 0.06843814
-0.05234127 0.9719089 0.2116905 0.08854697
-0.04976645 0.9677144 0.2218771 0.1087326
-0.04715588 0.9629843 0.2319797 0.1289299
-0.04451778 0.9577307 0.2419651 0.1490736
-0.04186071 0.9519713 0.2518013 0.1690989
-0.03919341 0.9457296 0.261458 0.1889424
-0.03652472 0.9390342 0.270907 0.2085428
-0.03386349 0.9319189 0.2801225 0.2278416
-0.03121845 0.9244217 0.289081 0.2467838
-0.02859811 0.916584 0.297762 0.265318
-0.02601071 0.9084508 0.3061478 0.2833976
-0.02346409 0.9000689 0.3142234 0.3009802
-0.02096565 0.8914871 0.321977 0.3180284
-0.01852233 0.8827551 0.3293991 0.3345095
-0.01614048 0.8739229 0.3364834 0.3503959
-0.01382601 0.8650404 0.3432255 0.3656642
-0.01158416 0.8561566 0.3496239 0.3802957
-0.009419724 0.8473197 0.3556785 0.3942757
-0.007336885 0.838576 0.3613915 0.4075938
-0.005339367 0.8299701 0.3667665 0.4202422
-0.003430411 0.8215446 0.3718081 0.4322168
-0.00161283 0.8133402 0.3765224 0.4435156
0.0001109512 0.8053949 0.3809159 0.4541389
0.001738859 0.7977449 0.3849956 0.4640888
0.003269064 0.7904241 0.3887692 0.4733685
0.004700009 0.783464 0.3922441 0.481982
0.006030301 0.7768946 0.3954278 0.4899339
0.007258676 0.7707438 0.3983275 0.497229
0.008383943 0.7650375 0.4009501 0.5038714
0.009404927 0.7598008 0.4033015 0.5098649
0.01032046 0.7550569 0.4053875 0.5152122
0.01112926 0.7508281 0.4072123 0.5199149
0.01182996 0.7471357 0.4087797 0.5239728
0.01242102 0.7440003 0.4100919 0.527384
0.01290067 0.7414418 0.4111502 0.5301445
0.0132669 0.7394799 0.4119542 0.5322473
0.01351741 0.7381337 0.4125022 0.5336834
0.01364954 0.7374222 0.4127906 0.53444
0.01367077 0.7373078 0.4128369 0.5345615
-0.01371963 -0.7376224 -0.4127143 -0.5342209
-0.01386446 -0.7385539 -0.4123503 -0.5332103
-0.01410282 -0.7400841 -0.4117493 -0.5315443
-0.01443246 -0.7421944 -0.4109139 -0.5292343
-0.01485132 -0.7448659 -0.4098457 -0.5262897
-0.01535748 -0.7480793 -0.4085445 -0.5227169
-0.01594913 -0.7518148 -0.4070094 -0.5185205
-0.01662456 -0.756052 -0.405238 -0.5137034
-0.01738211 -0.7607695 -0.4032274 -0.508267
-0.01822013 -0.7659451 -0.4009736 -0.5022114
-0.01913699 -0.7715558 -0.398472 -0.4955357
-0.02013099 -0.7775769 -0.3957174 -0.4882385
-0.02120038 -0.7839825 -0.3927043 -0.480318
-0.02234329 -0.7907454 -0.3894268 -0.4717724
-0.02355771 -0.7978368 -0.385879 -0.4626001
-0.02484146 -0.805226 -0.382055 -0.4528003
-0.02619217 -0.8128806 -0.3779489 -0.442373
-0.02760722 -0.8207665 -0.3735554 -0.4313197
-0.02908375 -0.8288478 -0.3688697 -0.4196434
-0.03061861 -0.837087 -0.3638877 -0.4073493
-0.03220835 -0.845445 -0.3586065 -0.3944449
-0.03384921 -0.8538809 -0.3530239 -0.3809406
-0.03553711 -0.862353 -0.3471397 -0.3668494
-0.03726766 -0.8708183 -0.3409549 -0.3521881
-0.03903611 -0.8792332 -0.3344721 -0.3369769
-0.04083746 -0.8875542 -0.3276964 -0.3212399
-0.04266638 -0.8957374 -0.3206342 -0.3050046
-0.04451733 -0.90374 -0.3132948 -0.288303
-0.04638454 -0.9115202 -0.3056893 -0.2711707
-0.04826205 -0.9190376 -0.2978314 -0.2536475
-0.05014383 -0.9262547 -0.2897369 -0.2357763
-0.05202377 -0.9331359 -0.281424 -0.2176037
-0.05389578 -0.9396496 -0.272913 -0.1991795
-0.05575381 -0.9457672 -0.2642263 -0.1805556
-0.05759201 -0.9514648 -0.2553881 -0.1617865
-0.0594047 -0.9567226 -0.2464239 -0.1429278
-0.06118649 -0.9615253 -0.2373611 -0.1240363
-0.06293229 -0.9658629 -0.2282277 -0.1051691
-0.06463742 -0.9697298 -0.2190527 -0.08638298
-0.06629759 -0.9731256 -0.2098652 -0.0677339
-0.06790899 -0.9760543 -0.2006948 -0.04927641
-0.06946825 -0.9785244 -0.1915704 -0.03106312
-0.07097255 -0.980549 -0.1825209 -0.01314419
-0.07241949 -0.9821445 -0.1735741 0.004432883
-0.07380722 -0.9833311 -0.1647569 0.02162387
-0.07513431 -0.9841319 -0.1560949 0.03838762
-0.07639978 -0.9845725 -0.1476125 0.05468671
-0.07760312 -0.9846806 -0.1393327 0.0704869
-0.07874414 -0.9844854 -0.1312766 0.0857576
-0.07982302 -0.9840174 -0.123464 0.1004716
-0.08084026 -0.983308 -0.1159132 0.1146051
-0.08179659 -0.9823886 -0.1086407 0.1281372
-0.08269296 -0.9812909 -0.1016615 0.1410498
-0.08353051 -0.9800461 -0.09498953 0.1533277
-0.08431049 -0.978685 -0.08863705 0.1649574
-0.08503427 -0.9772375 -0.08261538 0.1759281
-0.08570324 -0.9757328 -0.07693475 0.1862299
-0.08631882 -0.9741986 -0.07160448 0.1958546
-0.08688241 -0.9726616 -0.06663316 0.2047949
-0.08739538 -0.9711471 -0.06202887 0.2130442
-0.087859 -0.9696791 -0.05779923 0.2205961
-0.08827442 -0.96828 -0.05395167 0.2274441
-0.08864268 -0.9669708 -0.05049338 0.2335817
-0.08896466 -0.9657712 -0.04743181 0.2390013
-0.08924107 -0.964699 -0.04477453 0.2436946
-0.08947237 -0.9637709 -0.0425295 0.2476524
-0.08965883 -0.9630016 -0.04070516 0.2508632
-0.08980046 -0.9624045 -0.03931079 0.2533142
-0.08989696 -0.9619913 -0.03835626 0.2549906
-0.08994773 -0.9617717 -0.0378525 0.2558747
-0.08995588 -0.9617363 -0.03777159 0.2560168
0.09008619 0.9616832 0.03771219 -0.2561792
0.09047223 0.9615255 0.03753622 -0.2566605
0.09110662 0.9612654 0.03724695 -0.2574513
0.09198212 0.9609045 0.0368476 -0.2585423
0.09309147 0.960444 0.03634132 -0.2599243
0.0944275 0.9598846 0.03573121 -0.261588
0.09598305 0.9592267 0.03502034 -0.2635241
0.09775096 0.9584704 0.03421174 -0.2657233
0.09972409 0.9576154 0.03330842 -0.2681762
0.1018953 0.9566613 0.03231338 -0.2708734
0.1042573 0.9556075 0.03122963 -0.2738054
0.1068029 0.9544533 0.03006017 -0.2769626
0.1095249 0.953198 0.02880803 -0.2803355
0.1124159 0.9518406 0.02747625 -0.2839143
0.1154684 0.9503801 0.0260679 -0.2876892
0.118675 0.9488161 0.02458611 -0.2916503
0.1220281 0.9471475 0.02303402 -0.2957876
0.1255199 0.9453738 0.02141486 -0.3000909
0.1291428 0.9434946 0.01973186 -0.3045501
0.1328888 0.9415096 0.01798836 -0.3091548
0.13675 0.9394187 0.01618771 -0.3138947
0.1407183 0.9372223 0.01433336 -0.3187591
0.1447855 0.9349207 0.01242881 -0.3237376
0.1489434 0.9325148 0.0104776 -0.3288194
0.1531837 0.9300058 0.008483359 -0.3339939
0.157498 0.9273953 0.006449767 -0.3392504
0.1618777 0.924685 0.004380564 -0.3445781
0.1663145 0.9218774 0.002279524 -0.3499661
0.1707998 0.9189752 0.0001504873 -0.3554039
0.1753249 0.9159817 -0.00200265 -0.3608805
0.1798814 0.9129003 -0.004175986 -0.3663853
0.1844606 0.9097353 -0.006365564 -0.3719079
0.189054 0.9064912 -0.00856741 -0.3774375
0.1936532 0.9031727 -0.01077752 -0.3829639
0.1982495 0.8997856 -0.01299188 -0.3884768
0.2028348 0.8963356 -0.01520651 -0.3939662
0.2074007 0.892829 -0.01741738 -0.3994221
0.2119389 0.8892726 -0.0196205 -0.4048348
0.2164416 0.8856735 -0.0218119 -0.4101948
0.2209008 0.8820392 -0.02398763 -0.4154929
0.2253086 0.8783776 -0.02614378 -0.4207201
0.2296575 0.8746969 -0.02827647 -0.4258676
0.2339401 0.8710057 -0.03038189 -0.430927
0.238149 0.8673128 -0.03245623 -0.43589
0.2422772 0.8636275 -0.03449582 -0.4407487
0.2463178 0.8599589 -0.03649695 -0.4454955
0.2502642 0.8563167 -0.03845608 -0.450123
0.2541097 0.8527107 -0.04036965 -0.4546241
0.2578481 0.8491508 -0.04223421 -0.458992
0.2614733 0.845647 -0.04404635 -0.4632201
0.2649793 0.8422095 -0.04580278 -0.4673021
0.2683603 0.8388485 -0.04750023 -0.4712321
0.2716107 0.8355744 -0.04913551 -0.475004
0.274725 0.8323973 -0.05070548 -0.4786123
0.277698 0.8293278 -0.05220708 -0.4820515
0.2805245 0.826376 -0.05363731 -0.4853163
0.2831991 0.8235521 -0.05499315 -0.4884014
0.2857171 0.8208665 -0.05627171 -0.4913019
0.2880734 0.8183291 -0.05747009 -0.4940126
0.2902631 0.81595 -0.0585854 -0.4965287
0.2922813 0.8137391 -0.0596148 -0.4988451
0.2941231 0.8117062 -0.06055544 -0.5009568
0.2957837 0.8098608 -0.06140448 -0.5028589
0.2972579 0.8082124 -0.06215904 -0.504546
0.2985407 0.8067703 -0.06281627 -0.5060132
0.2996271 0.8055434 -0.06337326 -0.5072547
0.3005115 0.8045407 -0.06382705 -0.508265
0.3011886 0.8037708 -0.06417461 -0.509038
0.3016526 0.8032419 -0.06441291 -0.5095676
0.3018977 0.8029622 -0.0645388 -0.5098472
0.301937 0.8029172 -0.06455903 -0.5098922
-0.3018788 -0.8028947 0.06474514 0.5099387
-0.301706 -0.8028277 0.06529641 0.5100762
-0.3014219 -0.8027168 0.06620238 0.5103018
-0.3010292 -0.8025625 0.06745269 0.5106123
-0.3005308 -0.802365 0.06903703 0.5110045
-0.2999293 -0.8021238 0.07094519 0.5114749
-0.2992271 -0.8018386 0.073167 0.5120201
-0.2984268 -0.8015088 0.07569229 0.5126361
-0.2975307 -0.8011335 0.07851096 0.5133194
-0.2965409 -0.8007115 0.08161285 0.5140659
-0.29546 -0.8002421 0.0849878 0.5148718
-0.29429 -0.7997239 0.08862561 0.5157331
-0.2930332 -0.7991557 0.09251601 0.5166456
-0.2916917 -0.7985361 0.09664868 0.5176052
-0.2902679 -0.797864 0.1010132 0.5186078
-0.2887641 -0.7971379 0.1055991 0.5196492
-0.2871825 -0.7963569 0.1103957 0.5207253
-0.2855256 -0.7955195 0.1153924 0.5218318
-0.2837957 -0.794625 0.1205782 0.5229647
-0.2819956 -0.7936722 0.1259423 0.5241197
-0.2801276 -0.7926604 0.1314736 0.5252929
-0.2781946 -0.791589 0.1371608 0.5264803
-0.2761994 -0.7904575 0.1429927 0.5276778
-0.2741449 -0.7892656 0.1489579 0.5288818
-0.2720342 -0.7880133 0.1550447 0.5300882
-0.2698703 -0.7867009 0.1612417 0.5312936
-0.2676567 -0.7853286 0.1675369 0.5324945
-0.2653966 -0.7838972 0.1739188 0.5336873
-0.2630936 -0.7824078 0.1803753 0.5348689
-0.2607514 -0.7808613 0.1868946 0.5360361
-0.2583737 -0.7792596 0.1934647 0.5371862
-0.2559645 -0.7776043 0.2000737 0.5383161
-0.2535276 -0.7758977 0.2067097 0.5394235
-0.2510673 -0.774142 0.2133607 0.5405059
-0.2485878 -0.7723401 0.2200148 0.5415611
-0.2460935 -0.7704949 0.2266602 0.5425872
-0.2435886 -0.7686098 0.2332851 0.5435824
-0.2410779 -0.7666882 0.239878 0.5445449
-0.2385658 -0.7647343 0.2464272 0.5454736
-0.236057 -0.7627521 0.2529213 0.5463673
-0.2335563 -0.7607459 0.2593492 0.5472249
-0.2310685 -0.7587205 0.2656996 0.5480459
-0.2285984 -0.7566808 0.2719617 0.5488294
-0.2261509 -0.7546319 0.2781248 0.5495754
-0.223731 -0.7525791 0.2841782 0.5502836
-0.2213434 -0.750528 0.2901116 0.5509538
-0.2189933 -0.7484841 0.295915 0.5515865
-0.2166855 -0.7464536 0.3015783 0.552182
-0.2144251 -0.7444422 0.3070919 0.5527406
-0.2122169 -0.7424562 0.3124461 0.5532632
-0.210066 -0.7405017 0.3176318 0.5537505
-0.2079772 -0.7385851 0.3226397 0.5542033
-0.2059554 -0.7367126 0.3274609 0.5546227
-0.2040056 -0.7348908 0.3320867 0.5550096
-0.2021325 -0.7331262 0.3365084 0.5553653
-0.200341 -0.731425 0.3407176 0.555691
-0.198636 -0.729794 0.3447058 0.5559878
-0.197022 -0.7282394 0.348465 0.5562572
-0.1955038 -0.7267676 0.3519868 0.5565002
-0.1940861 -0.7253851 0.3552632 0.5567181
-0.1927736 -0.7240981 0.3582862 0.5569123
-0.1915708 -0.7229129 0.3610476 0.5570838
-0.1904823 -0.7218354 0.3635394 0.5572337
-0.1895126 -0.7208718 0.3657533 0.557363
-0.1886663 -0.7200277 0.3676812 0.5574726
-0.1879477 -0.719309 0.3693148 0.5575634
-0.1873615 -0.718721 0.3706454 0.5576358
-0.1869119 -0.7182693 0.3716645 0.5576904
-0.1866034 -0.7179589 0.3723632 0.5577273
-0.1864404 -0.7177948 0.3727322 0.5577468
-0.1864142 -0.7177684 0.3727916 0.5577499
0.1862649 0.7176763 -0.3731195 -0.5576988
0.1858224 0.7174031 -0.3740911 -0.5575472
0.1850941 0.7169515 -0.3756881 -0.5572963
0.1840867 0.7163237 -0.3778927 -0.5569466
0.1828066 0.7155204 -0.3806872 -0.5564976
0.1812593 0.7145412 -0.3840542 -0.5559483
0.1794501 0.7133849 -0.3879762 -0.5552965
0.177384 0.7120495 -0.3924358 -0.55454
0.1750657 0.7105322 -0.3974156 -0.5536758
0.1724995 0.7088298 -0.4028979 -0.5527003
0.16969 0.7069384 -0.4088644 -0.5516098
0.1666413 0.7048538 -0.415297 -0.5504
0.1633578 0.7025716 -0.4221767 -0.5490667
0.1598441 0.7000871 -0.429484 -0.5476053
0.1561047 0.6973954 -0.4371991 -0.546011
0.1521445 0.694492 -0.445301 -0.5442793
0.1479687 0.6913723 -0.4537685 -0.5424056
0.1435829 0.688032 -0.4625792 -0.5403854
0.1389931 0.6844673 -0.4717102 -0.5382147
0.1342056 0.6806747 -0.4811375 -0.5358895
0.1292277 0.6766514 -0.4908367 -0.5334066
0.1240668 0.6723955 -0.5007821 -0.5307628
0.1187312 0.6679056 -0.5109477 -0.5279559
0.1132297 0.6631816 -0.5213068 -0.5249843
0.1075718 0.6582242 -0.5318317 -0.521847
0.1017677 0.6530355 -0.5424946 -0.5185439
0.09582808 0.6476183 -0.5532671 -0.5150758
0.0897645 0.6419773 -0.5641206 -0.5114445
0.083589 0.636118 -0.5750265 -0.5076528
0.07731428 0.6300479 -0.5859559 -0.5037043
0.07095347 0.623775 -0.5968805 -0.4996039
0.06452029 0.6173096 -0.6077721 -0.4953575
0.05802884 0.610663 -0.6186031 -0.4909721
0.05149361 0.6038479 -0.6293465 -0.4864557
0.04492931 0.5968781 -0.6399764 -0.4818174
0.03835082 0.589769 -0.6504681 -0.4770672
0.03177324 0.5825369 -0.6607974 -0.4722161
0.02521159 0.5751994 -0.6709421 -0.467276
0.0186809 0.5677748 -0.6808811 -0.4622594
0.01219596 0.5602825 -0.690595 -0.4571798
0.005771388 0.5527424 -0.7000659 -0.4520513
-0.000578468 0.5451751 -0.7092776 -0.4468882
-0.006839742 0.5376016 -0.7182158 -0.4417056
-0.01299888 0.5300434 -0.7268676 -0.4365187
-0.01904295 0.5225219 -0.7352221 -0.4313431
-0.0249594 0.5150586 -0.7432699 -0.4261944
-0.03073642 0.5076752 -0.7510032 -0.4210883
-0.03636261 0.5003932 -0.7584159 -0.4160406
-0.04182727 0.4932334 -0.7655034 -0.4110668
-0.04712024 0.486217 -0.7722621 -0.4061823
-0.05223205 0.479364 -0.7786901 -0.4014021
-0.05715368 0.4726947 -0.7847863 -0.3967414
-0.06187675 0.4662283 -0.7905506 -0.3922144
-0.06639332 0.4599837 -0.795984 -0.3878355
-0.07069598 0.4539793 -0.8010879 -0.3836183
-0.07477774 0.4482328 -0.8058644 -0.3795765
-0.07863194 0.4427614 -0.8103158 -0.3757229
-0.08225227 0.4375817 -0.814445 -0.3720701
-0.08563272 0.43271 -0.8182546 -0.3686305
-0.08876731 0.4281619 -0.8217476 -0.3654158
-0.09165042 0.4239526 -0.8249262 -0.3624377
-0.09427623 0.4200971 -0.8277929 -0.3597074
-0.09663915 0.4166096 -0.8303492 -0.3572358
-0.09873329 0.4135047 -0.8325964 -0.3550337
-0.1005527 0.410796 -0.8345346 -0.3531115
-0.1020913 0.4084976 -0.8361634 -0.3514795
-0.1033425 0.4066232 -0.837481 -0.3501479
-0.1042995 0.4051863 -0.8384844 -0.3491269
-0.1049549 0.4042006 -0.8391696 -0.3484262
-0.1053008 0.4036797 -0.8395305 -0.3480559
-0.1053564 0.403596 -0.8395885 -0.3479964
-0.1053161 0.4035104 -0.8396968 -0.3478466
-0.1051966 0.4032567 -0.8400174 -0.3474026
-0.1050001 0.4028394 -0.8405436 -0.3466726
-0.1047287 0.4022627 -0.8412685 -0.3456644
-0.1043845 0.4015308 -0.8421849 -0.3443858
-0.1039694 0.4006474 -0.8432852 -0.3428441
-0.1034853 0.3996164 -0.8445619 -0.3410467
-0.1029343 0.3984412 -0.846007 -0.3390006
-0.102318 0.3971252 -0.8476124 -0.336713
-0.1016385 0.3956721 -0.8493702 -0.3341908
-0.1008975 0.3940851 -0.8512717 -0.331441
-0.1000968 0.3923674 -0.8533086 -0.3284705
-0.09923822 0.3905224 -0.8554724 -0.3252862
-0.09832369 0.3885533 -0.8577542 -0.321895
-0.09735502 0.3864636 -0.8601456 -0.3183042
-0.09633407 0.3842566 -0.8626375 -0.3145206
-0.09526276 0.3819357 -0.8652213 -0.3105517
-0.09414303 0.3795045 -0.8678881 -0.3064046
-0.09297686 0.3769666 -0.8706291 -0.3020869
-0.09176628 0.3743258 -0.8734356 -0.2976063
-0.09051332 0.371586 -0.8762987 -0.2929705
-0.08922016 0.3687512 -0.87921 -0.2881877
-0.08788893 0.3658255 -0.8821608 -0.2832658
-0.08652188 0.3628134 -0.8851428 -0.2782133
-0.08512127 0.3597193 -0.8881476 -0.2730388
-0.08368948 0.356548 -0.8911672 -0.2677511
-0.08222888 0.3533041 -0.8941936 -0.2623591
-0.08074193 0.349993 -0.8972193 -0.256872
-0.07923117 0.3466196 -0.9002367 -0.2512991
-0.07769913 0.3431895 -0.9032385 -0.2456501
-0.07614847 0.3397081 -0.9062181 -0.2399346
-0.0745818 0.3361814 -0.9091687 -0.2341624
-0.07300189 0.3326152 -0.9120839 -0.2283439
-0.07141146 0.3290154 -0.9149579 -0.2224889
-0.06981333 0.3253886 -0.917785 -0.2166079
-0.06821032 0.3217408 -0.9205602 -0.2107113
-0.06660526 0.3180788 -0.9232782 -0.2048095
-0.06500109 0.3144091 -0.9259349 -0.1989133
-0.06340066 0.3107385 -0.9285258 -0.1930332
-0.06180693 0.3070739 -0.9310474 -0.1871798
-0.06022279 0.303422 -0.9334964 -0.181364
-0.0586512 0.2997901 -0.9358696 -0.1755964
-0.05709508 0.2961851 -0.9381645 -0.1698878
-0.05555736 0.2926143 -0.940379 -0.1642487
-0.05404095 0.2890846 -0.9425111 -0.1586897
-0.05254879 0.2856033 -0.9445595 -0.1532215
-0.05108373 0.2821777 -0.9465227 -0.1478546
-0.04964867 0.2788148 -0.9484001 -0.1425993
-0.04824643 0.275522 -0.9501911 -0.1374658
-0.04687987 0.2723062 -0.9518953 -0.1324646
-0.04555177 0.2691748 -0.9535129 -0.1276056
-0.04426489 0.2661348 -0.9550439 -0.1228989
-0.04302199 0.2631932 -0.9564888 -0.1183543
-0.04182577 0.2603571 -0.9578482 -0.1139816
-0.04067891 0.2576334 -0.9591227 -0.1097904
-0.03958407 0.2550291 -0.9603133 -0.1057903
-0.03854388 0.252551 -0.961421 -0.1019909
-0.03756094 0.2502058 -0.9624466 -0.09840134
-0.03663782 0.2480005 -0.9633912 -0.09503101
-0.0357771 0.2459416 -0.9642558 -0.09188908
-0.03498131 0.2440358 -0.9650412 -0.08898469
-0.03425298 0.2422897 -0.9657484 -0.08632699
-0.0335946 0.2407098 -0.9663782 -0.08392496
-0.03300872 0.2393026 -0.9669309 -0.08178768
-0.03249783 0.2380746 -0.9674071 -0.07992417
-0.03206443 0.2370321 -0.9678068 -0.07834348
-0.03171103 0.2361817 -0.9681298 -0.07705472
-0.03144018 0.2355296 -0.9683756 -0.07606705
-0.03125438 0.2350821 -0.9685433 -0.07538956
-0.03115621 0.2348456 -0.9686316 -0.0750316
-0.03114043 0.2348076 -0.9686457 -0.07497406
-0.03102319 0.2346446 -0.968676 -0.07514127
-0.03067582 0.2341616 -0.9687654 -0.07563662
-0.03010475 0.2333673 -0.9689111 -0.07645078
-0.02931627 0.23227 -0.9691096 -0.0775746
-0.0283165 0.2308779 -0.9693569 -0.07899905
-0.02711146 0.2291987 -0.9696484 -0.08071515
-0.02570707 0.2272399 -0.9699792 -0.08271404
-0.0241092 0.2250089 -0.9703438 -0.08498687
-0.02232368 0.2225131 -0.9707364 -0.08752483
-0.02035629 0.2197594 -0.9711508 -0.09031907
-0.01821286 0.2167552 -0.9715808 -0.09336071
-0.0158992 0.2135074 -0.9720197 -0.09664083
-0.01342121 0.2100232 -0.9724608 -0.1001504
-0.01078483 0.2063099 -0.9728971 -0.1038802
-0.007996088 0.2023747 -0.9733217 -0.1078211
-0.005061127 0.1982252 -0.9737276 -0.1119636
-0.001986194 0.1938689 -0.9741076 -0.1162981
0.001222314 0.1893137 -0.974455 -0.120815
0.004557882 0.1845677 -0.9747629 -0.1255042
0.008013833 0.1796392 -0.9750246 -0.1303556
0.01158335 0.1745367 -0.9752337 -0.1353589
0.01525941 0.1692691 -0.9753839 -0.1405037
0.01903488 0.1638456 -0.9754695 -0.1457791
0.02290247 0.1582756 -0.9754848 -0.1511745
0.02685468 0.1525689 -0.9754247 -0.1566786
0.03088389 0.1467355 -0.9752846 -0.1622804
0.03498235 0.1407859 -0.9750601 -0.1679683
0.03914219 0.1347305 -0.9747477 -0.1737312
0.04335538 0.1285804 -0.9743442 -0.1795573
0.04761381 0.1223467 -0.973847 -0.185435
0.05190932 0.1160409 -0.9732544 -0.1913528
0.05623361 0.1096746 -0.9725649 -0.1972989
0.06057842 0.1032597 -0.971778 -0.2032617
0.0649354 0.09680813 -0.9708937 -0.2092295
0.06929623 0.09033207 -0.9699129 -0.2151909
0.07365262 0.08384376 -0.968837 -0.2211345
0.07799631 0.07735553 -0.9676681 -0.2270491
0.08231909 0.07087974 -0.966409 -0.2329234
0.08661287 0.06442878 -0.9650633 -0.2387467
0.09086963 0.05801496 -0.9636351 -0.2445084
0.09508152 0.05165055 -0.9621293 -0.2501979
0.09924081 0.04534781 -0.9605512 -0.2558053
0.1033399 0.03911875 -0.9589068 -0.2613206
0.1073715 0.03297535 -0.9572026 -0.2667344
0.1113283 0.0269293 -0.9554457 -0.2720376
0.1152033 0.02099223 -0.9536436 -0.2772211
0.1189897 0.01517546 -0.9518041 -0.2822766
0.122681 0.009490137 -0.9499357 -0.2871958
0.1262708 0.003947178 -0.948047 -0.2919709
0.1297527 -0.001442743 -0.9461469 -0.2965944
0.133121 -0.006669267 -0.9442446 -0.301059
0.1363697 -0.01172217 -0.9423494 -0.3053578
0.1394934 -0.01659156 -0.9404711 -0.3094843
0.1424866 -0.02126768 -0.938619 -0.313432
0.145344 -0.02574108 -0.9368031 -0.3171947
0.1480605 -0.03000249 -0.935033 -0.3207666
0.1506311 -0.03404281 -0.9333185 -0.3241418
0.153051 -0.03785314 -0.9316692 -0.3273148
0.1553153 -0.04142466 -0.9300948 -0.3302801
0.1574194 -0.04474872 -0.9286045 -0.3330321
0.1593585 -0.04781673 -0.9272078 -0.3355655
0.1611279 -0.05062014 -0.9259136 -0.3378748
0.162723 -0.0531505 -0.9247308 -0.3399547
0.1641389 -0.05539925 -0.923668 -0.3417993
0.165371 -0.05735783 -0.9227333 -0.3434032
0.1664142 -0.05901761 -0.9219347 -0.3447603
