0.1707659 0.6272821 0.03330907 0.7591092
0.1699756 0.6277757 0.03398427 0.7588485
0.1688569 0.6284726 0.03493953 0.7584779
0.1674189 0.6293654 0.03616681 0.7579987
0.1656702 0.6304467 0.03765813 0.7574116
0.1636192 0.6317084 0.0394056 0.7567168
0.1612744 0.6331427 0.04140144 0.7559146
0.1586439 0.6347409 0.04363783 0.7550045
0.1557359 0.6364949 0.04610702 0.7539859
0.1525585 0.6383957 0.04880118 0.752858
0.1491197 0.6404347 0.05171247 0.75162
0.1454277 0.6426028 0.05483299 0.7502705
0.1414908 0.6448908 0.05815471 0.7488086
0.1373172 0.6472894 0.06166954 0.7472332
0.1329155 0.6497893 0.06536921 0.7455429
0.1282942 0.652381 0.06924536 0.743737
0.1234624 0.655055 0.07328942 0.7418144
0.1184289 0.6578017 0.07749269 0.7397745
0.1132033 0.6606116 0.0818463 0.7376168
0.1077951 0.6634751 0.08634115 0.7353409
0.1022141 0.6663827 0.09096801 0.732947
0.09647046 0.669325 0.09571746 0.7304353
0.09057471 0.6722925 0.1005799 0.7278068
0.08453754 0.6752763 0.1055455 0.7250625
0.07836998 0.6782671 0.1106043 0.722204
0.07208329 0.6812563 0.1157464 0.7192335
0.06568904 0.6842352 0.1209614 0.7161533
0.05919909 0.6871956 0.1262391 0.7129666
0.05262547 0.6901296 0.1315691 0.7096769
0.04598043 0.6930295 0.1369409 0.7062883
0.03927642 0.695888 0.1423439 0.7028055
0.03252608 0.6986983 0.1477677 0.6992335
0.02574211 0.7014541 0.1532018 0.695578
0.01893733 0.7041493 0.1586357 0.6918452
0.01212466 0.7067786 0.164059 0.688042
0.005317006 0.7093368 0.1694615 0.6841754
-0.001472676 0.7118195 0.1748329 0.6802531
-0.008231558 0.7142228 0.1801633 0.6762834
-0.01494684 0.7165432 0.1854429 0.6722748
-0.02160581 0.7187778 0.190662 0.6682363
-0.0281959 0.7209243 0.1958112 0.6641772
-0.03470476 0.7229806 0.2008814 0.6601071
-0.04112018 0.7249453 0.2058637 0.6560362
-0.04743018 0.7268178 0.2107495 0.6519747
-0.05362304 0.7285974 0.2155304 0.6479329
-0.05968723 0.7302842 0.2201983 0.6439217
-0.06561157 0.7318787 0.2247455 0.6399518
-0.07138509 0.7333816 0.2291645 0.6360341
-0.07699709 0.7347941 0.2334481 0.6321797
-0.08243724 0.7361177 0.2375893 0.6283997
-0.08769538 0.7373543 0.2415816 0.6247052
-0.09276167 0.7385058 0.2454185 0.6211072
-0.09762653 0.7395746 0.2490938 0.617617
-0.1022806 0.7405632 0.2526015 0.6142454
-0.1067148 0.7414739 0.2559359 0.6110035
-0.1109201 0.7423097 0.2590915 0.6079019
-0.1148878 0.7430731 0.2620625 0.6049516
-0.1186094 0.7437669 0.2648439 0.6021631
-0.1220763 0.7443939 0.2674301 0.5995467
-0.1252801 0.7449566 0.2698161 0.597113
-0.1282125 0.7454575 0.2719965 0.5948719
-0.1308651 0.745899 0.273966 0.5928336
-0.1332297 0.7462833 0.2757193 0.5910076
-0.1352977 0.7466121 0.277251 0.5894037
-0.1370606 0.7468871 0.2785554 0.5880315
-0.1385097 0.7471095 0.2796267 0.5868999
-0.1396361 0.7472801 0.2804589 0.5860181
-0.1404307 0.7473991 0.2810457 0.5853949
-0.1408842 0.7474667 0.2813804 0.5850388
-0.1409948 0.7474831 0.2814621 0.5849519
0.1408639 -0.7474251 -0.281345 -0.5851138
0.140476 -0.747253 -0.2809979 -0.5855935
0.1398383 -0.7469692 -0.2804272 -0.5863813
0.1389575 -0.7465757 -0.2796386 -0.5874674
0.1378406 -0.7460738 -0.2786378 -0.5888419
0.1364938 -0.7454649 -0.2774304 -0.5904947
0.1349238 -0.7447495 -0.2760214 -0.5924154
0.1331367 -0.743928 -0.2744161 -0.5945937
0.1311389 -0.7430005 -0.2726193 -0.5970189
0.1289364 -0.7419671 -0.2706361 -0.5996804
0.1265354 -0.7408273 -0.2684711 -0.602567
0.1239422 -0.739581 -0.2661293 -0.6056678
0.1211629 -0.7382276 -0.2636154 -0.6089717
0.1182037 -0.7367667 -0.2609344 -0.6124671
0.1150711 -0.7351978 -0.258091 -0.6161427
0.1117713 -0.7335204 -0.2550904 -0.619987
0.1083111 -0.7317343 -0.2519377 -0.623988
0.104697 -0.7298391 -0.2486382 -0.6281342
0.100936 -0.7278349 -0.2451972 -0.6324134
0.09703497 -0.7257217 -0.2416203 -0.6368139
0.09300111 -0.7235 -0.2379134 -0.6413235
0.08884185 -0.7211703 -0.2340824 -0.6459303
0.08456469 -0.7187336 -0.2301334 -0.6506224
0.08017734 -0.7161912 -0.2260731 -0.6553875
0.07568775 -0.7135445 -0.2219079 -0.6602139
0.07110406 -0.7107958 -0.2176448 -0.6650898
0.06643455 -0.7079471 -0.2132909 -0.6700032
0.06168768 -0.7050015 -0.2088536 -0.6749429
0.05687208 -0.7019619 -0.2043404 -0.6798971
0.05199657 -0.6988321 -0.1997592 -0.684855
0.04707004 -0.6956161 -0.195118 -0.6898055
0.04210158 -0.6923185 -0.1904249 -0.694738
0.0371003 -0.6889443 -0.1856884 -0.6996422
0.03207548 -0.6854987 -0.180917 -0.7045081
0.02703643 -0.6819878 -0.1761196 -0.7093261
0.02199244 -0.6784177 -0.1713047 -0.7140871
0.01695293 -0.6747953 -0.1664816 -0.7187822
0.01192727 -0.6711274 -0.1616591 -0.7234032
0.006924801 -0.6674217 -0.1568465 -0.727942
0.001954808 -0.6636859 -0.1520529 -0.7323914
-0.002973451 -0.6599283 -0.1472874 -0.7367444
-0.007850809 -0.6561573 -0.1425593 -0.7409945
-0.01266823 -0.6523815 -0.1378778 -0.7451359
-0.01741673 -0.6486102 -0.1332519 -0.7491631
-0.02208759 -0.6448526 -0.1286909 -0.7530711
-0.02667207 -0.6411179 -0.1242036 -0.7568553
-0.03116175 -0.6374158 -0.119799 -0.7605119
-0.03554823 -0.6337562 -0.115486 -0.7640369
-0.03982338 -0.6301488 -0.1112732 -0.7674275
-0.04397918 -0.6266035 -0.1071692 -0.7706807
-0.04800785 -0.6231303 -0.1031826 -0.7737941
-0.05190174 -0.6197393 -0.09932165 -0.7767655
-0.05565337 -0.6164404 -0.09559454 -0.7795933
-0.05925545 -0.6132437 -0.09200934 -0.7822757
-0.0627008 -0.610159 -0.08857402 -0.7848116
-0.06598245 -0.6071965 -0.08529636 -0.7871997
-0.06909346 -0.6043657 -0.0821841 -0.789439
-0.07202709 -0.6016765 -0.07924478 -0.7915287
-0.07477666 -0.5991386 -0.07648593 -0.7934679
-0.07733555 -0.5967615 -0.07391495 -0.7952557
-0.07969722 -0.5945544 -0.07153913 -0.7968912
-0.08185513 -0.5925268 -0.06936581 -0.7983735
-0.08380281 -0.5906877 -0.06740219 -0.7997013
-0.08553369 -0.5890461 -0.06565551 -0.8008733
-0.08704121 -0.5876108 -0.06413297 -0.801888
-0.08831873 -0.5863905 -0.0628418 -0.8027434
-0.08935949 -0.5853936 -0.06178931 -0.8034372
-0.09015661 -0.5846283 -0.06098282 -0.8039668
-0.09070314 -0.5841029 -0.06042969 -0.8043289
-0.09099181 -0.5838251 -0.06013745 -0.8045199
-0.09103821 -0.5837804 -0.06009048 -0.8045506
-0.09093457 -0.5838921 -0.06012804 -0.8044785
-0.09062752 -0.5842227 -0.06023926 -0.8042647
-0.09012289 -0.5847658 -0.06042201 -0.803913
-0.08942636 -0.5855146 -0.06067413 -0.8034266
-0.08854359 -0.5864621 -0.06099349 -0.8028088
-0.08748019 -0.5876017 -0.06137793 -0.8020625
-0.08624169 -0.5889263 -0.06182531 -0.8011903
-0.0848336 -0.5904287 -0.06233346 -0.8001948
-0.08326143 -0.5921018 -0.06290024 -0.7990786
-0.08153063 -0.5939384 -0.06352347 -0.7978439
-0.07964667 -0.5959309 -0.06420096 -0.7964929
-0.07761504 -0.5980723 -0.06493054 -0.795028
-0.07544123 -0.6003549 -0.06571001 -0.7934512
-0.07313073 -0.6027713 -0.06653716 -0.7917648
-0.07068914 -0.6053141 -0.06740978 -0.7899708
-0.06812199 -0.6079755 -0.06832561 -0.7880716
-0.06543496 -0.6107481 -0.06928243 -0.7860693
-0.06263372 -0.6136242 -0.07027796 -0.7839664
-0.059724 -0.6165963 -0.07130995 -0.7817653
-0.05671161 -0.6196566 -0.07237606 -0.7794685
-0.0536024 -0.6227977 -0.07347406 -0.7770787
-0.05040231 -0.626012 -0.07460159 -0.7745988
-0.04711733 -0.6292917 -0.07575633 -0.7720317
-0.04375352 -0.6326296 -0.07693599 -0.7693805
-0.04031699 -0.636018 -0.07813819 -0.7666486
-0.03681395 -0.6394497 -0.07936061 -0.7638395
-0.03325066 -0.6429173 -0.0806009 -0.7609568
-0.02963339 -0.6464135 -0.08185671 -0.7580047
-0.02596851 -0.6499312 -0.0831257 -0.7549869
-0.02226246 -0.6534634 -0.08440553 -0.7519081
-0.01852167 -0.6570031 -0.08569389 -0.7487726
-0.01475263 -0.6605437 -0.08698843 -0.7455853
-0.01096188 -0.6640784 -0.08828684 -0.7423511
-0.00715597 -0.6676008 -0.08958684 -0.7390752
-0.003341467 -0.6711046 -0.09088613 -0.735763
0.0004750783 -0.6745836 -0.09218249 -0.7324201
0.004287069 -0.6780318 -0.09347367 -0.7290522
0.008087921 -0.6814435 -0.09475747 -0.7256655
0.01187107 -0.684813 -0.0960317 -0.722266
0.01562999 -0.6881351 -0.09729423 -0.71886
0.01935815 -0.6914043 -0.09854294 -0.7154541
0.02304907 -0.694616 -0.09977576 -0.712055
0.02669631 -0.6977649 -0.1009906 -0.7086694
0.03029345 -0.7008468 -0.1021855 -0.7053043
0.03383417 -0.7038571 -0.1033586 -0.7019668
0.03731215 -0.7067916 -0.1045077 -0.6986641
0.04072119 -0.7096465 -0.1056312 -0.6954033
0.04405507 -0.7124176 -0.106727 -0.692192
0.04730772 -0.7151014 -0.1077935 -0.6890374
0.05047305 -0.7176946 -0.1088287 -0.6859471
0.05354513 -0.7201934 -0.1098311 -0.6829286
0.05651801 -0.7225951 -0.1107988 -0.6799895
0.05938586 -0.7248964 -0.1117302 -0.6771373
0.06214288 -0.7270943 -0.1126236 -0.6743798
0.06478331 -0.7291861 -0.1134775 -0.6717244
0.06730153 -0.7311689 -0.1142902 -0.6691789
0.06969187 -0.7330402 -0.1150601 -0.6667507
0.07194874 -0.7347971 -0.1157857 -0.6644474
0.07406662 -0.7364371 -0.1164654 -0.6622766
0.07603997 -0.7379578 -0.1170977 -0.6602457
0.07786328 -0.7393563 -0.1176811 -0.6583622
0.07953108 -0.7406301 -0.1182139 -0.6566334
0.08103786 -0.7417764 -0.1186947 -0.6550666
0.08237815 -0.7427924 -0.1191219 -0.6536691
0.08354644 -0.7436754 -0.1194939 -0.6524479
0.08453719 -0.7444221 -0.119809 -0.65141
0.08534481 -0.7450294 -0.1200658 -0.6505625
0.08596367 -0.745494 -0.1202624 -0.6499122
0.08638812 -0.7458122 -0.1203972 -0.6494658
0.08661236 -0.7459801 -0.1204684 -0.6492298
0.08664841 -0.7460071 -0.1204798 -0.6491918
-0.08672756 0.7463428 0.1202072 0.6488459
-0.08696218 0.747337 0.1193984 0.6478186
-0.08734831 0.7489712 0.1180647 0.6461217
-0.08788235 0.7512265 0.116215 0.6437619
-0.08856096 0.7540845 0.1138558 0.6407421
-0.08938098 0.7575261 0.1109918 0.6370605
-0.09033947 0.7615321 0.1076257 0.6327119
-0.09143353 0.7660825 0.1037588 0.6276876
-0.09266029 0.771156 0.09939098 0.6219759
-0.09401683 0.7767303 0.09452129 0.6155621
-0.0955001 0.7827811 0.08914782 0.6084293
-0.09710681 0.7892823 0.08326824 0.6005582
-0.09883337 0.7962052 0.07687996 0.5919281
-0.1006758 0.8035182 0.06998061 0.5825167
-0.1026297 0.8111868 0.06256822 0.572301
-0.1046899 0.8191729 0.05464169 0.5612577
-0.1068507 0.8274344 0.04620119 0.5493638
-0.1091057 0.8359255 0.0372486 0.5365976
-0.1114475 0.8445959 0.02778789 0.5229389
-0.1138679 0.853391 0.01782564 0.5083702
-0.1163577 0.8622518 0.007371451 0.4928777
-0.1189068 0.8711154 -0.003561444 0.476452
-0.1215038 0.8799148 -0.01495598 0.4590894
-0.1241366 0.8885798 -0.02679081 0.4407928
-0.1267922 0.8970376 -0.03903982 0.4215724
-0.1294565 0.9052133 -0.0516721 0.4014474
-0.1321149 0.9130317 -0.06465187 0.3804456
-0.1347523 0.9204182 -0.07793838 0.3586054
-0.1373532 0.9273 -0.09148612 0.335975
-0.1399019 0.9336079 -0.1052452 0.3126135
-0.1423834 0.939278 -0.1191621 0.28859
-0.1447826 0.944253 -0.1331799 0.2639838
-0.1470858 0.9484836 -0.1472396 0.2388829
-0.1492802 0.9519304 -0.1612805 0.2133835
-0.1513542 0.9545643 -0.1752421 0.1875878
-0.1532981 0.9563675 -0.1890646 0.1616028
-0.1551041 0.9573343 -0.2026899 0.1355386
-0.1567661 0.9574705 -0.2160631 0.1095059
-0.1582802 0.9567937 -0.2291328 0.08361419
-0.1596448 0.9553325 -0.2418529 0.05796999
-0.1608598 0.9531254 -0.254182 0.03267503
-0.1619274 0.9502196 -0.2660848 0.007824833
-0.1628513 0.9466698 -0.2775317 -0.01649289
-0.1636371 0.9425365 -0.2884994 -0.04019872
-0.1642913 0.9378849 -0.2989703 -0.06322243
-0.1648218 0.9327828 -0.3089325 -0.085503
-0.1652371 0.9272996 -0.3183795 -0.1069891
-0.1655464 0.921505 -0.3273093 -0.1276382
-0.1657595 0.9154678 -0.3357241 -0.1474169
-0.1658862 0.9092551 -0.3436301 -0.1662991
-0.1659363 0.9029311 -0.351036 -0.1842671
-0.1659196 0.8965573 -0.3579533 -0.2013088
-0.1658456 0.8901915 -0.3643952 -0.2174179
-0.1657233 0.8838878 -0.3703764 -0.232593
-0.1655617 0.8776965 -0.3759123 -0.2468365
-0.1653688 0.8716638 -0.3810189 -0.2601537
-0.1651525 0.8658327 -0.3857121 -0.272552
-0.1649201 0.860242 -0.3900076 -0.2840407
-0.1646783 0.8549277 -0.3939206 -0.2946291
-0.1644332 0.8499222 -0.3974654 -0.3043273
-0.1641906 0.8452556 -0.4006554 -0.3131448
-0.1639556 0.8409553 -0.4035026 -0.3210897
-0.1637331 0.8370461 -0.4060177 -0.328169
-0.1635273 0.8335518 -0.4082097 -0.3343877
-0.163342 0.8304936 -0.4100863 -0.3397484
-0.1631807 0.827892 -0.4116531 -0.3442509
-0.1630465 0.825766 -0.4129137 -0.3478917
-0.1629421 0.8241341 -0.4138696 -0.3506636
-0.1628696 0.8230133 -0.4145202 -0.3525558
-0.1628311 0.8224208 -0.4148624 -0.3535526
-0.1628249 0.8223255 -0.4149173 -0.3537126
-0.1626842 0.8224155 -0.4146945 -0.3538292
-0.1622674 0.8226818 -0.4140345 -0.3541743
-0.1615818 0.8231183 -0.4129484 -0.354741
-0.1606344 0.8237181 -0.4114473 -0.3555224
-0.1594321 0.824474 -0.4095411 -0.3565112
-0.1579811 0.8253779 -0.4072394 -0.3577001
-0.1562878 0.8264216 -0.4045513 -0.3590818
-0.1543581 0.8275963 -0.4014854 -0.3606486
-0.1521979 0.8288928 -0.3980501 -0.3623928
-0.1498129 0.8303017 -0.3942538 -0.3643065
-0.147209 0.8318129 -0.3901042 -0.3663817
-0.1443918 0.8334164 -0.3856095 -0.3686102
-0.1413672 0.8351017 -0.3807777 -0.3709838
-0.138141 0.8368581 -0.3756168 -0.3734938
-0.1347192 0.838675 -0.3701352 -0.3761317
-0.1311079 0.8405412 -0.3643415 -0.3788886
-0.1273135 0.8424458 -0.3582443 -0.3817557
-0.1233425 0.8443777 -0.3518531 -0.3847238
-0.1192018 0.8463258 -0.3451774 -0.3877838
-0.1148984 0.848279 -0.3382273 -0.3909264
-0.1104397 0.8502265 -0.3310135 -0.3941422
-0.1058335 0.8521575 -0.3235473 -0.3974217
-0.1010878 0.8540615 -0.3158404 -0.4007556
-0.09621079 0.8559284 -0.3079053 -0.4041342
-0.09121137 0.8577483 -0.2997549 -0.4075481
-0.08609852 0.8595116 -0.2914031 -0.4109879
-0.08088164 0.8612096 -0.2828641 -0.4144443
-0.07557038 0.8628337 -0.274153 -0.4179081
-0.07017477 0.8643762 -0.2652853 -0.4213703
-0.06470511 0.8658299 -0.2562772 -0.424822
-0.05917191 0.8671885 -0.2471455 -0.4282547
-0.05358596 0.8684459 -0.2379074 -0.4316599
-0.04795823 0.8695976 -0.2285807 -0.43503
-0.0422999 0.8706391 -0.2191835 -0.438357
-0.0366222 0.8715675 -0.2097344 -0.4416337
-0.03093648 0.8723803 -0.2002521 -0.4448535
-0.02525415 0.873076 -0.1907557 -0.4480098
-0.01958664 0.8736539 -0.1812644 -0.4510969
-0.01394529 0.8741145 -0.1717975 -0.4541091
-0.008341454 0.8744587 -0.1623743 -0.4570416
-0.002786256 0.8746886 -0.1530141 -0.4598899
0.002709202 0.8748071 -0.1437359 -0.4626502
0.008134112 0.8748177 -0.134559 -0.4653189
0.01347778 0.8747249 -0.1255019 -0.4678932
0.01872985 0.8745337 -0.116583 -0.4703707
0.02388015 0.8742498 -0.1078208 -0.4727492
0.02891887 0.8738795 -0.09923261 -0.4750275
0.03383636 0.8734299 -0.0908361 -0.4772045
0.03862341 0.8729082 -0.08264808 -0.4792794
0.04327106 0.8723224 -0.07468504 -0.481252
0.04777067 0.8716804 -0.066963 -0.4831223
0.05211387 0.8709909 -0.05949751 -0.4848908
0.05629262 0.8702624 -0.05230364 -0.4865581
0.06029917 0.869504 -0.0453961 -0.488125
0.06412596 0.8687246 -0.03878912 -0.4895926
0.06776578 0.8679332 -0.03249646 -0.4909621
0.0712115 0.8671389 -0.0265317 -0.4922348
0.07445632 0.8663508 -0.02090793 -0.493412
0.07749348 0.8655776 -0.01563808 -0.4944953
0.08031639 0.8648282 -0.01073471 -0.4954858
0.08291855 0.864111 -0.006210323 -0.4963851
0.08529345 0.8634343 -0.002077312 -0.4971941
0.08743469 0.862806 0.001652117 -0.4979139
0.0893357 0.8622338 0.004965616 -0.4985453
0.09098998 0.8617247 0.007850891 -0.499089
0.09239077 0.8612855 0.01029549 -0.499545
0.09353122 0.8609225 0.01228668 -0.4999135
0.09440428 0.8606412 0.01381152 -0.5001938
0.09500261 0.8604468 0.01485686 -0.500385
0.09531859 0.8603436 0.01540898 -0.5004857
0.09536937 0.860327 0.01549771 -0.5005018
0.09530278 0.8604954 0.01521761 -0.5002334
0.09510536 0.8609939 0.0143874 -0.4994373
0.09478017 0.8618109 0.01302134 -0.4981258
0.09432994 0.8629342 0.01113268 -0.4963089
0.09375695 0.8643506 0.008733761 -0.4939954
0.09306323 0.8660458 0.005836212 -0.4911923
0.0922505 0.8680047 0.002451041 -0.4879054
0.09132022 0.8702112 -0.001411194 -0.4841395
0.09027371 0.8726485 -0.00574025 -0.4798983
0.08911213 0.8752986 -0.01052606 -0.4751848
0.0878365 0.8781428 -0.01575854 -0.4700017
0.08644783 0.8811616 -0.02142753 -0.4643511
0.08494714 0.8843342 -0.02752253 -0.4582352
0.08333542 0.8876395 -0.03403267 -0.4516561
0.08161379 0.891055 -0.04094651 -0.4446162
0.07978347 0.8945579 -0.04825187 -0.4371184
0.07784588 0.8981245 -0.05593584 -0.4291662
0.07580262 0.9017304 -0.06398447 -0.420764
0.07365558 0.9053506 -0.07238282 -0.4119172
0.07140695 0.9089601 -0.08111483 -0.4026327
0.06905921 0.9125331 -0.09016319 -0.3929184
0.06661528 0.9160441 -0.0995093 -0.382784
0.06407845 0.9194675 -0.1091333 -0.3722413
0.06145242 0.9227781 -0.119014 -0.3613032
0.05874139 0.9259511 -0.1291289 -0.3499853
0.05594999 0.9289628 -0.1394542 -0.338305
0.05308333 0.9317901 -0.1499649 -0.3262818
0.05014697 0.9344116 -0.160635 -0.3139374
0.04714694 0.936807 -0.1714375 -0.3012955
0.04408973 0.9389582 -0.1823443 -0.2883821
0.04098218 0.9408488 -0.193327 -0.2752249
0.03783159 0.9424648 -0.2043566 -0.2618538
0.03464549 0.9437945 -0.2154038 -0.2483
0.03143181 0.944829 -0.2264393 -0.2345964
0.02819863 0.9455619 -0.237434 -0.2207773
0.02495416 0.9459898 -0.2483592 -0.2068776
0.02170681 0.9461119 -0.2591871 -0.1929333
0.01846496 0.9459303 -0.2698903 -0.1789807
0.01523698 0.9454502 -0.2804429 -0.1650562
0.01203113 0.9446791 -0.2908202 -0.1511963
0.008855537 0.9436274 -0.3009986 -0.1374367
0.00571811 0.9423077 -0.3109565 -0.123813
0.002626468 0.940735 -0.3206738 -0.1103595
-0.0004120308 0.9389263 -0.3301319 -0.09710948
-0.003390443 0.9369004 -0.3393144 -0.08409489
-0.006302127 0.9346777 -0.3482064 -0.07134636
-0.00914091 0.9322797 -0.3567949 -0.05889269
-0.01190095 0.9297294 -0.3650686 -0.0467614
-0.01457691 0.9270501 -0.3730178 -0.03497795
-0.01716378 0.924266 -0.3806344 -0.02356635
-0.01965702 0.9214014 -0.3879119 -0.01254865
-0.02205245 0.918481 -0.394845 -0.001945545
-0.02434625 0.9155293 -0.4014296 0.008224091
-0.02653496 0.9125706 -0.4076627 0.01794277
-0.02861539 0.9096288 -0.4135422 0.0271943
-0.03058466 0.9067273 -0.4190665 0.03596387
-0.03244011 0.903889 -0.424235 0.04423756
-0.03417929 0.901136 -0.4290472 0.05200246
-0.03579986 0.8984896 -0.4335028 0.05924637
-0.03729963 0.8959704 -0.4376018 0.06595775
-0.03867649 0.8935981 -0.4413439 0.07212528
-0.03992827 0.8913916 -0.4447287 0.0777379
-0.0410529 0.8893686 -0.4477555 0.08278454
-0.04204813 0.8875461 -0.4504227 0.08725405
-0.04291168 0.8859402 -0.4527284 0.09113467
-0.04364109 0.8845659 -0.4546697 0.09441441
-0.04423369 0.8834373 -0.4562427 0.09708029
-0.04468656 0.8825675 -0.4574421 0.09911832
-0.04499656 0.8819684 -0.4582619 0.1005138
-0.04516014 0.8816511 -0.4586941 0.1012503
-0.04518642 0.8816001 -0.4587635 0.1013686
0.04534998 -0.8816073 0.4586498 -0.1017468
0.0458347 -0.8816277 0.4583121 -0.1028676
0.04663209 -0.8816583 0.457755 -0.1047115
0.04773414 -0.8816943 0.4569815 -0.1072599
0.04913325 -0.8817293 0.4559936 -0.1104952
0.0508222 -0.8817559 0.4547924 -0.1144008
0.05279401 -0.8817652 0.4533777 -0.1189606
0.05504188 -0.881747 0.451749 -0.1241589
0.05755918 -0.8816903 0.4499048 -0.1299803
0.06033927 -0.8815827 0.4478431 -0.1364097
0.06337547 -0.8814114 0.4455614 -0.1434315
0.06666097 -0.8811622 0.4430569 -0.1510301
0.07018875 -0.8808206 0.4403264 -0.1591893
0.07395155 -0.8803714 0.4373667 -0.1678924
0.07794168 -0.8797987 0.4341744 -0.1771216
0.0821511 -0.8790863 0.4307464 -0.1868584
0.08657123 -0.8782179 0.4270798 -0.1970831
0.09119294 -0.8771769 0.4231718 -0.2077745
0.09600651 -0.8759469 0.4190204 -0.2189102
0.1010016 -0.8745118 0.4146239 -0.2304665
0.1061672 -0.8728558 0.4099817 -0.2424177
0.1114914 -0.8709639 0.4050936 -0.2547368
0.116962 -0.8688217 0.3999608 -0.267395
0.1225657 -0.8664163 0.3945854 -0.2803622
0.1282887 -0.8637357 0.3889707 -0.2936061
0.1341166 -0.8607696 0.3831214 -0.3070936
0.1400342 -0.8575094 0.3770436 -0.3207898
0.1460262 -0.8539486 0.3707448 -0.3346589
0.1520763 -0.8500825 0.3642339 -0.3486636
0.1581684 -0.8459089 0.3575214 -0.3627663
0.1642858 -0.8414279 0.3506195 -0.3769286
0.1704118 -0.8366424 0.3435417 -0.3911119
0.1765297 -0.8315575 0.3363027 -0.4052777
0.182623 -0.8261811 0.3289191 -0.4193875
0.1886754 -0.8205238 0.3214084 -0.4334039
0.1946712 -0.8145987 0.3137892 -0.4472901
0.2005949 -0.8084214 0.3060814 -0.4610106
0.2064319 -0.8020098 0.2983055 -0.4745314
0.2121683 -0.7953841 0.2904826 -0.4878203
0.2177911 -0.7885664 0.2826346 -0.5008471
0.2232881 -0.7815806 0.2747835 -0.5135837
0.2286482 -0.7744524 0.2669515 -0.5260043
0.2338613 -0.7672083 0.2591608 -0.5380854
0.2389185 -0.7598765 0.2514335 -0.5498062
0.2438119 -0.7524854 0.2437911 -0.5611483
0.2485346 -0.7450642 0.2362549 -0.5720958
0.2530808 -0.7376423 0.2288454 -0.5826353
0.2574457 -0.7302493 0.2215825 -0.5927553
0.2616255 -0.7229147 0.2144853 -0.6024471
0.2656173 -0.7156674 0.2075723 -0.6117038
0.2694189 -0.7085359 0.2008607 -0.6205203
0.273029 -0.7015482 0.1943672 -0.6288934
0.2764468 -0.6947314 0.1881073 -0.6368212
0.2796721 -0.6881118 0.182096 -0.6443034
0.2827053 -0.681715 0.1763471 -0.6513402
0.285547 -0.6755654 0.1708739 -0.6579335
0.2881981 -0.6696867 0.1656889 -0.664085
0.2906597 -0.6641014 0.1608039 -0.6697972
0.292933 -0.6588314 0.1562301 -0.675073
0.2950192 -0.6538976 0.1519784 -0.6799148
0.2969195 -0.6493198 0.1480591 -0.6843253
0.2986345 -0.6451176 0.1444823 -0.6883063
0.3001652 -0.6413094 0.141258 -0.6918594
0.3015116 -0.6379132 0.1383959 -0.694985
0.3026736 -0.6349465 0.1359058 -0.6976827
0.3036506 -0.6324262 0.1337978 -0.6999511
0.3044414 -0.6303688 0.1320819 -0.701787
0.3050438 -0.6287906 0.1307686 -0.7031858
0.3054553 -0.6277073 0.1298686 -0.7041411
0.3056721 -0.6271347 0.1293934 -0.7046446
0.3057069 -0.6270427 0.129317 -0.7047254
-0.3057377 0.6271091 -0.1293834 0.7046408
-0.3058286 0.6273057 -0.1295799 0.7043902
-0.3059779 0.6276285 -0.1299028 0.7039781
-0.3061839 0.6280736 -0.1303482 0.7034091
-0.3064444 0.6286368 -0.1309124 0.7026874
-0.3067575 0.6293139 -0.1315915 0.7018173
-0.3071214 0.6301008 -0.1323818 0.7008029
-0.3075339 0.6309929 -0.1332793 0.6996481
-0.3079931 0.6319861 -0.1342802 0.6983571
-0.3084969 0.6330759 -0.1353808 0.6969337
-0.3090433 0.634258 -0.1365772 0.6953818
-0.30963 0.6355276 -0.1378655 0.6937053
-0.3102551 0.6368805 -0.1392418 0.6919081
-0.3109164 0.6383121 -0.1407023 0.6899939
-0.3116119 0.6398179 -0.142243 0.6879667
-0.3123393 0.6413932 -0.14386 0.6858303
-0.3130966 0.6430337 -0.1455494 0.6835887
-0.3138817 0.6447347 -0.1473074 0.6812459
-0.3146924 0.6464918 -0.1491298 0.6788058
-0.3155267 0.6483003 -0.1510129 0.6762727
-0.3163824 0.6501559 -0.1529525 0.6736505
-0.3172576 0.652054 -0.1549448 0.6709436
-0.31815 0.6539903 -0.1569857 0.6681563
-0.3190576 0.6559603 -0.1590713 0.6652929
-0.3199786 0.6579598 -0.1611975 0.6623579
-0.3209108 0.6599844 -0.1633604 0.6593561
-0.3218522 0.6620297 -0.165556 0.6562918
-0.3228011 0.6640919 -0.1677802 0.6531702
-0.3237553 0.6661667 -0.1700291 0.6499959
-0.3247132 0.6682499 -0.1722987 0.6467741
-0.3256727 0.6703378 -0.1745849 0.6435097
-0.3266323 0.6724263 -0.176884 0.6402079
-0.32759 0.6745118 -0.1791918 0.6368743
-0.3285443 0.6765906 -0.1815046 0.633514
-0.3294933 0.6786589 -0.1838182 0.6301327
-0.3304356 0.6807133 -0.186129 0.6267359
-0.3313696 0.6827504 -0.188433 0.6233292
-0.3322936 0.6847668 -0.1907264 0.6199184
-0.3332063 0.6867593 -0.1930054 0.6165096
-0.3341063 0.6887249 -0.1952662 0.6131086
-0.3349922 0.6906605 -0.1975051 0.6097214
-0.3358625 0.6925632 -0.1997184 0.606354
-0.3367162 0.6944302 -0.2019025 0.6030127
-0.337552 0.6962587 -0.2040537 0.5997037
-0.3383686 0.6980463 -0.2061685 0.5964333
-0.339165 0.6997904 -0.2082432 0.5932077
-0.33994 0.7014885 -0.2102745 0.5900333
-0.3406928 0.7031384 -0.2122588 0.5869166
-0.3414221 0.7047378 -0.2141928 0.5838639
-0.3421271 0.7062846 -0.2160731 0.5808817
-0.342807 0.7077767 -0.2178963 0.5779763
-0.3434607 0.7092121 -0.2196591 0.5751546
-0.3440875 0.7105889 -0.2213583 0.5724228
-0.3446864 0.7119051 -0.2229907 0.5697873
-0.3452567 0.713159 -0.2245529 0.5672548
-0.3457977 0.7143487 -0.2260419 0.5648318
-0.3463084 0.7154725 -0.2274544 0.5625247
-0.3467883 0.7165287 -0.2287874 0.56034
-0.3472365 0.7175155 -0.2300376 0.558284
-0.3476523 0.7184311 -0.231202 0.5563635
-0.3480348 0.719274 -0.2322775 0.5545846
-0.3483834 0.7200422 -0.2332608 0.5529537
-0.3486973 0.720734 -0.234149 0.5514771
-0.3489756 0.7213476 -0.2349387 0.5501614
-0.3492175 0.721881 -0.235627 0.5490126
-0.3494222 0.7223325 -0.2362106 0.5480369
-0.3495887 0.7226998 -0.2366862 0.5472408
-0.3497161 0.7229809 -0.2370506 0.5466301
-0.3498034 0.7231734 -0.2373005 0.5462109
-0.3498494 0.7232751 -0.2374325 0.5459893
-0.3498568 0.7232914 -0.2374538 0.5459538
-0.3498204 0.7236047 -0.2373842 0.5455921
-0.3497118 0.7245327 -0.2371778 0.5445188
-0.3495316 0.7260571 -0.2368368 0.5427496
-0.3492789 0.7281596 -0.2363629 0.5402966
-0.3489524 0.7308214 -0.2357567 0.5371696
-0.3485493 0.7340234 -0.2350181 0.5333757
-0.3480665 0.7377461 -0.2341464 0.5289197
-0.3475 0.741969 -0.2331403 0.5238046
-0.346845 0.7466716 -0.2319978 0.5180321
-0.3460962 0.7518315 -0.2307166 0.5116022
-0.3452476 0.7574259 -0.2292938 0.5045141
-0.3442928 0.7634306 -0.2277264 0.4967664
-0.343225 0.76982 -0.226011 0.4883572
-0.3420369 0.776567 -0.2241441 0.4792847
-0.340721 0.7836429 -0.222122 0.4695474
-0.3392694 0.7910175 -0.2199412 0.4591444
-0.3376743 0.7986584 -0.2175981 0.4480758
-0.335928 0.8065316 -0.2150895 0.4363435
-0.3340226 0.8146015 -0.2124123 0.4239509
-0.3319505 0.8228305 -0.2095642 0.4109035
-0.3297049 0.8311794 -0.206543 0.3972097
-0.3272792 0.8396075 -0.2033475 0.3828806
-0.3246675 0.8480726 -0.1999772 0.3679306
-0.3218649 0.8565321 -0.1964326 0.3523776
-0.3188676 0.864942 -0.192715 0.3362437
-0.3156726 0.8732583 -0.1888271 0.3195545
-0.3122788 0.8814372 -0.1847726 0.3023402
-0.3086861 0.8894354 -0.1805566 0.284635
-0.3048963 0.8972106 -0.1761855 0.2664772
-0.3009127 0.9047225 -0.1716672 0.2479096
-0.2967406 0.9119328 -0.1670106 0.2289785
-0.2923868 0.918806 -0.1622264 0.2097338
-0.2878602 0.9253097 -0.1573262 0.1902287
-0.2831712 0.9314156 -0.1523231 0.1705193
-0.2783321 0.9370991 -0.1472309 0.1506636
-0.2733569 0.9423406 -0.1420648 0.130721
-0.2682606 0.9471245 -0.1368405 0.1107523
-0.26306 0.9514409 -0.1315744 0.09081831
-0.2577726 0.9552841 -0.1262833 0.07097939
-0.2524171 0.9586539 -0.1209842 0.05129508
-0.2470127 0.9615544 -0.1156944 0.03182299
-0.241579 0.9639945 -0.1104307 0.01261888
-0.2361358 0.9659873 -0.10521 -0.006264421
-0.2307031 0.9675497 -0.1000484 -0.02477698
-0.2253004 0.9687023 -0.09496156 -0.04287243
-0.219947 0.9694682 -0.08996447 -0.06050789
-0.2146616 0.9698735 -0.08507125 -0.07764431
-0.2094621 0.9699464 -0.0802952 -0.09424633
-0.2043658 0.9697163 -0.07564864 -0.1102825
-0.199389 0.9692141 -0.07114302 -0.1257249
-0.1945471 0.9684712 -0.06678881 -0.1405494
-0.1898545 0.9675196 -0.06259562 -0.1547348
-0.1853248 0.966391 -0.05857213 -0.1682633
-0.1809704 0.9651168 -0.05472624 -0.1811197
-0.1768031 0.963728 -0.05106505 -0.1932909
-0.1728336 0.9622546 -0.04759499 -0.2047663
-0.169072 0.9607258 -0.04432195 -0.2155368
-0.1655275 0.9591694 -0.04125118 -0.2255947
-0.1622089 0.9576122 -0.03838762 -0.2349332
-0.1591243 0.9560793 -0.03573581 -0.2435463
-0.1562814 0.9545947 -0.03330007 -0.2514281
-0.1536877 0.953181 -0.03108463 -0.2585728
-0.1513501 0.9518591 -0.02909355 -0.2649739
-0.1492758 0.9506482 -0.02733104 -0.2706247
-0.1474717 0.9495667 -0.02580143 -0.275517
-0.1459448 0.9486306 -0.0245092 -0.2796415
-0.1447023 0.9478551 -0.02345921 -0.2829871
-0.1437515 0.9472533 -0.02265671 -0.2855406
-0.1431001 0.9468368 -0.02210736 -0.2872868
-0.1427561 0.9466156 -0.02181747 -0.2882078
-0.1427008 0.9465799 -0.0217709 -0.2883557
0.1426772 -0.9465532 0.02173751 0.2884576
0.1426071 -0.946474 0.02163859 0.2887596
0.1424919 -0.9463435 0.02147606 0.2892556
0.1423329 -0.9461631 0.02125178 0.2899401
0.1421313 -0.9459336 0.02096764 0.2908068
0.1418884 -0.9456563 0.0206255 0.29185
0.1416055 -0.9453319 0.02022723 0.2930638
0.1412838 -0.9449611 0.01977467 0.2944422
0.1409244 -0.944545 0.01926971 0.2959794
0.1405286 -0.944084 0.01871417 0.2976692
0.1400976 -0.9435788 0.01810993 0.2995058
0.1396326 -0.9430301 0.01745883 0.3014831
0.1391347 -0.9424386 0.01676274 0.3035952
0.1386053 -0.9418048 0.01602351 0.305836
0.1380454 -0.9411293 0.01524302 0.3081995
0.1374563 -0.9404126 0.01442313 0.3106796
0.1368392 -0.9396557 0.01356572 0.3132703
0.1361953 -0.9388589 0.01267268 0.3159655
0.1355259 -0.9380231 0.0117459 0.3187591
0.1348321 -0.937149 0.01078728 0.3216451
0.1341154 -0.9362376 0.00979872 0.3246173
0.1333768 -0.9352894 0.008782149 0.3276696
0.1326177 -0.9343055 0.007739486 0.3307959
0.1318393 -0.933287 0.006672658 0.3339901
0.1310431 -0.9322348 0.005583612 0.3372461
0.1302303 -0.9311501 0.004474298 0.3405577
0.1294022 -0.9300342 0.003346671 0.343919
0.1285603 -0.9288884 0.002202691 0.3473237
0.1277058 -0.9277141 0.001044327 0.3507659
0.1268402 -0.9265128 -0.0001264401 0.3542394
0.1259649 -0.9252862 -0.001307635 0.3577383
0.1250813 -0.9240358 -0.00249727 0.3612565
0.1241908 -0.9227636 -0.003693362 0.364788
0.1232949 -0.9214715 -0.004893914 0.3683269
0.1223951 -0.9201614 -0.006096935 0.3718672
0.1214929 -0.9188355 -0.007300441 0.3754031
0.1205897 -0.917496 -0.008502437 0.3789287
0.119687 -0.9161452 -0.009700925 0.3824382
0.1187864 -0.9147854 -0.01089392 0.3859259
0.1178893 -0.9134192 -0.01207944 0.389386
0.1169975 -0.9120493 -0.01325551 0.3928129
0.1161123 -0.9106782 -0.01442014 0.396201
0.1152354 -0.9093087 -0.01557137 0.3995447
0.1143683 -0.9079438 -0.01670723 0.4028385
0.1135125 -0.9065863 -0.01782578 0.4060769
0.1126698 -0.9052392 -0.01892505 0.4092547
0.1118416 -0.9039056 -0.02000311 0.4123664
0.1110295 -0.9025887 -0.02105803 0.4154066
0.1102352 -0.9012917 -0.02208789 0.4183703
0.1094602 -0.9000177 -0.02309076 0.4212522
0.1087061 -0.8987702 -0.02406477 0.4240471
0.1079745 -0.8975525 -0.02500799 0.4267502
0.107267 -0.8963679 -0.02591855 0.4293561
0.1065852 -0.8952199 -0.02679457 0.43186
0.1059307 -0.8941119 -0.02763417 0.4342569
0.105305 -0.8930473 -0.02843551 0.4365418
0.1047098 -0.8920297 -0.02919672 0.4387099
0.1041467 -0.8910626 -0.02991596 0.4407563
0.1036171 -0.8901492 -0.03059137 0.442676
0.1031228 -0.8892932 -0.03122112 0.4444643
0.1026652 -0.888498 -0.03180337 0.4461162
0.102246 -0.887767 -0.03233628 0.4476269
0.1018666 -0.8871036 -0.03281803 0.4489917
0.1015287 -0.886511 -0.03324677 0.4502054
0.1012338 -0.8859926 -0.03362066 0.4512632
0.1009835 -0.8855517 -0.03393787 0.4521602
0.1007793 -0.8851913 -0.03419653 0.4528914
0.1006226 -0.8849145 -0.03439479 0.4534516
0.1005152 -0.8847245 -0.0345308 0.4538359
0.1004584 -0.884624 -0.03460266 0.4540389
0.1004492 -0.8846078 -0.03461422 0.4540715
-0.1002825 0.8848042 0.03480447 -0.4537109
-0.0997882 0.8853854 0.03536845 -0.4526413
-0.09897395 0.8863382 0.03629673 -0.4508784
-0.09784653 0.8876483 0.0375807 -0.4484354
-0.09641173 0.8893003 0.03921246 -0.4453226
-0.09467449 0.8912776 0.04118475 -0.4415483
-0.09263912 0.8935624 0.04349077 -0.4371188
-0.09030934 0.8961358 0.04612413 -0.4320388
-0.08768843 0.8989776 0.04907865 -0.4263113
-0.08477929 0.9020664 0.05234831 -0.4199385
-0.0815847 0.9053794 0.05592706 -0.4129217
-0.0781073 0.9088923 0.05980875 -0.4052617
-0.0743498 0.9125795 0.06398692 -0.3969591
-0.07031509 0.916414 0.06845476 -0.3880145
-0.06600641 0.9203671 0.07320493 -0.3784291
-0.06142741 0.9244091 0.07822941 -0.3682047
-0.05658234 0.9285085 0.08351945 -0.3573443
-0.05147619 0.9326327 0.08906536 -0.3458524
-0.04611477 0.9367478 0.09485648 -0.3337352
-0.04050492 0.9408191 0.1008811 -0.3210011
-0.03465449 0.944811 0.1071262 -0.307661
-0.02857265 0.9486871 0.1135776 -0.2937286
-0.02226974 0.9524112 0.12022 -0.2792206
-0.01575748 0.9559469 0.1270365 -0.2641571
-0.009049053 0.9592584 0.1340091 -0.2485617
-0.002159019 0.962311 0.1411187 -0.2324618
0.004896644 0.965071 0.1483447 -0.2158885
0.01210062 0.967507 0.1556657 -0.1988767
0.01943425 0.9695898 0.1630594 -0.181465
0.02687764 0.971293 0.1705026 -0.1636956
0.03440996 0.9725937 0.1779719 -0.1456141
0.04200939 0.9734725 0.1854432 -0.1272692
0.04965347 0.9739141 0.1928925 -0.1087121
0.05731922 0.9739079 0.2002961 -0.08999636
0.06498349 0.9734477 0.2076308 -0.07117705
0.07262313 0.9725322 0.2148739 -0.05231034
0.08021522 0.9711646 0.2220038 -0.03345302
0.08773734 0.9693535 0.2290001 -0.01466177
0.09516785 0.9671115 0.2358438 0.004007539
0.102486 0.9644561 0.2425175 0.02250023
0.1096723 0.9614087 0.2490054 0.0407635
0.1167085 0.9579943 0.2552937 0.05874678
0.1235776 0.9542415 0.2613704 0.07640237
0.1302645 0.9501815 0.2672252 0.09368537
0.1367553 0.945848 0.27285 0.1105546
0.1430381 0.9412766 0.2782384 0.1269718
0.1491023 0.936504 0.2833858 0.142903
0.1549389 0.931568 0.288289 0.1583173
0.1605406 0.9265069 0.2929467 0.1731875
0.1659013 0.9213588 0.2973586 0.1874899
0.1710164 0.9161618 0.301526 0.2012042
0.1758822 0.910953 0.3054509 0.2143127
0.1804963 0.9057688 0.3091363 0.226801
0.1848571 0.9006447 0.312586 0.2386568
0.1889638 0.8956144 0.3158043 0.2498701
0.1928163 0.8907109 0.3187958 0.2604327
0.1964148 0.8859652 0.3215654 0.270338
0.1997599 0.8814069 0.3241182 0.2795805
0.2028524 0.8770643 0.3264591 0.2881554
0.2056932 0.872964 0.328593 0.2960587
0.2082831 0.8691313 0.3305243 0.3032863
0.2106227 0.86559 0.3322572 0.309834
0.2127123 0.8623627 0.3337953 0.3156973
0.2145518 0.8594705 0.3351417 0.3208707
0.2161403 0.8569338 0.3362986 0.3253478
0.2174768 0.8547713 0.3372677 0.3291209
0.2185588 0.8530011 0.3380495 0.3321805
0.2193836 0.8516402 0.3386436 0.3345152
0.219947 0.8507047 0.3390486 0.3361115
0.2202439 0.8502098 0.3392618 0.3369532
0.2202916 0.8501301 0.339296 0.3370884
-0.2202106 -0.8502931 -0.339284 -0.336742
-0.2199704 -0.8507755 -0.3392483 -0.3357152
-0.2195746 -0.8515664 -0.3391886 -0.3340251
-0.2190263 -0.8526543 -0.339104 -0.3316875
-0.218328 -0.8540269 -0.3389933 -0.3287166
-0.217482 -0.8556708 -0.3388545 -0.3251259
-0.2164899 -0.8575721 -0.3386856 -0.3209275
-0.2153531 -0.8597161 -0.3384838 -0.3161329
-0.2140727 -0.8620875 -0.3382461 -0.3107531
-0.2126496 -0.8646703 -0.3379695 -0.3047984
-0.2110845 -0.8674476 -0.3376502 -0.2982791
-0.2093779 -0.8704019 -0.3372846 -0.2912054
-0.2075306 -0.8735152 -0.3368686 -0.2835875
-0.2055429 -0.8767687 -0.3363983 -0.2754359
-0.2034155 -0.8801432 -0.3358693 -0.2667618
-0.201149 -0.8836188 -0.3352775 -0.2575768
-0.1987445 -0.8871753 -0.3346185 -0.2478933
-0.196203 -0.8907918 -0.3338882 -0.2377249
-0.1935259 -0.8944473 -0.3330823 -0.2270858
-0.1907148 -0.8981205 -0.3321971 -0.2159918
-0.187772 -0.9017901 -0.3312286 -0.20446
-0.1846999 -0.9054347 -0.3301734 -0.1925088
-0.1815016 -0.9090328 -0.3290282 -0.1801581
-0.1781804 -0.9125637 -0.3277905 -0.1674294
-0.1747406 -0.9160068 -0.3264577 -0.1543459
-0.1711867 -0.9193422 -0.3250281 -0.1409322
-0.1675239 -0.9225507 -0.3235003 -0.1272148
-0.163758 -0.9256142 -0.3218737 -0.1132213
-0.1598954 -0.9285157 -0.3201483 -0.09898102
-0.1559431 -0.9312394 -0.3183247 -0.08452479
-0.1519087 -0.933771 -0.3164041 -0.06988439
-0.1478003 -0.936098 -0.3143888 -0.05509289
-0.1436265 -0.9382095 -0.3122815 -0.04018416
-0.1393964 -0.9400961 -0.3100858 -0.02519293
-0.1351196 -0.9417511 -0.3078059 -0.01015435
-0.1308061 -0.9431692 -0.3054468 0.004896188
-0.1264659 -0.9443473 -0.3030142 0.01992312
-0.1221097 -0.9452846 -0.3005145 0.03489095
-0.1177481 -0.945982 -0.2979545 0.04976467
-0.1133918 -0.9464429 -0.2953417 0.0645099
-0.1090517 -0.9466721 -0.292684 0.07909292
-0.1047385 -0.9466769 -0.2899899 0.093481
-0.100463 -0.9464657 -0.2872682 0.1076426
-0.0962356 -0.9460491 -0.2845278 0.1215474
-0.09206673 -0.945439 -0.2817781 0.1351667
-0.08796643 -0.9446486 -0.2790284 0.1484728
-0.08394445 -0.9436923 -0.2762884 0.1614401
-0.08001031 -0.9425857 -0.2735676 0.1740443
-0.07617302 -0.941345 -0.2708755 0.1862626
-0.07244135 -0.9399873 -0.2682216 0.1980739
-0.06882358 -0.9385302 -0.2656154 0.2094588
-0.06532765 -0.9369914 -0.2630659 0.2203991
-0.06196114 -0.9353893 -0.2605822 0.2308781
-0.0587312 -0.9337419 -0.2581732 0.2408805
-0.05564468 -0.9320675 -0.2558474 0.2503918
-0.05270803 -0.930384 -0.2536131 0.2593991
-0.0499275 -0.9287093 -0.2514784 0.2678898
-0.04730894 -0.9270607 -0.2494511 0.2758524
-0.04485807 -0.9254552 -0.2475388 0.2832758
-0.04258039 -0.9239089 -0.2457488 0.2901494
-0.04048122 -0.9224381 -0.2440882 0.2964628
-0.03856582 -0.9210576 -0.2425639 0.3022056
-0.03683934 -0.9197822 -0.2411825 0.3073674
-0.03530695 -0.9186252 -0.2399505 0.3119372
-0.03397382 -0.9175999 -0.2388743 0.3159041
-0.03284524 -0.9167181 -0.2379599 0.3192558
-0.03192661 -0.9159911 -0.2372134 0.3219797
-0.03122353 -0.915429 -0.2366408 0.3240618
-0.03074173 -0.915041 -0.2362477 0.3254873
-0.03048733 -0.9148352 -0.2360399 0.3262395
-0.03044644 -0.9148021 -0.2360065 0.3263604
0.03048784 0.9147697 0.2358916 -0.3265303
0.03061047 0.9146736 0.235551 -0.3270336
0.03081201 0.9145148 0.2349912 -0.3278607
0.03109012 0.9142939 0.2342179 -0.3290015
0.0314425 0.9140115 0.2332373 -0.3304464
0.03186686 0.9136672 0.232055 -0.3321856
0.0323609 0.9132609 0.2306766 -0.3342092
0.03292235 0.9127917 0.2291076 -0.3365072
0.0335489 0.912259 0.2273536 -0.3390699
0.03423828 0.9116616 0.2254199 -0.341887
0.03498818 0.9109985 0.2233118 -0.3449486
0.03579627 0.9102681 0.2210348 -0.3482445
0.03666026 0.9094693 0.2185942 -0.3517644
0.03757778 0.9086006 0.2159954 -0.3554981
0.03854647 0.9076606 0.2132438 -0.359435
0.03956394 0.9066479 0.210345 -0.3635648
0.04062777 0.9055611 0.2073046 -0.3678768
0.04173553 0.904399 0.2041283 -0.3723603
0.04288475 0.9031606 0.2008218 -0.3770046
0.04407294 0.9018449 0.1973912 -0.3817987
0.04529758 0.9004509 0.1938424 -0.3867319
0.04655611 0.8989782 0.1901817 -0.3917929
0.04784597 0.8974265 0.1864153 -0.3969708
0.04916457 0.8957956 0.1825499 -0.4022545
0.05050926 0.8940858 0.178592 -0.4076328
0.05187744 0.8922974 0.1745484 -0.4130945
0.05326641 0.8904313 0.170426 -0.4186285
0.05467354 0.8884887 0.1662319 -0.4242235
0.05609615 0.886471 0.1619734 -0.4298686
0.05753152 0.8843801 0.1576579 -0.4355525
0.05897699 0.8822181 0.1532927 -0.4412644
0.06042988 0.8799877 0.1488856 -0.4469932
0.0618875 0.8776919 0.1444442 -0.4527282
0.0633472 0.8753338 0.1399764 -0.4584587
0.06480631 0.8729174 0.1354901 -0.4641743
0.06626224 0.8704467 0.1309933 -0.4698645
0.06771235 0.8679261 0.126494 -0.4755192
0.06915412 0.8653606 0.1220003 -0.4811286
0.07058498 0.8627552 0.1175204 -0.4866829
0.07200244 0.8601155 0.1130624 -0.4921725
0.07340407 0.8574475 0.1086344 -0.4975885
0.07478745 0.8547571 0.1042446 -0.5029216
0.07615021 0.852051 0.09990115 -0.5081633
0.07749006 0.8493359 0.0956121 -0.5133052
0.07880475 0.8466186 0.09138545 -0.5183392
0.08009207 0.8439065 0.08722925 -0.5232572
0.08134989 0.841207 0.08315133 -0.528052
0.08257611 0.8385276 0.07915962 -0.532716
0.0837687 0.8358762 0.07526183 -0.5372425
0.08492568 0.8332607 0.07146564 -0.5416244
0.08604512 0.8306891 0.06777862 -0.5458553
0.08712514 0.8281694 0.0642083 -0.549929
0.0881639 0.82571 0.06076203 -0.5538395
0.08915965 0.8233191 0.05744713 -0.5575807
0.09011057 0.8210048 0.05427083 -0.5611469
0.09101501 0.8187756 0.05124021 -0.5645328
0.09187125 0.8166397 0.04836237 -0.5677328
0.09267766 0.8146052 0.04564423 -0.5707416
0.09343258 0.8126804 0.04309275 -0.5735539
0.09413439 0.8108733 0.04071473 -0.5761646
0.09478145 0.8091919 0.03851698 -0.5785685
0.09537216 0.8076442 0.0365063 -0.5807601
0.09590488 0.8062379 0.0346894 -0.5827344
0.09637795 0.8049806 0.03307303 -0.5844858
0.09678972 0.8038798 0.03166392 -0.5860089
0.09713849 0.8029427 0.03046883 -0.5872979
0.09742248 0.8021764 0.02949455 -0.5883468
0.09763991 0.8015876 0.02874796 -0.5891495
0.09778897 0.8011832 0.02823586 -0.5896995
0.09786768 0.8009693 0.0279653 -0.5899898
0.09788033 0.8009349 0.02792181 -0.5900366
-0.09782363 -0.8009462 -0.02774736 0.590039
-0.09765568 -0.8009794 -0.02723057 0.5900458
-0.0973796 -0.8010334 -0.02638125 0.5900566
-0.09699846 -0.8011069 -0.02520908 0.5900708
-0.09651527 -0.8011984 -0.02372367 0.5900875
-0.09593298 -0.8013058 -0.02193452 0.5901057
-0.09525453 -0.8014274 -0.01985111 0.5901242
-0.09448281 -0.801561 -0.01748286 0.5901418
-0.09362067 -0.8017042 -0.01483916 0.5901572
-0.09267098 -0.8018546 -0.01192941 0.5901688
-0.09163657 -0.8020096 -0.008763004 0.590175
-0.09052029 -0.8021668 -0.005349366 0.5901745
-0.08932499 -0.8023235 -0.001697955 0.5901654
-0.08805353 -0.8024769 0.002181721 0.5901463
-0.08670878 -0.8026245 0.006280086 0.5901154
-0.08529367 -0.8027635 0.0105875 0.590071
-0.0838111 -0.8028911 0.01509423 0.5900116
-0.08226408 -0.803005 0.01979046 0.5899355
-0.08065561 -0.8031024 0.02466627 0.5898413
-0.07898872 -0.803181 0.02971165 0.5897273
-0.07726653 -0.8032382 0.0349165 0.5895923
-0.07549217 -0.8032719 0.04027055 0.5894349
-0.07366884 -0.8032798 0.04576349 0.5892538
-0.07179978 -0.8032601 0.05138491 0.589048
-0.0698883 -0.8032109 0.05712425 0.5888165
-0.06793772 -0.8031303 0.06297088 0.5885583
-0.06595146 -0.8030171 0.06891406 0.5882728
-0.06393295 -0.8028699 0.07494305 0.5879593
-0.06188566 -0.8026875 0.08104695 0.5876175
-0.05981318 -0.8024693 0.08721479 0.5872471
-0.05771903 -0.8022143 0.09343566 0.5868479
-0.05560684 -0.8019224 0.09969848 0.5864201
-0.05348026 -0.8015933 0.1059923 0.5859638
-0.05134298 -0.8012271 0.1123059 0.5854797
-0.0491987 -0.800824 0.1186284 0.5849681
-0.04705111 -0.8003848 0.1249488 0.5844299
-0.04490398 -0.7999099 0.1312559 0.5838661
-0.04276106 -0.7994008 0.1375389 0.5832777
-0.04062612 -0.7988585 0.1437869 0.5826663
-0.03850289 -0.7982846 0.149989 0.5820331
-0.03639513 -0.7976809 0.1561347 0.58138
-0.03430662 -0.7970492 0.1622131 0.5807086
-0.03224108 -0.796392 0.1682138 0.580021
-0.03020222 -0.7957116 0.1741264 0.5793194
-0.02819375 -0.7950106 0.1799406 0.5786059
-0.02621936 -0.7942917 0.1856463 0.5778829
-0.02428267 -0.793558 0.1912336 0.5771532
-0.02238733 -0.7928126 0.1966924 0.5764192
-0.0205369 -0.7920588 0.2020132 0.5756838
-0.01873497 -0.7913001 0.2071863 0.5749497
-0.01698504 -0.7905399 0.2122023 0.5742199
-0.01529061 -0.7897819 0.217052 0.5734974
-0.01365511 -0.78903 0.2217262 0.5727852
-0.01208198 -0.7882877 0.2262159 0.5720866
-0.0105746 -0.7875592 0.2305121 0.5714045
-0.009136298 -0.7868481 0.2346062 0.5707422
-0.007770438 -0.7861586 0.2384893 0.5701029
-0.006480288 -0.7854944 0.2421528 0.5694897
-0.005269145 -0.7848597 0.2455883 0.5689059
-0.004140238 -0.7842581 0.2487872 0.5683547
-0.00309682 -0.7836936 0.2517411 0.567839
-0.002142126 -0.7831701 0.2544414 0.567362
-0.00127935 -0.7826911 0.2568797 0.5669267
-0.0005117279 -0.7822602 0.2590476 0.5665361
0.0001575202 -0.781881 0.2609365 0.5661929
0.0007251632 -0.7815567 0.2625377 0.5658999
0.001187963 -0.7812905 0.2638426 0.5656597
0.001542631 -0.7810854 0.2648422 0.5654749
0.001785907 -0.7809442 0.2655277 0.5653477
0.001914439 -0.7808695 0.2658899 0.5652804
0.001935102 -0.7808574 0.2659481 0.5652695
-0.001930374 0.7807344 -0.2662874 -0.5652797
-0.001916368 0.7803693 -0.2672927 -0.5653093
-0.00189333 0.779767 -0.2689455 -0.5653567
-0.001861491 0.7789309 -0.2712275 -0.5654193
-0.001821074 0.7778632 -0.2741209 -0.5654938
-0.001772288 0.7765653 -0.2776082 -0.5655767
-0.001715338 0.7750372 -0.2816723 -0.5656635
-0.001650418 0.7732787 -0.2862956 -0.5657492
-0.001577722 0.7712884 -0.291461 -0.5658288
-0.001497439 0.7690644 -0.2971512 -0.5658966
-0.001409757 0.7666045 -0.3033486 -0.5659463
-0.001314866 0.7639059 -0.3100353 -0.5659719
-0.00121296 0.7609659 -0.3171932 -0.5659665
-0.001104236 0.7577812 -0.3248033 -0.5659234
-0.0009888978 0.7543489 -0.3328465 -0.5658357
-0.000867157 0.7506659 -0.3413029 -0.5656964
-0.0007392344 0.7467296 -0.3501519 -0.5654981
-0.0006053622 0.7425374 -0.3593722 -0.5652339
-0.0004657836 0.7380876 -0.3689417 -0.564897
-0.0003207545 0.7333785 -0.3788376 -0.5644802
-0.0001705447 0.7284097 -0.3890361 -0.5639772
-1.543894E-05 0.723181 -0.3995128 -0.5633816
0.0001442643 0.7176936 -0.4102426 -0.5626873
0.000308252 0.7119493 -0.4211994 -0.5618889
0.0004761952 0.7059513 -0.4323567 -0.5609815
0.000647751 0.6997038 -0.4436872 -0.5599607
0.000822563 0.6932122 -0.4551632 -0.5588226
0.001000262 0.6864832 -0.4667566 -0.5575644
0.001180467 0.6795251 -0.478439 -0.5561838
0.001362785 0.6723472 -0.4901819 -0.5546792
0.001546816 0.6649606 -0.5019568 -0.5530503
0.001732151 0.6573771 -0.513735 -0.5512974
0.001918379 0.6496106 -0.5254887 -0.5494216
0.00210508 0.6416759 -0.53719 -0.5474254
0.002291838 0.6335891 -0.548812 -0.5453119
0.002478238 0.6253675 -0.5603282 -0.5430853
0.002663865 0.6170295 -0.5717134 -0.5407507
0.002848312 0.6085946 -0.5829431 -0.538314
0.003031178 0.600083 -0.593994 -0.5357822
0.003212073 0.5915158 -0.604844 -0.5331627
0.003390619 0.5829148 -0.6154729 -0.5304641
0.003566449 0.5743021 -0.6258609 -0.5276955
0.003739211 0.5657004 -0.6359906 -0.5248666
0.00390857 0.5571327 -0.6458456 -0.5219879
0.004074208 0.5486218 -0.6554112 -0.51907
0.00423582 0.5401909 -0.6646742 -0.5161241
0.004393127 0.5318629 -0.6736227 -0.5131618
0.004545858 0.5236605 -0.6822465 -0.5101948
0.004693767 0.5156064 -0.6905366 -0.5072351
0.004836622 0.5077224 -0.6984851 -0.5042947
0.00497421 0.5000304 -0.7060859 -0.5013857
0.005106331 0.4925515 -0.7133334 -0.4985203
0.005232803 0.4853064 -0.7202233 -0.4957103
0.005353455 0.4783153 -0.7267522 -0.4929677
0.00546813 0.4715976 -0.7329172 -0.4903042
0.005576681 0.4651725 -0.7387162 -0.4877312
0.005678969 0.4590583 -0.7441477 -0.4852602
0.005774865 0.4532729 -0.7492102 -0.4829021
0.005864244 0.4478338 -0.7539026 -0.4806676
0.005946984 0.4427579 -0.7582238 -0.4785673
0.006022966 0.4380617 -0.7621728 -0.4766113
0.00609207 0.4337612 -0.765748 -0.4748096
0.006154173 0.4298724 -0.7689477 -0.4731716
0.006209149 0.4264107 -0.7717696 -0.4717066
0.006256865 0.4233914 -0.7742106 -0.4704237
0.006297179 0.4208297 -0.7762672 -0.4693314
0.006329942 0.4187409 -0.7779343 -0.4684381
0.006354982 0.4171397 -0.7792062 -0.4677519
0.006372125 0.4160414 -0.7800757 -0.4672803
0.006381173 0.4154611 -0.7805341 -0.467031
0.006382626 0.4153678 -0.7806078 -0.4669909
0.006438524 0.4152095 -0.7807616 -0.4668736
0.006604121 0.4147407 -0.781217 -0.4665261
0.006876322 0.4139695 -0.7819647 -0.4659543
0.007252087 0.4129037 -0.7829947 -0.4651637
0.007728428 0.4115508 -0.7842973 -0.4641594
0.008302396 0.409918 -0.7858621 -0.4629462
0.008971071 0.4080119 -0.7876783 -0.4615287
0.009731556 0.4058391 -0.7897353 -0.459911
0.01058096 0.4034061 -0.7920218 -0.4580974
0.01151641 0.400719 -0.7945265 -0.4560915
0.012535 0.397784 -0.7972378 -0.4538973
0.01363383 0.3946072 -0.800144 -0.4515186
0.01480996 0.3911946 -0.8032331 -0.4489589
0.01606042 0.3875525 -0.806493 -0.446222
0.01738221 0.3836871 -0.8099115 -0.4433118
0.01877227 0.3796048 -0.8134762 -0.4402321
0.02022751 0.375312 -0.8171745 -0.436987
0.02174475 0.3708156 -0.8209938 -0.4335806
0.02332078 0.3661225 -0.8249216 -0.4300173
0.02495231 0.3612399 -0.8289451 -0.4263017
0.026636 0.3561754 -0.8330517 -0.4224387
0.02836841 0.3509369 -0.8372288 -0.4184334
0.03014608 0.3455324 -0.8414638 -0.4142912
0.03196548 0.3399705 -0.8457444 -0.410018
0.03382296 0.3342601 -0.8500581 -0.4056198
0.03571489 0.3284104 -0.8543931 -0.4011029
0.03763755 0.3224309 -0.8587373 -0.3964743
0.03958718 0.3163318 -0.8630794 -0.3917409
0.04155997 0.3101232 -0.867408 -0.3869104
0.04355209 0.3038159 -0.8717123 -0.3819906
0.04555969 0.2974208 -0.8759818 -0.3769895
0.04757889 0.2909493 -0.8802064 -0.3719158
0.04960581 0.284413 -0.8843768 -0.3667783
0.05163657 0.2778238 -0.8884836 -0.3615862
0.0536673 0.2711938 -0.8925185 -0.3563489
0.05569417 0.2645355 -0.8964735 -0.351076
0.05771339 0.2578612 -0.9003414 -0.3457777
0.05972117 0.2511838 -0.9041153 -0.340464
0.0617138 0.2445161 -0.9077891 -0.3351452
0.06368764 0.2378711 -0.9113573 -0.329832
0.06563911 0.2312615 -0.9148151 -0.3245349
0.0675647 0.2247006 -0.9181583 -0.3192648
0.069461 0.2182012 -0.9213833 -0.3140325
0.07132463 0.2117763 -0.9244869 -0.3088488
0.07315242 0.2054389 -0.9274669 -0.3037247
0.07494116 0.1992016 -0.9303216 -0.2986711
0.07668785 0.1930771 -0.9330494 -0.2936988
0.07838953 0.187078 -0.9356499 -0.2888186
0.08004335 0.1812167 -0.9381227 -0.2840414
0.08164655 0.1755052 -0.9404679 -0.2793777
0.0831965 0.1699557 -0.9426863 -0.2748381
0.08469063 0.1645799 -0.9447787 -0.2704331
0.08612647 0.1593895 -0.9467466 -0.2661729
0.08750162 0.1543958 -0.9485916 -0.2620677
0.08881374 0.1496102 -0.9503153 -0.2581275
0.09006063 0.1450435 -0.9519199 -0.2543622
0.09124003 0.1407067 -0.9534073 -0.2507816
0.09234984 0.1366106 -0.9547799 -0.2473953
0.09338792 0.1327655 -0.9560398 -0.2442128
0.09435217 0.129182 -0.9571893 -0.2412434
0.09524055 0.1258704 -0.9582304 -0.2384964
0.09605096 0.1228407 -0.9591649 -0.235981
0.09678131 0.1201034 -0.9599948 -0.2337062
0.0974295 0.1176683 -0.9607214 -0.2316811
0.09799337 0.1155456 -0.9613458 -0.2299147
0.09847073 0.1137455 -0.9618689 -0.2284158
0.0988593 0.1122781 -0.9622909 -0.2271933
0.09915669 0.1111537 -0.9626116 -0.2262561
0.0993605 0.1103824 -0.9628302 -0.2256132
0.0994681 0.109975 -0.9629452 -0.2252735
0.0994854 0.1099095 -0.9629637 -0.2252189
0.09951788 0.1097965 -0.9629741 -0.2252152
0.09961408 0.1094618 -0.9630048 -0.2252044
0.09977213 0.1089118 -0.963055 -0.2251865
0.09999015 0.1081529 -0.9631237 -0.2251617
0.1002663 0.1071913 -0.9632099 -0.22513
0.1005986 0.1060334 -0.9633123 -0.2250915
0.1009852 0.1046854 -0.9634299 -0.2250464
0.1014242 0.1031536 -0.9635611 -0.2249946
0.1019138 0.1014442 -0.9637045 -0.2249361
0.1024519 0.09956337 -0.9638588 -0.2248709
0.1030368 0.0975174 -0.9640224 -0.224799
0.1036663 0.0953125 -0.9641938 -0.2247204
0.1043388 0.0929549 -0.9643713 -0.2246351
0.1050521 0.09045085 -0.9645534 -0.224543
0.1058044 0.08780663 -0.9647385 -0.2244441
0.1065937 0.0850285 -0.964925 -0.2243384
0.1074181 0.08212278 -0.9651114 -0.2242259
0.1082756 0.0790958 -0.9652961 -0.2241065
0.1091643 0.07595392 -0.9654776 -0.2239802
0.1100822 0.07270353 -0.9656545 -0.2238471
0.1110274 0.06935105 -0.9658253 -0.2237072
0.1119979 0.06590296 -0.9659886 -0.2235604
0.1129917 0.06236573 -0.9661433 -0.223407
0.1140069 0.05874587 -0.9662879 -0.2232468
0.1150415 0.05504996 -0.9664214 -0.2230801
0.1160936 0.05128459 -0.9665427 -0.2229069
0.1171612 0.04745637 -0.9666508 -0.2227273
0.1182424 0.04357194 -0.9667448 -0.2225415
0.1193352 0.03963798 -0.966824 -0.2223496
0.1204376 0.03566121 -0.9668876 -0.222152
0.1215479 0.03164832 -0.966935 -0.2219487
0.1226639 0.02760608 -0.9669658 -0.2217401
0.1237839 0.02354124 -0.9669796 -0.2215264
0.1249059 0.01946058 -0.966976 -0.2213079
0.126028 0.01537089 -0.9669551 -0.221085
0.1271484 0.01127892 -0.9669167 -0.2208579
0.1282653 0.007191505 -0.9668609 -0.2206272
0.1293767 0.003115409 -0.9667879 -0.2203932
0.1304808 -0.0009425589 -0.9666981 -0.2201562
0.1315759 -0.004975638 -0.9665918 -0.2199169
0.1326601 -0.008977065 -0.9664695 -0.2196756
0.1337317 -0.01294006 -0.966332 -0.2194328
0.1347889 -0.01685792 -0.96618 -0.2191892
0.13583 -0.02072389 -0.9660144 -0.2189452
0.1368533 -0.02453133 -0.9658359 -0.2187015
0.137857 -0.02827354 -0.9656458 -0.2184586
0.1388396 -0.03194389 -0.9654452 -0.2182171
0.1397994 -0.03553578 -0.9652352 -0.2179776
0.1407346 -0.03904262 -0.9650173 -0.2177409
0.1416438 -0.04245785 -0.9647927 -0.2175076
0.1425253 -0.04577498 -0.9645628 -0.2172783
0.1433775 -0.0489875 -0.9643292 -0.2170537
0.1441989 -0.05208899 -0.9640935 -0.2168345
0.1449879 -0.05507299 -0.9638572 -0.2166215
0.1457429 -0.05793311 -0.9636219 -0.2164154
0.1464625 -0.06066303 -0.9633894 -0.2162168
0.1471452 -0.06325632 -0.9631612 -0.2160265
0.1477893 -0.06570672 -0.9629392 -0.2158452
0.1483934 -0.06800792 -0.9627249 -0.2156736
0.148956 -0.07015359 -0.9625201 -0.2155125
0.1494756 -0.07213751 -0.9623265 -0.2153625
0.1499508 -0.07395335 -0.9621456 -0.2152245
0.1503799 -0.07559489 -0.9619791 -0.215099
0.1507615 -0.07705583 -0.9618285 -0.2149868
0.151094 -0.07832989 -0.9616954 -0.2148885
0.1513759 -0.07941081 -0.9615811 -0.2148048
