0.1265813 0.7111139 -0.1264928 0.679922
0.1258744 0.7114989 -0.1255256 0.6798297
0.1248736 0.7120417 -0.1241566 0.6796972
0.123587 0.7127361 -0.1223969 0.6795238
0.1220223 0.713575 -0.120257 0.6793082
0.1201869 0.7145513 -0.1177473 0.6790487
0.1180881 0.7156575 -0.1148782 0.6787434
0.1157332 0.7168859 -0.1116597 0.6783897
0.1131293 0.7182282 -0.1081018 0.6779853
0.1102835 0.7196763 -0.1042146 0.6775271
0.1072029 0.7212216 -0.1000081 0.6770121
0.1038947 0.7228553 -0.09549225 0.6764373
0.1003663 0.7245686 -0.09067744 0.6757993
0.09662481 0.7263524 -0.08557399 0.6750948
0.09267791 0.7281976 -0.08019248 0.6743206
0.08853329 0.730095 -0.07454379 0.6734734
0.08419882 0.7320354 -0.068639 0.67255
0.07968265 0.7340095 -0.06248952 0.6715474
0.07499316 0.7360081 -0.05610711 0.6704627
0.07013901 0.7380221 -0.04950387 0.6692932
0.06512911 0.7400423 -0.04269226 0.6680367
0.05997266 0.74206 -0.03568508 0.666691
0.05467918 0.7440665 -0.02849557 0.6652544
0.04925846 0.7460532 -0.02113731 0.6637254
0.04372057 0.7480122 -0.01362425 0.6621032
0.03807587 0.7499355 -0.005970651 0.6603873
0.03233496 0.7518156 0.001808836 0.6585776
0.02650873 0.7536456 0.009699274 0.6566746
0.02060826 0.7554189 0.01768547 0.6546792
0.01464485 0.7571293 0.02575195 0.6525931
0.008629962 0.7587712 0.03388308 0.6504181
0.002575247 0.7603398 0.04206301 0.6481571
-0.003507558 0.7618304 0.05027579 0.6458131
-0.009606693 0.7632393 0.05850549 0.6433899
-0.01571026 0.7645634 0.06673603 0.6408919
-0.02180642 0.7657999 0.07495143 0.6383238
-0.02788326 0.7669469 0.08313571 0.6356913
-0.03392911 0.7680033 0.09127314 0.633
-0.03993225 0.7689684 0.09934808 0.6302563
-0.04588115 0.7698421 0.1073451 0.6274672
-0.05176444 0.7706252 0.1152491 0.6246399
-0.05757095 0.7713187 0.1230452 0.6217821
-0.06328971 0.7719246 0.1307188 0.6189017
-0.06891005 0.7724451 0.1382559 0.6160074
-0.07442149 0.7728834 0.1456427 0.6131076
-0.07981387 0.7732425 0.1528657 0.6102113
-0.08507733 0.7735264 0.159912 0.6073276
-0.0902023 0.7737395 0.1667692 0.6044658
-0.09517945 0.7738861 0.1734249 0.6016353
-0.09999988 0.7739713 0.1798677 0.5988457
-0.1046548 0.7740003 0.1860861 0.5961065
-0.1091359 0.7739786 0.1920693 0.5934272
-0.1134351 0.7739117 0.1978068 0.5908178
-0.1175443 0.7738055 0.2032883 0.5882876
-0.1214561 0.7736658 0.2085041 0.5858462
-0.1251628 0.7734985 0.2134445 0.583503
-0.1286573 0.7733096 0.2181001 0.5812675
-0.1319325 0.773105 0.2224618 0.5791488
-0.1349813 0.7728903 0.2265206 0.577156
-0.1377968 0.7726713 0.2302676 0.5752981
-0.1403721 0.7724536 0.2336938 0.5735838
-0.1427002 0.7722423 0.2367905 0.5720218
-0.1447744 0.7720425 0.2395485 0.5706202
-0.1465876 0.7718588 0.241959 0.5693875
-0.1481325 0.7716956 0.2440126 0.5683314
-0.1494021 0.771557 0.2456997 0.5674597
-0.1503886 0.7714464 0.2470107 0.5667799
-0.1510844 0.771367 0.2479352 0.5662991
-0.1514814 0.771321 0.2484626 0.5660244
-0.1515783 0.7713098 0.2485913 0.5659573
0.1516298 -0.7712436 -0.2484773 -0.5660838
0.1517821 -0.7710473 -0.2481394 -0.5664585
0.1520323 -0.7707241 -0.2475838 -0.5670739
0.1523774 -0.7702771 -0.2468168 -0.5679224
0.1528144 -0.7697088 -0.2458441 -0.5689964
0.1533402 -0.7690216 -0.2446718 -0.5702879
0.1539518 -0.7682177 -0.2433055 -0.5717891
0.154646 -0.7672992 -0.2417509 -0.573492
0.1554197 -0.7662678 -0.2400135 -0.5753886
0.1562698 -0.7651252 -0.238099 -0.5774704
0.1571932 -0.7638732 -0.2360129 -0.5797294
0.1581866 -0.762513 -0.2337606 -0.5821571
0.1592468 -0.7610465 -0.2313478 -0.5847451
0.1603706 -0.7594751 -0.22878 -0.587485
0.1615547 -0.7578002 -0.2260628 -0.5903682
0.1627959 -0.7560234 -0.2232019 -0.5933861
0.1640909 -0.7541463 -0.2202029 -0.5965301
0.1654364 -0.7521708 -0.2170717 -0.5997915
0.1668289 -0.7500985 -0.2138142 -0.6031616
0.1682652 -0.7479314 -0.2104363 -0.6066318
0.169742 -0.7456716 -0.2069442 -0.6101933
0.1712558 -0.7433212 -0.203344 -0.6138373
0.1728033 -0.7408829 -0.199642 -0.6175554
0.1743811 -0.7383592 -0.1958448 -0.6213387
0.1759859 -0.7357528 -0.1919588 -0.6251789
0.1776143 -0.7330669 -0.1879907 -0.6290672
0.1792629 -0.7303048 -0.1839474 -0.6329954
0.1809285 -0.7274699 -0.1798356 -0.636955
0.1826076 -0.7245659 -0.1756626 -0.6409379
0.1842971 -0.7215971 -0.1714353 -0.6449358
0.1859937 -0.7185675 -0.1671611 -0.6489409
0.1876942 -0.7154817 -0.1628473 -0.6529453
0.1893954 -0.7123445 -0.1585013 -0.6569415
0.1910943 -0.7091608 -0.1541306 -0.6609219
0.1927876 -0.705936 -0.1497429 -0.6648792
0.1944726 -0.7026755 -0.1453458 -0.6688066
0.1961461 -0.699385 -0.1409469 -0.672697
0.1978054 -0.6960707 -0.1365541 -0.6765438
0.1994477 -0.6927386 -0.1321751 -0.6803408
0.2010701 -0.6893952 -0.1278177 -0.6840817
0.2026701 -0.686047 -0.1234897 -0.6877607
0.2042451 -0.6827008 -0.1191989 -0.6913721
0.2057926 -0.6793634 -0.1149531 -0.6949105
0.2073101 -0.6760421 -0.11076 -0.6983708
0.2087954 -0.6727442 -0.1066275 -0.701748
0.2102462 -0.6694769 -0.1025631 -0.7050377
0.2116603 -0.6662477 -0.0985746 -0.7082352
0.2130356 -0.6630641 -0.09466953 -0.7113364
0.2143701 -0.6599339 -0.09085546 -0.7143375
0.2156618 -0.6568647 -0.08713985 -0.7172346
0.2169089 -0.6538644 -0.0835301 -0.720024
0.2181095 -0.6509407 -0.08003358 -0.7227027
0.219262 -0.6481015 -0.0766575 -0.7252671
0.2203645 -0.6453546 -0.07340912 -0.7277143
0.2214154 -0.6427078 -0.07029556 -0.7300414
0.2224132 -0.640169 -0.06732384 -0.7322456
0.2233562 -0.637746 -0.06450102 -0.734324
0.2242428 -0.6354466 -0.061834 -0.7362739
0.2250716 -0.6332785 -0.0593297 -0.738093
0.2258409 -0.6312494 -0.05699497 -0.7397782
0.2265493 -0.6293668 -0.0548366 -0.7413271
0.2271952 -0.6276382 -0.05286139 -0.742737
0.2277771 -0.6260712 -0.05107608 -0.7440051
0.2282933 -0.6246732 -0.04948744 -0.7451286
0.2287422 -0.6234513 -0.04810221 -0.7461043
0.2291221 -0.6224127 -0.04692717 -0.7469293
0.2294313 -0.6215644 -0.04596907 -0.7476
0.2296679 -0.6209135 -0.04523479 -0.7481129
0.22983 -0.6204665 -0.04473108 -0.7484642
0.2299156 -0.6202302 -0.04446495 -0.7486496
0.2299294 -0.6201922 -0.04442216 -0.7486793
0.2298858 -0.6202294 -0.04434834 -0.7486663
0.2297566 -0.6203395 -0.04412968 -0.7486277
0.2295444 -0.6205202 -0.0437704 -0.7485641
0.2292515 -0.6207694 -0.04327465 -0.7484761
0.2288802 -0.6210846 -0.04264661 -0.7483642
0.2284331 -0.6214637 -0.04189046 -0.7482288
0.2279124 -0.6219041 -0.04101034 -0.7480704
0.2273206 -0.6224036 -0.04001039 -0.7478893
0.2266598 -0.6229595 -0.03889475 -0.7476857
0.2259326 -0.6235696 -0.03766758 -0.7474602
0.2251411 -0.6242312 -0.036333 -0.7472127
0.2242877 -0.624942 -0.03489516 -0.7469437
0.2233747 -0.6256993 -0.03335821 -0.7466535
0.2224045 -0.6265008 -0.03172629 -0.7463421
0.2213792 -0.6273438 -0.03000356 -0.74601
0.2203014 -0.6282257 -0.0281942 -0.7456573
0.2191733 -0.6291444 -0.02630237 -0.7452843
0.2179973 -0.630097 -0.02433227 -0.7448912
0.2167757 -0.6310812 -0.02228809 -0.7444785
0.2155108 -0.6320943 -0.02017404 -0.7440463
0.2142052 -0.6331341 -0.01799434 -0.7435951
0.2128611 -0.6341979 -0.01575323 -0.7431252
0.211481 -0.6352835 -0.01345495 -0.742637
0.2100673 -0.6363883 -0.01110375 -0.742131
0.2086225 -0.6375101 -0.008703928 -0.7416076
0.207149 -0.6386464 -0.006259748 -0.7410675
0.2056493 -0.6397948 -0.003775513 -0.7405111
0.204126 -0.6409532 -0.001255513 -0.7399392
0.2025815 -0.6421194 0.001295931 -0.7393522
0.2010184 -0.6432911 0.003874483 -0.7387512
0.1994393 -0.644466 0.006475832 -0.7381366
0.1978467 -0.6456421 0.009095632 -0.7375095
0.1962432 -0.6468173 0.01172955 -0.7368706
0.1946315 -0.6479896 0.01437323 -0.7362211
0.1930141 -0.6491571 0.01702232 -0.7355617
0.1913938 -0.6503175 0.0196725 -0.7348935
0.1897731 -0.6514693 0.02231941 -0.7342178
0.1881548 -0.6526105 0.0249587 -0.7335355
0.1865415 -0.6537393 0.02758604 -0.732848
0.184936 -0.6548538 0.03019708 -0.7321566
0.1833409 -0.6559526 0.03278753 -0.7314625
0.1817589 -0.6570338 0.03535301 -0.7307671
0.1801929 -0.658096 0.03788926 -0.7300717
0.1786454 -0.6591374 0.04039195 -0.729378
0.1771194 -0.6601567 0.04285681 -0.7286873
0.1756174 -0.6611524 0.04527954 -0.7280013
0.1741423 -0.662123 0.04765591 -0.7273215
0.1726968 -0.6630672 0.04998164 -0.7266496
0.1712836 -0.6639837 0.0522525 -0.7259871
0.1699056 -0.664871 0.05446426 -0.725336
0.1685655 -0.665728 0.05661273 -0.7246978
0.167266 -0.6665536 0.0586937 -0.7240742
0.1660098 -0.6673463 0.06070298 -0.7234672
0.1647999 -0.6681051 0.06263644 -0.7228785
0.1636388 -0.6688288 0.06448987 -0.7223098
0.1625293 -0.6695163 0.06625918 -0.7217631
0.1614743 -0.6701664 0.06794018 -0.7212402
0.1604763 -0.670778 0.0695288 -0.7207427
0.1595383 -0.6713499 0.07102086 -0.7202727
0.1586628 -0.6718813 0.07241232 -0.719832
0.1578527 -0.6723708 0.07369904 -0.7194223
0.1571105 -0.6728173 0.0748769 -0.7190456
0.1564392 -0.6732198 0.07594185 -0.7187035
0.1558413 -0.6735771 0.07688971 -0.7183978
0.1553196 -0.6738878 0.07771643 -0.7181304
0.1548768 -0.674151 0.07841787 -0.7179027
0.1545155 -0.6743652 0.07898992 -0.7177166
0.1542385 -0.6745292 0.0794284 -0.7175738
0.1540485 -0.6746415 0.07972921 -0.7174755
0.153948 -0.6747008 0.07988817 -0.7174237
0.1539319 -0.6747104 0.07991374 -0.7174153
-0.1538786 0.6749982 -0.08018608 0.7171256
-0.1537203 0.6758505 -0.08099343 0.7162656
-0.1534589 0.6772507 -0.08232228 0.7148462
-0.1530958 0.6791816 -0.08416034 0.7128752
-0.1526315 0.6816263 -0.08649634 0.7103575
-0.1520663 0.6845669 -0.08931988 0.7072949
-0.1513997 0.6879854 -0.0926213 0.7036871
-0.150631 0.6918631 -0.0963914 0.6995316
-0.149759 0.6961805 -0.1006214 0.6948239
-0.1487821 0.7009172 -0.1053025 0.6895581
-0.1476986 0.7060517 -0.1104262 0.6837267
-0.1465063 0.7115614 -0.1159834 0.6773213
-0.1452031 0.7174224 -0.1219648 0.6703327
-0.1437866 0.723609 -0.1283603 0.6627512
-0.1422545 0.7300943 -0.1351592 0.6545671
-0.1406044 0.7368494 -0.1423496 0.645771
-0.1388341 0.7438438 -0.1499185 0.6363537
-0.1369414 0.7510452 -0.1578514 0.6263075
-0.1349246 0.7584194 -0.1661324 0.6156261
-0.1327821 0.7659305 -0.1747437 0.6043046
-0.1305129 0.773541 -0.183666 0.5923407
-0.1281164 0.7812117 -0.1928777 0.5797349
-0.1255928 0.7889023 -0.2023556 0.5664909
-0.1229427 0.7965714 -0.2120742 0.5526153
-0.1201677 0.8041767 -0.2220063 0.5381196
-0.1172703 0.8116761 -0.2321226 0.5230189
-0.1142536 0.819027 -0.2423922 0.5073332
-0.111122 0.826188 -0.2527828 0.4910868
-0.1078807 0.8331184 -0.2632604 0.4743094
-0.104536 0.8397796 -0.2737902 0.4570354
-0.1010951 0.846135 -0.2843367 0.4393039
-0.09756617 0.852151 -0.2948642 0.4211586
-0.09395839 0.8577972 -0.3053369 0.4026477
-0.09028175 0.863047 -0.3157194 0.3838234
-0.08654697 0.8678781 -0.3259774 0.364741
-0.0827654 0.8722727 -0.336078 0.3454588
-0.07894893 0.8762178 -0.34599 0.3260375
-0.07510982 0.8797053 -0.3556839 0.306539
-0.07126059 0.882732 -0.3651331 0.2870261
-0.06741377 0.8852997 -0.3743134 0.2675617
-0.06358192 0.8874149 -0.3832034 0.248208
-0.05977737 0.8890886 -0.3917848 0.2290259
-0.05601211 0.8903358 -0.400042 0.2100743
-0.05229775 0.8911754 -0.4079629 0.1914097
-0.0486453 0.8916295 -0.415538 0.1730855
-0.04506521 0.8917232 -0.4227609 0.1551522
-0.04156723 0.8914836 -0.4296277 0.1376564
-0.03816045 0.89094 -0.4361369 0.1206413
-0.03485318 0.890123 -0.4422895 0.1041459
-0.03165302 0.8890639 -0.4480884 0.08820608
-0.02856682 0.8877947 -0.4535383 0.07285345
-0.02560076 0.8863474 -0.4586451 0.05811654
-0.02276035 0.884754 -0.4634162 0.04402021
-0.02005048 0.8830457 -0.4678598 0.03058669
-0.01747552 0.8812531 -0.4719848 0.0178353
-0.01503928 0.8794056 -0.4758005 0.005782827
-0.0127452 0.8775321 -0.4793164 -0.00555572
-0.01059634 0.8756595 -0.4825421 -0.01616728
-0.008595498 0.8738137 -0.4854869 -0.02603983
-0.006745226 0.8720196 -0.4881598 -0.03516258
-0.005047915 0.8702999 -0.4905693 -0.04352517
-0.003505976 0.8686764 -0.492723 -0.05111756
-0.002121694 0.8671694 -0.494628 -0.05792957
-0.0008975443 0.8657977 -0.4962901 -0.06395061
0.0001639542 0.8645785 -0.4977144 -0.06916925
0.001060037 0.8635279 -0.4989043 -0.07357305
0.001787706 0.8626602 -0.4998623 -0.07714793
0.002343576 0.8619887 -0.5005891 -0.07987813
0.00272396 0.8615249 -0.501084 -0.08174612
0.002924649 0.8612787 -0.5013442 -0.08273149
0.002956882 0.861239 -0.5013859 -0.0828898
0.0030471 0.8612677 -0.501273 -0.08327069
0.003314488 0.861352 -0.5009378 -0.08439947
0.003754368 0.8614877 -0.5003846 -0.08625618
0.004362339 0.8616698 -0.4996167 -0.08882193
0.005134245 0.8618916 -0.4986362 -0.09207877
0.006066129 0.8621453 -0.4974445 -0.09600943
0.007154197 0.8624222 -0.4960415 -0.1005973
0.008394768 0.8627123 -0.494427 -0.1058261
0.00978424 0.8630049 -0.4925996 -0.1116798
0.01131906 0.8632886 -0.4905578 -0.1181427
0.01299564 0.8635508 -0.4882995 -0.1251986
0.01481036 0.8637785 -0.4858223 -0.1328312
0.01675953 0.863958 -0.4831232 -0.141024
0.01883928 0.8640749 -0.4801995 -0.1497596
0.02104562 0.8641148 -0.4770485 -0.15902
0.02337434 0.8640625 -0.4736673 -0.1687863
0.02582098 0.8639029 -0.4700534 -0.1790386
0.02838082 0.8636206 -0.4662046 -0.1897558
0.03104885 0.8632004 -0.4621191 -0.2009156
0.03381974 0.862627 -0.4577958 -0.2124945
0.03668781 0.8618859 -0.4532341 -0.2244674
0.03964703 0.8609627 -0.4484344 -0.2368078
0.04269102 0.8598439 -0.4433979 -0.2494879
0.04581307 0.8585168 -0.4381268 -0.2624785
0.04900606 0.8569697 -0.4326245 -0.2757487
0.05226257 0.8551922 -0.4268955 -0.2892666
0.05557487 0.8531752 -0.4209456 -0.3029988
0.05893494 0.8509112 -0.414782 -0.3169114
0.06233449 0.8483943 -0.4084131 -0.3309689
0.06576502 0.8456206 -0.4018488 -0.3451353
0.06921791 0.8425881 -0.3951004 -0.3593744
0.07268438 0.8392968 -0.3881805 -0.3736493
0.07615566 0.8357489 -0.3811031 -0.3879234
0.07962292 0.8319488 -0.3738834 -0.4021599
0.08307745 0.827903 -0.3665378 -0.4163229
0.08651067 0.8236203 -0.3590837 -0.4303772
0.08991419 0.8191113 -0.3515395 -0.4442883
0.09327985 0.8143891 -0.3439246 -0.4580232
0.09659986 0.8094683 -0.3362588 -0.4715502
0.09986673 0.8043656 -0.3285626 -0.4848393
0.1030734 0.7990993 -0.320857 -0.4978625
0.1062132 0.7936889 -0.313163 -0.5105935
0.10928 0.7881556 -0.3055018 -0.523008
0.1122682 0.7825213 -0.2978946 -0.5350843
0.1151724 0.7768092 -0.2903623 -0.5468022
0.1179882 0.7710427 -0.2829255 -0.5581443
0.1207113 0.7652462 -0.2756045 -0.5690951
0.1233379 0.7594442 -0.2684189 -0.579641
0.125865 0.7536612 -0.2613877 -0.5897706
0.1282898 0.7479219 -0.2545294 -0.5994743
0.1306098 0.7422506 -0.2478617 -0.6087444
0.1328232 0.7366715 -0.2414016 -0.6175746
0.1349284 0.7312083 -0.2351651 -0.6259602
0.136924 0.7258841 -0.229168 -0.6338975
0.1388091 0.7207217 -0.2234249 -0.6413841
0.1405828 0.7157429 -0.2179499 -0.6484184
0.1422444 0.710969 -0.2127563 -0.6549995
0.1437935 0.7064207 -0.2078571 -0.6611269
0.1452296 0.7021177 -0.2032646 -0.6668002
0.1465524 0.6980795 -0.1989906 -0.6720195
0.1477613 0.6943243 -0.1950464 -0.6767846
0.148856 0.69087 -0.1914435 -0.6810946
0.1498357 0.6877339 -0.1881925 -0.6849489
0.1506999 0.6849325 -0.1853044 -0.6883454
0.1514475 0.6824818 -0.1827899 -0.6912816
0.1520774 0.6803972 -0.1806598 -0.6937537
0.152588 0.6786938 -0.178925 -0.6957569
0.1529776 0.677386 -0.1775967 -0.6972843
0.153244 0.6764879 -0.1766862 -0.6983284
0.1533844 0.6760129 -0.1762053 -0.6988788
0.153407 0.6759366 -0.176128 -0.6989672
0.1533711 0.6762103 -0.176398 -0.6986421
0.1532647 0.6770211 -0.1771982 -0.697677
0.1530886 0.6783528 -0.178515 -0.6960847
0.1528433 0.6801892 -0.1803357 -0.6938737
0.1525289 0.6825135 -0.1826486 -0.6910498
0.1521445 0.6853088 -0.1854425 -0.6876155
0.1516891 0.6885573 -0.188707 -0.6835707
0.1511614 0.6922407 -0.1924318 -0.6789132
0.1505593 0.6963399 -0.196607 -0.6736382
0.1498806 0.7008346 -0.2012225 -0.6677396
0.1491228 0.7057036 -0.2062681 -0.6612097
0.1482832 0.7109243 -0.2117332 -0.6540396
0.1473586 0.7164727 -0.2176067 -0.6462196
0.146346 0.7223232 -0.2238764 -0.6377393
0.145242 0.7284485 -0.2305295 -0.6285887
0.1440432 0.7348194 -0.2375517 -0.6187579
0.1427463 0.7414048 -0.2449275 -0.6082376
0.1413481 0.748172 -0.2526398 -0.5970197
0.1398454 0.7550861 -0.2606698 -0.5850981
0.1382352 0.7621101 -0.2689968 -0.5724685
0.1365151 0.7692057 -0.2775984 -0.5591292
0.1346828 0.7763327 -0.2864499 -0.545082
0.1327368 0.7834498 -0.295525 -0.5303324
0.130676 0.7905142 -0.304795 -0.5148894
0.1284999 0.7974828 -0.3142294 -0.4987673
0.1262091 0.8043121 -0.3237962 -0.4819848
0.1238048 0.8109587 -0.3334615 -0.4645661
0.1212892 0.8173804 -0.3431903 -0.4465408
0.1186654 0.8235359 -0.3529464 -0.4279439
0.1159377 0.829386 -0.3626933 -0.4088165
0.1131113 0.8348944 -0.3723938 -0.3892044
0.1101925 0.8400276 -0.3820115 -0.3691591
0.1071886 0.8447562 -0.3915102 -0.3487367
0.1041076 0.8490549 -0.4008551 -0.3279978
0.1009588 0.8529032 -0.4100129 -0.3070064
0.09775198 0.8562855 -0.4189526 -0.2858293
0.09449762 0.8591917 -0.4276455 -0.2645359
0.09120683 0.8616168 -0.4360656 -0.2431965
0.08789101 0.8635616 -0.4441902 -0.2218819
0.08456186 0.8650318 -0.4519998 -0.2006624
0.08123115 0.8660384 -0.4594783 -0.1796071
0.07791062 0.8665968 -0.4666133 -0.158783
0.07461179 0.8667269 -0.4733956 -0.1382541
0.07134591 0.8664525 -0.4798194 -0.1180816
0.06812379 0.8658003 -0.4858823 -0.0983223
0.06495576 0.8648003 -0.4915849 -0.07902927
0.0618515 0.863484 -0.4969302 -0.06025071
0.05882015 0.8618851 -0.501924 -0.04203082
0.05587012 0.860038 -0.5065741 -0.02440872
0.05300917 0.857978 -0.5108901 -0.007419453
0.05024431 0.8557404 -0.5148831 0.008906459
0.04758198 0.8533601 -0.5185655 0.02454252
0.04502792 0.8508717 -0.5219505 0.03946587
0.04258727 0.8483088 -0.5250519 0.05365714
0.04026466 0.845704 -0.5278837 0.06709996
0.03806416 0.8430884 -0.5304602 0.07978062
0.0359895 0.8404922 -0.5327955 0.0916873
0.03404394 0.8379437 -0.5349033 0.1028103
0.03223052 0.8354695 -0.5367969 0.1131409
0.03055198 0.8330953 -0.538489 0.1226715
0.02901093 0.8308447 -0.5399915 0.131395
0.02760987 0.8287399 -0.5413153 0.139304
0.02635126 0.8268018 -0.5424703 0.1463912
0.02523756 0.8250496 -0.5434655 0.1526484
0.02427135 0.8235012 -0.5443085 0.1580663
0.02345536 0.8221731 -0.5450058 0.1626343
0.0227925 0.8210806 -0.5455624 0.1663399
0.02228599 0.8202375 -0.5459816 0.1691683
0.02193932 0.8196563 -0.5462657 0.1711026
0.0217564 0.8193483 -0.5464146 0.1721228
0.02172701 0.8192987 -0.5464384 0.1722866
-0.02161141 -0.8193241 0.5463358 -0.1725058
-0.02126893 -0.819399 0.5460314 -0.173155
-0.02070591 -0.8195208 0.5455305 -0.174222
-0.01992852 -0.8196869 0.5448372 -0.1756947
-0.01894281 -0.8198936 0.5439557 -0.177561
-0.01775469 -0.8201368 0.5428895 -0.179809
-0.01637001 -0.8204125 0.5416418 -0.1824269
-0.01479454 -0.8207156 0.5402156 -0.1854028
-0.01303402 -0.8210412 0.5386134 -0.1887248
-0.01109417 -0.821384 0.5368378 -0.1923811
-0.008980694 -0.8217383 0.534891 -0.1963596
-0.006699364 -0.8220984 0.5327753 -0.2006484
-0.004255977 -0.8224584 0.5304928 -0.2052351
-0.001656408 -0.8228121 0.5280458 -0.2101075
0.001093376 -0.8231535 0.5254363 -0.2152529
0.003987308 -0.8234764 0.5226668 -0.2206586
0.007019203 -0.8237746 0.5197396 -0.2263116
0.01018272 -0.824042 0.5166574 -0.2321987
0.0134714 -0.8242726 0.513423 -0.2383065
0.01687862 -0.8244607 0.5100394 -0.2446212
0.02039759 -0.8246005 0.50651 -0.251129
0.02402136 -0.8246865 0.5028384 -0.2578155
0.02774281 -0.8247135 0.4990286 -0.2646665
0.0315547 -0.8246769 0.4950851 -0.2716672
0.03544956 -0.824572 0.4910126 -0.2788028
0.03941981 -0.8243947 0.4868163 -0.2860584
0.04345772 -0.8241414 0.4825018 -0.2934186
0.04755544 -0.8238088 0.4780751 -0.3008684
0.051705 -0.8233944 0.4735427 -0.3083922
0.05589829 -0.8228958 0.4689114 -0.3159747
0.06012721 -0.8223115 0.4641888 -0.3236005
0.0643835 -0.8216406 0.4593825 -0.3312542
0.06865892 -0.8208824 0.4545008 -0.3389204
0.07294518 -0.8200373 0.4495523 -0.3465841
0.07723401 -0.819106 0.444546 -0.3542302
0.0815172 -0.81809 0.4394914 -0.361844
0.08578656 -0.8169913 0.434398 -0.3694109
0.09003393 -0.8158124 0.429276 -0.3769166
0.09425133 -0.8145568 0.4241357 -0.3843473
0.09843088 -0.8132282 0.4189877 -0.3916894
0.1025648 -0.811831 0.4138427 -0.39893
0.1066455 -0.8103702 0.4087118 -0.4060561
0.1106655 -0.8088513 0.403606 -0.4130557
0.1146177 -0.8072801 0.3985367 -0.4199168
0.1184949 -0.8056632 0.3935151 -0.4266284
0.1222904 -0.8040072 0.3885526 -0.4331794
0.1259975 -0.8023194 0.3836606 -0.4395597
0.1296099 -0.8006073 0.3788505 -0.4457594
0.1331213 -0.7988787 0.3741337 -0.4517693
0.1365258 -0.7971417 0.3695214 -0.4575804
0.1398177 -0.7954044 0.3650249 -0.4631842
0.1429914 -0.7936755 0.3606552 -0.4685729
0.1460416 -0.7919634 0.3564232 -0.4737388
0.1489631 -0.7902767 0.3523399 -0.4786746
0.1517509 -0.7886243 0.3484159 -0.4833734
0.1544002 -0.7870147 0.3446618 -0.4878286
0.1569062 -0.7854568 0.3410881 -0.4920337
0.1592644 -0.783959 0.3377049 -0.4959824
0.1614701 -0.78253 0.3345224 -0.4996688
0.1635191 -0.7811782 0.3315506 -0.5030867
0.1654068 -0.7799119 0.3287993 -0.5062303
0.1671288 -0.778739 0.3262781 -0.5090933
0.1686808 -0.7776676 0.3239968 -0.5116698
0.1700581 -0.7767051 0.3219647 -0.5139534
0.1712562 -0.7758591 0.3201913 -0.5159376
0.1722705 -0.7751362 0.3186859 -0.5176157
0.1730961 -0.7745435 0.3174577 -0.5189805
0.173728 -0.7740872 0.316516 -0.5200244
0.174161 -0.7737731 0.3158697 -0.5207393
0.1743897 -0.7736068 0.3155282 -0.5211168
0.1744264 -0.7735801 0.3154733 -0.5211774
-0.1744492 0.7736423 -0.3153029 0.5211806
-0.1745165 0.7738265 -0.314798 0.5211898
-0.174627 0.7741287 -0.3139681 0.5212047
-0.1747793 0.7745447 -0.3128223 0.5212246
-0.1749718 0.7750703 -0.3113696 0.5212485
-0.1752032 0.7757007 -0.309619 0.5212758
-0.1754719 0.7764313 -0.3075792 0.5213051
-0.1757762 0.7772574 -0.3052589 0.5213355
-0.1761147 0.7781737 -0.3026667 0.5213657
-0.1764857 0.7791754 -0.299811 0.5213943
-0.1768874 0.7802571 -0.2967004 0.5214198
-0.1773184 0.7814136 -0.2933435 0.5214409
-0.1777768 0.7826396 -0.2897487 0.5214561
-0.178261 0.7839296 -0.2859245 0.5214639
-0.1787694 0.7852783 -0.2818798 0.5214627
-0.1793001 0.7866801 -0.2776229 0.5214512
-0.1798515 0.7881298 -0.273163 0.5214278
-0.1804218 0.7896218 -0.2685086 0.521391
-0.1810094 0.7911507 -0.263669 0.5213394
-0.1816125 0.7927114 -0.2586531 0.5212716
-0.1822295 0.7942984 -0.2534704 0.5211865
-0.1828586 0.7959065 -0.2481302 0.5210827
-0.1834982 0.7975305 -0.242642 0.5209591
-0.1841466 0.7991657 -0.2370156 0.5208147
-0.1848022 0.8008069 -0.2312608 0.5206485
-0.1854635 0.8024496 -0.2253877 0.5204598
-0.1861287 0.8040891 -0.2194065 0.5202477
-0.1867965 0.805721 -0.2133275 0.5200117
-0.1874652 0.807341 -0.2071611 0.5197514
-0.1881335 0.8089452 -0.2009181 0.5194665
-0.1887999 0.8105296 -0.194609 0.5191569
-0.189463 0.8120905 -0.1882448 0.5188224
-0.1901216 0.8136247 -0.1818364 0.5184633
-0.1907743 0.8151289 -0.1753949 0.5180798
-0.19142 0.8166001 -0.1689315 0.5176725
-0.1920575 0.8180357 -0.1624573 0.5172419
-0.1926857 0.8194332 -0.1559836 0.5167888
-0.1933036 0.8207903 -0.1495217 0.5163141
-0.19391 0.8221052 -0.143083 0.515819
-0.1945043 0.8233761 -0.1366788 0.5153046
-0.1950855 0.8246015 -0.1303205 0.5147724
-0.1956527 0.8257803 -0.1240193 0.5142238
-0.1962053 0.8269116 -0.1177866 0.5136605
-0.1967426 0.8279945 -0.1116336 0.5130844
-0.197264 0.8290285 -0.1055715 0.5124972
-0.1977688 0.8300134 -0.09961151 0.5119012
-0.1982567 0.8309492 -0.09376452 0.5112984
-0.1987271 0.8318359 -0.08804166 0.5106911
-0.1991796 0.8326738 -0.08245372 0.5100815
-0.1996139 0.8334635 -0.07701154 0.5094724
-0.2000296 0.8342057 -0.07172575 0.5088659
-0.2004265 0.834901 -0.06660701 0.5082647
-0.2008044 0.8355505 -0.06166574 0.5076715
-0.2011629 0.8361552 -0.05691237 0.5070888
-0.201502 0.8367161 -0.05235715 0.5065195
-0.2018215 0.8372344 -0.04801027 0.5059662
-0.2021212 0.8377113 -0.0438819 0.5054316
-0.202401 0.8381483 -0.039982 0.5049186
-0.2026608 0.8385465 -0.0363206 0.5044298
-0.2029003 0.8389071 -0.03290752 0.5039678
-0.2031196 0.8392314 -0.02975263 0.5035354
-0.2033183 0.8395206 -0.02686582 0.5031353
-0.2034964 0.8397757 -0.02425677 0.50277
-0.2036537 0.8399976 -0.02193535 0.502442
-0.2037899 0.8401874 -0.01991132 0.5021538
-0.2039047 0.8403456 -0.01819448 0.5019076
-0.2039979 0.8404726 -0.01679471 0.5017058
-0.204069 0.8405688 -0.01572194 0.5015504
-0.2041176 0.8406342 -0.0149861 0.5014436
-0.2041433 0.8406685 -0.01459729 0.5013869
-0.2041474 0.840674 -0.0145348 0.5013778
-0.2041273 0.8408852 -0.01444212 0.5010345
-0.2040673 0.8415101 -0.01416744 0.5000166
-0.203968 0.8425354 -0.01371548 0.4983403
-0.2038294 0.8439471 -0.01309066 0.4960198
-0.2036511 0.8457301 -0.01229711 0.4930676
-0.2034324 0.8478689 -0.0113387 0.4894946
-0.2031723 0.8503472 -0.01021913 0.4853105
-0.2028694 0.8531477 -0.00894194 0.4805237
-0.2025223 0.8562527 -0.007510572 0.4751417
-0.202129 0.8596433 -0.005928406 0.4691716
-0.2016877 0.8633003 -0.004198818 0.4626198
-0.2011961 0.8672032 -0.00232521 0.4554924
-0.2006521 0.871331 -0.000311076 0.4477957
-0.2000532 0.8756617 0.001839972 0.439536
-0.1993971 0.8801727 0.004124149 0.4307202
-0.1986813 0.8848404 0.00653746 0.4213556
-0.1979033 0.8896406 0.009075671 0.4114505
-0.1970609 0.8945485 0.01173424 0.4010143
-0.1961516 0.8995384 0.01450832 0.3900574
-0.1951735 0.9045845 0.01739272 0.3785919
-0.1941246 0.9096602 0.0203819 0.3666313
-0.193003 0.9147391 0.02346988 0.354191
-0.1918076 0.9197945 0.02665031 0.3412883
-0.190537 0.9247997 0.02991647 0.3279424
-0.1891906 0.9297284 0.03326117 0.3141747
-0.187768 0.9345549 0.03667688 0.3000087
-0.1862693 0.939254 0.04015569 0.2854702
-0.1846951 0.9438018 0.04368934 0.2705869
-0.1830465 0.9481751 0.04726927 0.255389
-0.1813252 0.9523527 0.05088663 0.2399084
-0.1795332 0.9563147 0.05453239 0.2241791
-0.1776732 0.9600431 0.05819735 0.2082367
-0.1757485 0.9635221 0.06187218 0.1921183
-0.1737629 0.966738 0.06554754 0.1758627
-0.1717207 0.9696795 0.06921412 0.1595092
-0.1696267 0.9723378 0.07286274 0.1430983
-0.1674862 0.9747067 0.07648434 0.1266707
-0.1653048 0.9767826 0.08007009 0.1102676
-0.1630887 0.9785644 0.0836115 0.09393
-0.1608443 0.9800539 0.08710039 0.07769837
-0.1585782 0.981255 0.09052902 0.06161264
-0.1562974 0.9821742 0.09389004 0.04571184
-0.154009 0.9828204 0.09717663 0.03003375
-0.1517202 0.9832044 0.1003824 0.01461492
-0.1494383 0.9833389 0.1035016 -0.0005098475
-0.1471705 0.9832386 0.1065289 -0.01530731
-0.144924 0.9829195 0.1094596 -0.02974608
-0.142706 0.9823991 0.1122894 -0.04379655
-0.1405235 0.9816958 0.1150145 -0.05743102
-0.1383834 0.9808288 0.1176318 -0.07062372
-0.1362923 0.9798183 0.1201383 -0.08335092
-0.1342567 0.9786846 0.1225318 -0.09559034
-0.132283 0.9774486 0.1248103 -0.1073217
-0.130377 0.9761309 0.126972 -0.1185261
-0.1285446 0.9747524 0.1290155 -0.1291863
-0.1267914 0.9733335 0.1309398 -0.1392862
-0.1251226 0.9718944 0.1327438 -0.1488109
-0.1235435 0.9704548 0.1344269 -0.1577465
-0.1220589 0.9690338 0.1359882 -0.1660796
-0.1206736 0.9676498 0.1374272 -0.1737977
-0.119392 0.9663205 0.1387431 -0.1808885
-0.1182188 0.9650629 0.1399353 -0.1873397
-0.117158 0.9638929 0.1410029 -0.1931393
-0.116214 0.9628256 0.1419449 -0.1982746
-0.1153909 0.9618753 0.1427602 -0.2027327
-0.1146926 0.9610547 0.1434474 -0.2064999
-0.1141233 0.9603762 0.1440046 -0.2095618
-0.1136871 0.9598504 0.1444298 -0.2119023
-0.1133879 0.9594868 0.1447206 -0.2135049
-0.1132298 0.9592937 0.1448739 -0.2143506
-0.1132044 0.9592627 0.1448985 -0.2144864
0.1131244 -0.9592651 -0.14488 0.2145301
0.1128878 -0.9592723 -0.1448252 0.2146593
0.1124988 -0.9592841 -0.1447351 0.2148716
0.1119622 -0.9593 -0.1446107 0.2151645
0.1112823 -0.9593196 -0.1444531 0.2155354
0.1104636 -0.9593424 -0.1442633 0.2159817
0.1095107 -0.9593678 -0.1440421 0.216501
0.1084279 -0.9593953 -0.1437906 0.2170906
0.1072197 -0.9594241 -0.1435098 0.2177479
0.1058907 -0.9594537 -0.1432007 0.2184704
0.1044451 -0.9594833 -0.1428641 0.2192555
0.1028875 -0.9595121 -0.142501 0.2201006
0.1012223 -0.9595394 -0.1421124 0.221003
0.09945399 -0.9595644 -0.1416994 0.2219602
0.097587 -0.9595865 -0.1412627 0.2229696
0.09562579 -0.9596048 -0.1408033 0.2240285
0.09357487 -0.9596186 -0.1403223 0.2251343
0.09143873 -0.9596273 -0.1398206 0.2262844
0.08922187 -0.9596301 -0.1392992 0.2274762
0.08692879 -0.9596262 -0.138759 0.228707
0.08456406 -0.9596152 -0.138201 0.2299742
0.08213221 -0.9595963 -0.1376264 0.2312753
0.07963783 -0.959569 -0.1370359 0.2326075
0.07708546 -0.9595329 -0.1364307 0.2339684
0.07447974 -0.9594873 -0.1358118 0.2353552
0.07182529 -0.9594319 -0.1351802 0.2367654
0.0691267 -0.9593664 -0.134537 0.2381963
0.06638863 -0.9592903 -0.1338832 0.2396455
0.06361577 -0.9592035 -0.1332198 0.2411103
0.06081276 -0.9591058 -0.1325481 0.2425881
0.05798429 -0.958997 -0.1318689 0.2440764
0.05513505 -0.958877 -0.1311835 0.2455727
0.05226976 -0.9587459 -0.130493 0.2470744
0.04939313 -0.9586037 -0.1297984 0.2485791
0.0465099 -0.9584507 -0.1291009 0.2500841
0.04362475 -0.9582869 -0.1284017 0.2515872
0.04074242 -0.9581128 -0.1277018 0.2530856
0.03786767 -0.9579284 -0.1270025 0.2545772
0.03500522 -0.9577345 -0.1263048 0.2560594
0.03215978 -0.9575314 -0.1256101 0.2575297
0.0293361 -0.9573196 -0.1249194 0.2589859
0.0265389 -0.9570999 -0.1242339 0.2604256
0.0237729 -0.9568728 -0.1235549 0.2618464
0.02104282 -0.9566391 -0.1228835 0.2632461
0.01835334 -0.9563997 -0.122221 0.2646222
0.0157092 -0.9561553 -0.1215686 0.2659726
0.01311504 -0.9559069 -0.1209274 0.267295
0.01057556 -0.9556555 -0.1202987 0.2685872
0.008095416 -0.955402 -0.1196837 0.2698468
0.005679283 -0.9551476 -0.1190837 0.2710719
0.003331763 -0.9548933 -0.1184998 0.2722601
0.001057518 -0.9546403 -0.1179333 0.2734092
-0.001138852 -0.9543897 -0.1173855 0.2745173
-0.003252734 -0.9541427 -0.1168575 0.2755821
-0.005279533 -0.9539006 -0.1163506 0.2766015
-0.007214698 -0.9536645 -0.115866 0.2775734
-0.009053609 -0.9534358 -0.115405 0.2784957
-0.01079174 -0.9532157 -0.1149688 0.2793663
-0.01242453 -0.9530054 -0.1145586 0.2801831
-0.01394741 -0.9528063 -0.1141756 0.2809441
-0.01535587 -0.9526195 -0.1138211 0.2816472
-0.01664533 -0.9524462 -0.1134962 0.2822902
-0.01781131 -0.9522877 -0.1132022 0.2828711
-0.01884923 -0.9521452 -0.1129404 0.2833878
-0.01975455 -0.9520198 -0.1127119 0.2838382
-0.02052277 -0.9519125 -0.1125178 0.2842202
-0.02114931 -0.9518245 -0.1123595 0.2845315
-0.02162958 -0.9517567 -0.1122381 0.28477
-0.02195909 -0.95171 -0.1121548 0.2849337
-0.02213321 -0.9516852 -0.1121108 0.2850201
-0.0221612 -0.9516813 -0.1121037 0.285034
0.02223234 0.9517853 0.1123116 -0.2845989
0.02244326 0.9520924 0.1129281 -0.2833084
0.02279042 0.9525934 0.1139425 -0.2811822
0.02327065 0.9532776 0.1153452 -0.2782371
0.023881 0.954132 0.1171273 -0.274487
0.02461879 0.9551423 0.1192804 -0.2699435
0.02548152 0.9562921 0.1217964 -0.2646163
0.02646683 0.9575638 0.1246677 -0.2585132
0.02757245 0.9589378 0.1278869 -0.2516406
0.02879613 0.960393 0.1314465 -0.2440041
0.03013564 0.9619064 0.135339 -0.2356085
0.03158867 0.9634537 0.1395564 -0.2264581
0.03315281 0.9650086 0.1440907 -0.2165574
0.03482546 0.9665437 0.1489329 -0.2059114
0.03660382 0.9680296 0.1540737 -0.1945257
0.0384848 0.9694356 0.1595025 -0.1824073
0.04046499 0.97073 0.1652082 -0.1695645
0.04254062 0.9718795 0.1711782 -0.1560081
0.04470749 0.9728503 0.1773987 -0.1417509
0.04696093 0.9736076 0.1838548 -0.1268087
0.0492958 0.9741164 0.1905301 -0.1112003
0.05170642 0.9743418 0.1974064 -0.09494834
0.05418659 0.9742494 0.2044644 -0.078079
0.05672959 0.9738054 0.2116833 -0.06062258
0.05932815 0.9729776 0.2190406 -0.04261377
0.06197447 0.971736 0.2265126 -0.02409144
0.06466032 0.9700527 0.2340745 -0.005098929
0.06737703 0.9679031 0.2417002 0.01431634
0.07011559 0.9652662 0.2493631 0.03410273
0.07286667 0.9621252 0.2570356 0.05420476
0.07562084 0.9584679 0.2646904 0.07456385
0.07836848 0.9542871 0.2722996 0.09511828
0.08110011 0.9495809 0.2798362 0.1158043
0.08380631 0.9443531 0.2872736 0.1365565
0.08647795 0.9386132 0.2945861 0.1573085
0.08910631 0.9323761 0.3017498 0.1779944
0.09168309 0.9256625 0.3087421 0.1985483
0.0942006 0.9184985 0.3155424 0.2189061
0.0966518 0.9109145 0.3221322 0.2390062
0.0990304 0.9029462 0.3284955 0.2587895
0.1013308 0.8946323 0.3346184 0.2782006
0.1035484 0.8860157 0.3404898 0.297188
0.1056792 0.8771412 0.3461009 0.3157048
0.1077202 0.8680561 0.3514452 0.3337083
0.1096691 0.8588089 0.356519 0.3511612
0.1115243 0.8494489 0.3613204 0.3680306
0.1132853 0.8400252 0.3658498 0.384289
0.1149517 0.8305871 0.3701093 0.3999129
0.1165241 0.8211824 0.374103 0.4148837
0.1180035 0.8118582 0.3778359 0.4291869
0.1193914 0.8026596 0.3813148 0.4428117
0.1206897 0.7936301 0.384547 0.455751
0.1219005 0.7848109 0.3875409 0.4680002
0.1230261 0.7762414 0.3903052 0.4795579
0.1240693 0.7679585 0.3928493 0.4904244
0.1250325 0.7599971 0.3951824 0.5006018
0.1259185 0.7523901 0.397314 0.5100935
0.1267301 0.7451679 0.3992533 0.5189037
0.1274698 0.7383595 0.4010093 0.5270373
0.1281402 0.7319918 0.4025906 0.5344989
0.1287436 0.7260903 0.4040051 0.5412929
0.1292823 0.7206789 0.4052604 0.5474231
0.1297581 0.7157805 0.4063633 0.5528924
0.1301728 0.7114168 0.4073196 0.5577024
0.1305278 0.7076088 0.4081344 0.5618529
0.1308241 0.7043767 0.4088118 0.5653419
0.1310625 0.7017404 0.4093548 0.5681652
0.1312432 0.6997194 0.4097655 0.570316
0.1313662 0.6983328 0.4100443 0.5717848
0.1314309 0.6976001 0.4101908 0.5725588
0.1314413 0.6974824 0.4102143 0.572683
-0.1314023 -0.6977525 -0.4101884 -0.5723812
-0.1312867 -0.6985527 -0.4101115 -0.5714862
-0.1310962 -0.6998668 -0.4099837 -0.5700121
-0.130832 -0.7016784 -0.4098043 -0.5679708
-0.1304951 -0.7039711 -0.4095721 -0.5653729
-0.1300862 -0.7067278 -0.409285 -0.5622271
-0.1296058 -0.709931 -0.4089407 -0.5585409
-0.1290542 -0.7135627 -0.4085359 -0.5543211
-0.1284314 -0.7176045 -0.4080672 -0.5495729
-0.1277374 -0.7220374 -0.4075306 -0.5443015
-0.1269719 -0.7268416 -0.4069217 -0.538511
-0.1261348 -0.7319968 -0.406236 -0.5322058
-0.1252257 -0.7374819 -0.4054686 -0.5253897
-0.1242442 -0.7432749 -0.4046141 -0.5180667
-0.1231901 -0.7493532 -0.4036677 -0.5102414
-0.122063 -0.7556934 -0.4026238 -0.5019186
-0.1208628 -0.7622708 -0.4014772 -0.4931038
-0.1195894 -0.7690606 -0.4002229 -0.4838037
-0.1182428 -0.7760366 -0.3988554 -0.4740256
-0.1168233 -0.7831722 -0.3973702 -0.4637785
-0.1153313 -0.7904403 -0.3957626 -0.4530726
-0.1137676 -0.7978129 -0.3940285 -0.4419197
-0.1121332 -0.8052618 -0.3921643 -0.4303334
-0.1104292 -0.8127584 -0.3901668 -0.418329
-0.1086574 -0.8202739 -0.3880336 -0.405924
-0.1068197 -0.8277798 -0.385763 -0.3931376
-0.1049184 -0.8352475 -0.3833541 -0.3799914
-0.1029562 -0.8426492 -0.3808067 -0.3665086
-0.1009362 -0.8499576 -0.3781218 -0.3527148
-0.09886183 -0.8571464 -0.3753012 -0.3386376
-0.09673698 -0.8641902 -0.3723477 -0.3243062
-0.09456583 -0.8710651 -0.369265 -0.3097519
-0.09235293 -0.8777488 -0.3660582 -0.2950072
-0.0901032 -0.8842208 -0.3627331 -0.2801066
-0.0878218 -0.8904622 -0.3592967 -0.2650853
-0.08551419 -0.8964567 -0.3557568 -0.2499796
-0.08318605 -0.9021898 -0.3521223 -0.2348268
-0.08084325 -0.9076495 -0.3484026 -0.2196643
-0.07849184 -0.9128261 -0.3446085 -0.20453
-0.07613795 -0.9177125 -0.340751 -0.1894615
-0.07378773 -0.9223037 -0.3368418 -0.1744963
-0.07144743 -0.9265972 -0.3328933 -0.1596713
-0.06912322 -0.9305931 -0.328918 -0.1450225
-0.06682123 -0.9342932 -0.324929 -0.130585
-0.06454746 -0.9377016 -0.3209395 -0.1163928
-0.0623078 -0.9408244 -0.3169627 -0.1024784
-0.06010797 -0.9436695 -0.3130121 -0.08887298
-0.05795352 -0.9462462 -0.3091008 -0.07560627
-0.05584975 -0.9485652 -0.3052421 -0.06270624
-0.05380179 -0.9506388 -0.3014487 -0.05019949
-0.05181452 -0.9524797 -0.2977334 -0.03811062
-0.0498926 -0.954102 -0.2941085 -0.02646315
-0.04804044 -0.95552 -0.290586 -0.0152787
-0.04626224 -0.9567486 -0.2871775 -0.004577603
-0.04456199 -0.9578031 -0.2838942 0.005621018
-0.04294346 -0.9586985 -0.2807471 0.01529956
-0.04141025 -0.9594502 -0.2777464 0.02444111
-0.03996576 -0.9600732 -0.2749023 0.03302994
-0.03861331 -0.960582 -0.2722244 0.041051
-0.03735604 -0.9609908 -0.2697222 0.04848984
-0.03619699 -0.9613132 -0.2674044 0.0553324
-0.03513917 -0.961562 -0.26528 0.06156482
-0.0341855 -0.9617494 -0.2633573 0.06717335
-0.03333889 -0.9618866 -0.2616446 0.07214415
-0.03260228 -0.9619837 -0.2601499 0.07646294
-0.03197861 -0.9620497 -0.2588812 0.08011505
-0.03147092 -0.9620925 -0.2578462 0.08308499
-0.03108233 -0.9621186 -0.2570527 0.08535641
-0.03081603 -0.9621332 -0.2565082 0.08691207
-0.03067541 -0.9621398 -0.2562205 0.08773324
-0.03065281 -0.9621408 -0.2561743 0.08786518
0.03070755 0.9621204 0.2561332 -0.08818933
0.03086974 0.9620591 0.2560112 -0.08914965
0.03113636 0.9619563 0.2558103 -0.0907286
0.03150449 0.9618103 0.2555315 -0.09290908
0.03197125 0.9616181 0.2551762 -0.09567448
0.03253384 0.9613761 0.2547448 -0.09900854
0.03318945 0.9610797 0.254238 -0.1028953
0.03393532 0.9607235 0.253656 -0.107319
0.03476868 0.9603018 0.2529989 -0.1122639
0.03568676 0.959808 0.2522666 -0.1177143
0.03668679 0.9592351 0.251459 -0.1236545
0.03776591 0.9585759 0.2505757 -0.1300685
0.03892126 0.9578227 0.2496164 -0.1369402
0.0401499 0.9569675 0.2485807 -0.1442529
0.04144882 0.9560024 0.2474683 -0.1519899
0.04281494 0.9549193 0.2462788 -0.1601336
0.04424507 0.9537103 0.245012 -0.1686662
0.04573594 0.9523674 0.2436678 -0.1775691
0.04728417 0.9508829 0.242246 -0.1868232
0.04888629 0.9492496 0.2407469 -0.1964087
0.0505387 0.9474605 0.2391708 -0.2063051
0.05223769 0.9455093 0.2375182 -0.2164914
0.05397949 0.9433902 0.23579 -0.2269456
0.05576017 0.9410981 0.233987 -0.2376453
0.05757574 0.9386287 0.2321109 -0.2485674
0.05942211 0.9359787 0.2301631 -0.2596881
0.06129512 0.9331456 0.2281457 -0.2709832
0.06319056 0.9301279 0.2260609 -0.282428
0.06510414 0.9269254 0.2239114 -0.2939973
0.06703155 0.923539 0.2217003 -0.3056658
0.0689685 0.9199705 0.2194309 -0.3174078
0.07091063 0.9162234 0.2171069 -0.3291976
0.07285365 0.912302 0.2147324 -0.3410095
0.07479332 0.9082122 0.2123118 -0.3528176
0.0767254 0.9039611 0.2098497 -0.3645968
0.0786458 0.8995567 0.2073512 -0.3763219
0.08055048 0.8950086 0.2048216 -0.3879682
0.08243553 0.8903274 0.2022665 -0.3995119
0.08429717 0.8855248 0.1996917 -0.4109295
0.08613175 0.8806136 0.1971031 -0.4221982
0.08793582 0.8756076 0.1945069 -0.4332965
0.08970603 0.8705211 0.1919095 -0.4442033
0.09143928 0.8653698 0.1893172 -0.4548989
0.0931326 0.8601697 0.1867366 -0.4653642
0.09478327 0.8549376 0.1841743 -0.4755815
0.09638869 0.8496906 0.1816369 -0.4855339
0.0979465 0.8444464 0.1791309 -0.495206
0.09945451 0.8392229 0.1766628 -0.5045829
0.1009107 0.8340385 0.1742393 -0.5136512
0.1023132 0.8289113 0.1718667 -0.5223982
0.1036605 0.8238598 0.1695514 -0.5308124
0.1049509 0.8189023 0.1672997 -0.5388832
0.1061831 0.8140572 0.1651176 -0.5466007
0.1073559 0.8093424 0.1630111 -0.5539558
0.108468 0.8047761 0.1609862 -0.56094
0.1095186 0.8003757 0.1590485 -0.5675457
0.1105065 0.7961588 0.1572037 -0.5737653
0.111431 0.7921423 0.1554572 -0.579592
0.1122911 0.788343 0.1538143 -0.5850191
0.113086 0.7847772 0.1522804 -0.5900399
0.1138149 0.7814608 0.1508605 -0.5946482
0.1144768 0.7784094 0.1495597 -0.5988371
0.1150709 0.7756382 0.1483828 -0.6026
0.1155962 0.7731619 0.1473347 -0.6059297
0.1160517 0.7709947 0.1464202 -0.6088187
0.1164363 0.7691508 0.1456441 -0.6112589
0.1167485 0.7676436 0.145011 -0.6132413
0.116987 0.7664861 0.1445257 -0.6147564
0.1171503 0.765691 0.1441927 -0.6157935
0.1172364 0.7652705 0.1440167 -0.6163407
0.1172502 0.7652029 0.1439884 -0.6164286
-0.1172839 -0.765308 -0.1437115 0.6163564
-0.1173838 -0.7656188 -0.142891 0.6161421
-0.1175477 -0.7661285 -0.1415418 0.6157886
-0.1177737 -0.7668296 -0.139678 0.6152982
-0.1180596 -0.7677139 -0.1373134 0.6146725
-0.1184032 -0.7687732 -0.1344613 0.6139125
-0.1188022 -0.7699985 -0.1311346 0.6130189
-0.1192545 -0.7713804 -0.1273459 0.6119916
-0.1197576 -0.7729093 -0.1231078 0.6108304
-0.1203092 -0.7745751 -0.1184327 0.6095349
-0.1209069 -0.7763675 -0.1133328 0.6081042
-0.1215481 -0.7782758 -0.1078207 0.6065373
-0.1222303 -0.7802891 -0.1019088 0.6048332
-0.122951 -0.7823963 -0.09560984 0.6029909
-0.1237074 -0.7845859 -0.08893692 0.601009
-0.1244969 -0.7868465 -0.08190333 0.5988864
-0.1253168 -0.7891665 -0.07452279 0.5966225
-0.1261642 -0.7915341 -0.06680948 0.5942161
-0.1270365 -0.7939377 -0.05877802 0.5916671
-0.1279308 -0.7963654 -0.05044358 0.5889748
-0.1288442 -0.7988057 -0.04182183 0.5861395
-0.1297739 -0.8012471 -0.03292913 0.5831618
-0.1307169 -0.803678 -0.02378229 0.5800423
-0.1316705 -0.8060877 -0.01439872 0.5767826
-0.1326319 -0.8084651 -0.004796497 0.5733846
-0.133598 -0.8108 0.005005777 0.5698507
-0.1345664 -0.8130823 0.01498895 0.5661841
-0.135534 -0.8153025 0.02513343 0.5623884
-0.1364984 -0.8174518 0.03541908 0.5584679
-0.1374569 -0.8195215 0.04582532 0.5544276
-0.1384071 -0.8215045 0.05633133 0.5502732
-0.1393465 -0.8233935 0.06691584 0.5460109
-0.1402728 -0.8251824 0.0775575 0.5416479
-0.1411838 -0.8268659 0.08823466 0.5371914
-0.1420776 -0.8284393 0.09892569 0.53265
-0.1429523 -0.829899 0.109609 0.5280324
-0.143806 -0.8312421 0.120263 0.523348
-0.1446373 -0.8324668 0.1308662 0.5186068
-0.1454446 -0.833572 0.1413976 0.5138193
-0.1462268 -0.8345576 0.1518363 0.5089962
-0.1469827 -0.8354242 0.1621618 0.504149
-0.1477114 -0.8361733 0.1723541 0.4992892
-0.148412 -0.8368074 0.1823938 0.4944289
-0.1490841 -0.8373294 0.1922618 0.4895803
-0.1497271 -0.8377434 0.20194 0.4847557
-0.1503408 -0.8380538 0.2114106 0.4799678
-0.1509249 -0.8382659 0.2206566 0.4752291
-0.1514795 -0.8383853 0.2296616 0.4705525
-0.1520047 -0.8384184 0.2384099 0.4659506
-0.1525006 -0.8383718 0.2468865 0.4614362
-0.1529676 -0.8382528 0.2550772 0.4570217
-0.1534061 -0.8380687 0.2629682 0.4527197
-0.1538167 -0.8378273 0.2705465 0.4485426
-0.1541997 -0.8375365 0.2777994 0.4445027
-0.154556 -0.8372043 0.2847149 0.4406118
-0.154886 -0.836839 0.2912818 0.436882
-0.1551905 -0.8364486 0.2974885 0.4333247
-0.1554703 -0.8360412 0.3033246 0.4299515
-0.1557259 -0.8356249 0.3087795 0.4267736
-0.1559581 -0.8352076 0.3138427 0.423802
-0.1561675 -0.8347968 0.3185042 0.4210475
-0.1563547 -0.8344002 0.3227537 0.4185207
-0.1565204 -0.8340247 0.326581 0.416232
-0.1566649 -0.833677 0.3299758 0.4141917
-0.1567887 -0.8333635 0.3329275 0.4124098
-0.1568921 -0.8330901 0.3354251 0.4108963
-0.1569754 -0.8328621 0.3374573 0.4096609
-0.1570385 -0.8326843 0.3390123 0.4087132
-0.1570815 -0.8325608 0.3400776 0.4080627
-0.1571041 -0.832495 0.3406401 0.407719
-0.1571077 -0.8324844 0.3407304 0.4076637
0.1571285 0.8323458 -0.3411143 -0.4076176
0.15719 0.8319343 -0.3422517 -0.4074806
0.1572906 0.8312545 -0.3441219 -0.4072539
0.1574285 0.8303095 -0.3467047 -0.4069379
0.157602 0.8291002 -0.3499803 -0.406532
0.1578089 0.8276265 -0.3539296 -0.4060353
0.1580468 0.8258865 -0.3585336 -0.405446
0.1583135 0.8238774 -0.3637733 -0.4047617
0.1586061 0.821595 -0.3696299 -0.4039796
0.1589222 0.8190346 -0.3760842 -0.4030966
0.1592586 0.8161904 -0.3831168 -0.4021088
0.1596124 0.8130561 -0.3907079 -0.4010125
0.1599805 0.8096251 -0.3988367 -0.3998035
0.1603595 0.8058901 -0.4074822 -0.3984773
0.1607461 0.8018443 -0.4166221 -0.3970296
0.1611366 0.7974803 -0.4262333 -0.3954558
0.1615277 0.7927914 -0.4362916 -0.3937516
0.1619156 0.787771 -0.4467715 -0.3919125
0.1622966 0.7824133 -0.4576465 -0.3899347
0.162667 0.7767131 -0.4688885 -0.3878142
0.1630231 0.7706663 -0.4804685 -0.3855477
0.1633613 0.7642699 -0.4923558 -0.3831323
0.1636778 0.7575223 -0.5045189 -0.3805656
0.1639692 0.7504234 -0.5169247 -0.3778459
0.1642321 0.7429748 -0.5295394 -0.3749725
0.1644633 0.7351798 -0.5423278 -0.371945
0.1646597 0.7270439 -0.5552543 -0.3687642
0.1648185 0.7185744 -0.5682827 -0.3654319
0.1649373 0.7097811 -0.5813761 -0.3619508
0.1650138 0.7006758 -0.5944976 -0.3583246
0.1650461 0.6912727 -0.6076104 -0.3545581
0.1650328 0.6815881 -0.6206781 -0.3506573
0.1649728 0.6716408 -0.6336648 -0.3466291
0.1648652 0.6614513 -0.6465355 -0.3424816
0.1647099 0.6510425 -0.6592565 -0.3382237
0.1645069 0.6404392 -0.6717954 -0.3338654
0.1642569 0.6296678 -0.6841215 -0.3294177
0.1639608 0.6187562 -0.696206 -0.3248922
0.16362 0.6077337 -0.7080221 -0.3203015
0.1632363 0.5966309 -0.7195452 -0.3156585
0.1628119 0.5854789 -0.7307531 -0.3109769
0.1623494 0.5743099 -0.741626 -0.3062707
0.1618515 0.5631559 -0.7521467 -0.3015542
0.1613214 0.5520497 -0.7623001 -0.2968419
0.1607625 0.5410235 -0.7720741 -0.2921484
0.1601784 0.5301094 -0.7814585 -0.2874884
0.1595729 0.5193391 -0.7904457 -0.2828763
0.1589498 0.5087437 -0.7990302 -0.2783263
0.1583132 0.4983535 -0.8072085 -0.2738526
0.1576672 0.4881977 -0.8149789 -0.2694688
0.1570159 0.4783048 -0.8223416 -0.2651882
0.1563635 0.4687021 -0.8292981 -0.2610238
0.1557139 0.4594158 -0.8358513 -0.2569881
0.1550715 0.4504711 -0.8420051 -0.2530929
0.15444 0.4418921 -0.8477643 -0.24935
0.1538235 0.4337018 -0.8531343 -0.2457702
0.1532258 0.425922 -0.8581211 -0.2423643
0.1526505 0.4185741 -0.8627308 -0.2391425
0.1521013 0.4116781 -0.8669696 -0.2361145
0.1515817 0.4052535 -0.8708435 -0.2332898
0.151095 0.3993191 -0.8743584 -0.2306775
0.1506443 0.3938932 -0.8775191 -0.2282864
0.1502327 0.3889936 -0.8803304 -0.2261252
0.1498632 0.3846377 -0.8827957 -0.2242021
0.1495386 0.3808431 -0.8849176 -0.2225254
0.1492615 0.3776268 -0.8866974 -0.2211035
0.1490343 0.3750063 -0.888135 -0.2199442
0.1488595 0.3729991 -0.8892283 -0.219056
0.1487393 0.3716228 -0.8899742 -0.2184467
0.1486756 0.3708959 -0.890367 -0.2181249
0.1486654 0.370779 -0.8904301 -0.2180731
0.1485928 0.3706573 -0.8905091 -0.218007
0.148378 0.3702964 -0.8907429 -0.2178109
0.1480248 0.3697032 -0.8911268 -0.2174886
0.1475371 0.368884 -0.8916555 -0.2170436
0.146919 0.3678453 -0.8923236 -0.2164793
0.146174 0.3665932 -0.8931257 -0.215799
0.145306 0.3651339 -0.8940558 -0.2150059
0.1443187 0.3634733 -0.8951084 -0.2141035
0.1432157 0.3616173 -0.8962772 -0.2130948
0.1420008 0.3595719 -0.8975562 -0.2119829
0.1406774 0.3573428 -0.8989391 -0.2107711
0.1392493 0.3549361 -0.9004197 -0.2094625
0.1377201 0.3523573 -0.9019915 -0.2080601
0.1360934 0.3496123 -0.9036481 -0.2065671
0.134373 0.3467072 -0.9053831 -0.2049868
0.1325625 0.3436477 -0.9071899 -0.2033222
0.1306656 0.3404401 -0.9090621 -0.2015766
0.1286862 0.3370902 -0.9109933 -0.1997533
0.1266281 0.3336043 -0.9129769 -0.1978555
0.1244951 0.3299886 -0.9150065 -0.1958867
0.1222912 0.3262495 -0.9170759 -0.1938503
0.1200204 0.3223935 -0.9191788 -0.1917497
0.1176867 0.3184272 -0.9213089 -0.1895886
0.1152943 0.3143573 -0.9234604 -0.1873705
0.1128474 0.3101908 -0.9256271 -0.1850992
0.1103501 0.3059345 -0.9278033 -0.1827784
0.1078068 0.3015956 -0.9299835 -0.1804121
0.1052218 0.2971814 -0.9321621 -0.178004
0.1025996 0.2926992 -0.9343339 -0.1755583
0.09994464 0.2881565 -0.9364938 -0.173079
0.09726147 0.2835609 -0.9386369 -0.1705702
0.0945547 0.2789203 -0.9407586 -0.1680362
0.0918289 0.2742424 -0.9428545 -0.1654812
0.08908878 0.2695352 -0.9449204 -0.1629096
0.08633904 0.2648067 -0.9469523 -0.1603257
0.08358442 0.2600651 -0.9489467 -0.1577339
0.08082967 0.2553186 -0.9509001 -0.1551389
0.0780796 0.2505754 -0.9528093 -0.152545
0.07533897 0.2458438 -0.9546716 -0.1499569
0.07261261 0.2411323 -0.9564842 -0.1473792
0.06990532 0.2364492 -0.9582449 -0.1448163
0.0672219 0.231803 -0.9599516 -0.1422731
0.06456716 0.227202 -0.9616024 -0.1397541
0.06194587 0.2226549 -0.9631958 -0.137264
0.0593628 0.21817 -0.9647305 -0.1348074
0.0568227 0.2137557 -0.9662054 -0.132389
0.05433026 0.2094205 -0.9676197 -0.1300133
0.0518902 0.2051727 -0.9689727 -0.1276852
0.04950716 0.2010208 -0.970264 -0.1254091
0.04718576 0.1969729 -0.9714934 -0.1231896
0.04493058 0.1930375 -0.9726609 -0.1210313
0.04274618 0.1892226 -0.9737664 -0.1189388
0.04063705 0.1855365 -0.9748104 -0.1169166
0.03860768 0.1819873 -0.9757931 -0.1149691
0.0366625 0.178583 -0.976715 -0.1131008
0.03480589 0.1753316 -0.9775767 -0.1113162
0.03304224 0.1722412 -0.9783787 -0.1096196
0.03137586 0.1693194 -0.9791216 -0.1080155
0.02981109 0.1665743 -0.9798063 -0.1065081
0.02835218 0.1640136 -0.9804332 -0.1051019
0.0270034 0.1616451 -0.9810031 -0.103801
0.02576902 0.1594766 -0.9815164 -0.1026098
0.02465325 0.1575156 -0.9819736 -0.1015325
0.02366036 0.15577 -0.9823751 -0.1005735
0.02279456 0.1542473 -0.9827211 -0.0997369
0.02206008 0.1529553 -0.9830115 -0.09902696
0.02146118 0.1519015 -0.9832463 -0.0984479
0.02100218 0.1510937 -0.983425 -0.098004
0.02068732 0.1505395 -0.983547 -0.09769946
0.02052095 0.1502467 -0.9836113 -0.09753853
0.02049421 0.1501996 -0.9836216 -0.09751265
0.02043672 0.1500676 -0.983638 -0.09756172
0.02026641 0.1496767 -0.9836867 -0.09770706
0.01998652 0.1490341 -0.9837663 -0.09794584
0.01960028 0.1481473 -0.9838751 -0.09827524
0.01911088 0.1470234 -0.9840115 -0.09869248
0.01852148 0.1456698 -0.9841737 -0.09919469
0.01783525 0.1440933 -0.9843593 -0.09977905
0.01705534 0.1423013 -0.9845663 -0.1004427
0.01618488 0.1403007 -0.9847923 -0.1011829
0.01522702 0.1380985 -0.9850348 -0.1019966
0.0141849 0.1357019 -0.9852915 -0.1028811
0.01306166 0.1331178 -0.9855595 -0.1038335
0.01186045 0.1303534 -0.9858365 -0.1048508
0.01058444 0.1274156 -0.9861197 -0.1059302
0.009236799 0.1243117 -0.9864064 -0.1070687
0.007820731 0.1210487 -0.986694 -0.1082635
0.006339442 0.1176339 -0.9869799 -0.1095116
0.004796177 0.1140745 -0.9872615 -0.1108099
0.003194183 0.1103778 -0.9875362 -0.1121557
0.001536746 0.1065512 -0.9878015 -0.1135458
-0.0001728342 0.1026022 -0.9880552 -0.1149774
-0.001931219 0.09853818 -0.9882948 -0.1164473
-0.003735059 0.09436678 -0.9885182 -0.1179526
-0.005580983 0.09009561 -0.9887233 -0.1194903
-0.007465576 0.0857324 -0.9889082 -0.1210574
-0.009385413 0.08128494 -0.989071 -0.1226508
-0.01133705 0.07676108 -0.9892102 -0.1242676
-0.01331703 0.07216868 -0.9893242 -0.1259046
-0.01532185 0.06751575 -0.9894118 -0.127559
-0.01734801 0.0628103 -0.9894717 -0.1292277
-0.01939201 0.05806039 -0.989503 -0.1309076
-0.02145033 0.05327415 -0.989505 -0.1325959
-0.02351942 0.04845972 -0.989477 -0.1342896
-0.02559576 0.0436253 -0.9894189 -0.1359857
-0.02767579 0.03877909 -0.9893302 -0.1376812
-0.029756 0.03392929 -0.989211 -0.1393734
-0.03183286 0.02908417 -0.9890618 -0.1410593
-0.03390282 0.02425194 -0.9888827 -0.1427361
-0.03596239 0.01944086 -0.9886744 -0.144401
-0.03800808 0.01465913 -0.988438 -0.1460512
-0.0400364 0.00991495 -0.9881742 -0.147684
-0.04204386 0.005216518 -0.9878844 -0.1492967
-0.04402707 0.0005719483 -0.98757 -0.1508866
-0.04598258 -0.004010628 -0.9872326 -0.1524512
-0.04790702 -0.008523182 -0.9868739 -0.1539877
-0.04979703 -0.01295766 -0.9864959 -0.1554938
-0.05164929 -0.01730614 -0.9861006 -0.156967
-0.05346048 -0.02156069 -0.9856902 -0.1584047
-0.05522733 -0.02571348 -0.9852671 -0.1598045
-0.05694661 -0.0297567 -0.9848339 -0.1611642
-0.05861511 -0.03368265 -0.984393 -0.1624813
-0.06022967 -0.03748363 -0.9839473 -0.1637536
-0.06178713 -0.04115209 -0.9834993 -0.1649789
-0.06328437 -0.04468044 -0.9830521 -0.1661548
-0.06471829 -0.04806117 -0.9826084 -0.1672792
-0.06608587 -0.05128692 -0.9821714 -0.16835
-0.067384 -0.0543502 -0.9817439 -0.1693649
-0.06860971 -0.05724374 -0.9813288 -0.1703219
-0.06975994 -0.05996018 -0.9809294 -0.1712188
-0.07083175 -0.06249227 -0.9805484 -0.1720535
-0.07182209 -0.06483274 -0.9801888 -0.172824
-0.07272799 -0.0669743 -0.9798536 -0.1735279
-0.0735465 -0.06890979 -0.9795455 -0.1741634
-0.07427458 -0.0706319 -0.9792674 -0.1747282
-0.07490926 -0.07213341 -0.9790216 -0.1752201
-0.07544751 -0.07340705 -0.9788109 -0.1756371
