-0.0843078 0.670303 0.1321404 0.7253447
-0.08411764 0.6704549 0.1319295 0.7252648
-0.08384873 0.6706694 0.1316313 0.7251518
-0.08350347 0.6709448 0.1312483 0.7250064
-0.08308423 0.6712787 0.1307833 0.7248294
-0.0825934 0.6716691 0.1302388 0.7246218
-0.08203337 0.6721139 0.1296176 0.7243844
-0.08140648 0.6726109 0.1289221 0.7241178
-0.08071514 0.6731581 0.1281552 0.7238228
-0.07996172 0.6737532 0.1273192 0.7235002
-0.07914856 0.674394 0.1264169 0.7231507
-0.07827806 0.6750785 0.1254509 0.722775
-0.07735258 0.6758042 0.1244237 0.7223739
-0.07637449 0.6765691 0.1233381 0.721948
-0.0753462 0.677371 0.1221966 0.7214981
-0.07427005 0.6782077 0.1210019 0.7210248
-0.07314846 0.679077 0.1197566 0.7205291
-0.0719838 0.6799766 0.1184633 0.7200115
-0.07077847 0.6809046 0.1171247 0.7194729
-0.06953488 0.6818585 0.1157434 0.718914
-0.06825545 0.6828365 0.1143221 0.7183356
-0.06694255 0.6838362 0.1128634 0.7177386
-0.06559862 0.6848555 0.1113701 0.7171238
-0.0642261 0.6858923 0.1098448 0.716492
-0.06282742 0.6869448 0.1082901 0.7158442
-0.061405 0.6880106 0.1067089 0.7151812
-0.05996129 0.6890877 0.1051037 0.714504
-0.05849875 0.6901743 0.1034774 0.7138135
-0.05701981 0.6912681 0.1018326 0.7131109
-0.05552696 0.6923674 0.100172 0.7123971
-0.05402264 0.6934703 0.09849843 0.7116731
-0.05250933 0.6945747 0.0968146 0.7109401
-0.0509895 0.6956787 0.09512323 0.7101992
-0.04946562 0.6967805 0.09342711 0.7094515
-0.04794018 0.6978784 0.09172898 0.7086983
-0.04641566 0.6989705 0.09003159 0.7079409
-0.04489453 0.7000551 0.08833771 0.7071802
-0.04337929 0.7011304 0.08665013 0.7064179
-0.04187242 0.7021949 0.08497161 0.705655
-0.04037639 0.7032467 0.08330492 0.7048931
-0.03889371 0.7042843 0.08165284 0.7041334
-0.03742686 0.7053061 0.08001814 0.7033774
-0.03597831 0.7063105 0.07840361 0.7026264
-0.03455056 0.707296 0.07681202 0.7018822
-0.03314608 0.7082611 0.07524613 0.7011459
-0.03176735 0.7092043 0.07370875 0.7004192
-0.03041685 0.7101242 0.07220263 0.6997038
-0.02909704 0.7110193 0.07073054 0.6990008
-0.02781041 0.7118883 0.06929526 0.6983122
-0.02655941 0.7127297 0.06789954 0.6976393
-0.02534652 0.7135422 0.06654617 0.696984
-0.02417417 0.7143245 0.06523789 0.6963477
-0.02304485 0.7150754 0.06397747 0.6957321
-0.02196099 0.7157933 0.06276765 0.6951388
-0.02092504 0.7164771 0.06161118 0.6945695
-0.01993947 0.7171255 0.06051083 0.6940259
-0.01900668 0.7177372 0.05946933 0.6935096
-0.01812915 0.718311 0.05848942 0.6930221
-0.01730929 0.7188455 0.05757383 0.6925654
-0.01654955 0.7193395 0.05672532 0.6921409
-0.01585236 0.7197918 0.05594661 0.6917503
-0.01522017 0.7202009 0.05524043 0.6913953
-0.01465538 0.7205657 0.05460953 0.6910775
-0.01416044 0.7208849 0.05405661 0.6907984
-0.01373778 0.721157 0.05358443 0.6905597
-0.01338984 0.7213807 0.05319569 0.6903629
-0.01311904 0.7215546 0.05289314 0.6902096
-0.01292785 0.7216772 0.05267952 0.6901012
-0.01281868 0.7217473 0.05255754 0.6900393
-0.01279203 0.7217644 0.05252776 0.6900242
0.01287723 -0.7216821 -0.05247468 -0.6901128
0.0131296 -0.7214382 -0.05231741 -0.6903749
0.01354432 -0.7210369 -0.05205894 -0.6908054
0.0141166 -0.7204826 -0.05170222 -0.6913989
0.01484168 -0.7197791 -0.05125015 -0.6921496
0.01571482 -0.7189302 -0.05070563 -0.6930522
0.01673131 -0.7179396 -0.05007152 -0.6941007
0.01788641 -0.7168107 -0.04935068 -0.6952893
0.01917543 -0.715547 -0.04854594 -0.6966119
0.02059365 -0.7141517 -0.04766015 -0.6980628
0.02213636 -0.7126284 -0.04669613 -0.6996357
0.02379884 -0.7109801 -0.04565672 -0.7013247
0.02557634 -0.7092102 -0.04454476 -0.7031235
0.02746411 -0.7073217 -0.04336311 -0.7050258
0.02945737 -0.705318 -0.04211463 -0.7070255
0.03155132 -0.7032024 -0.0408022 -0.7091163
0.03374112 -0.7009783 -0.03942874 -0.7112921
0.03602188 -0.6986489 -0.03799715 -0.7135464
0.03838874 -0.6962177 -0.03651038 -0.715873
0.04083675 -0.6936885 -0.03497142 -0.7182658
0.04336096 -0.6910647 -0.03338326 -0.7207185
0.04595634 -0.6883501 -0.03174893 -0.7232249
0.04861789 -0.6855487 -0.03007149 -0.7257789
0.05134054 -0.6826644 -0.02835402 -0.7283745
0.05411917 -0.6797016 -0.02659963 -0.7310057
0.05694867 -0.6766644 -0.02481148 -0.7336665
0.05982387 -0.6735573 -0.02299272 -0.7363511
0.06273963 -0.670385 -0.02114654 -0.7390538
0.06569073 -0.6671521 -0.01927616 -0.741769
0.06867196 -0.6638637 -0.01738484 -0.744491
0.0716781 -0.6605249 -0.01547581 -0.7472146
0.07470392 -0.6571407 -0.01355236 -0.7499345
0.07774419 -0.6537168 -0.01161778 -0.7526455
0.08079366 -0.6502585 -0.009675357 -0.7553427
0.08384712 -0.6467717 -0.007728423 -0.7580213
0.08689937 -0.6432622 -0.005780269 -0.7606766
0.08994522 -0.6397359 -0.003834227 -0.7633041
0.09297946 -0.6361991 -0.001893616 -0.7658994
0.09599696 -0.632658 3.825825E-05 -0.7684585
0.09899262 -0.6291189 0.001958082 -0.7709773
0.1019613 -0.6255884 0.003862568 -0.7734521
0.1048981 -0.6220731 0.00574842 -0.7758792
0.1077979 -0.6185797 0.007612379 -0.778255
0.1106557 -0.6151149 0.009451183 -0.7805765
0.1134668 -0.6116858 0.01126161 -0.7828404
0.1162262 -0.6082991 0.01304045 -0.7850437
0.1189291 -0.6049621 0.01478452 -0.7871838
0.1215708 -0.6016816 0.01649065 -0.7892578
0.1241465 -0.5984648 0.01815571 -0.7912635
0.1266518 -0.595319 0.01977658 -0.7931983
0.1290819 -0.5922512 0.0213502 -0.7950602
0.1314324 -0.5892686 0.02287349 -0.7968469
0.1336987 -0.5863785 0.02434344 -0.7985564
0.1358765 -0.5835881 0.02575704 -0.8001869
0.1379613 -0.5809045 0.0271113 -0.8017367
0.1399488 -0.5783351 0.0284033 -0.8032037
0.1418347 -0.5758868 0.02963004 -0.8045864
0.1436147 -0.5735671 0.03078867 -0.8058832
0.1452845 -0.5713829 0.03187624 -0.8070923
0.1468399 -0.5693414 0.03288988 -0.8082121
0.1482767 -0.5674495 0.0338267 -0.8092409
0.1495907 -0.5657143 0.03468382 -0.8101771
0.1507775 -0.5641428 0.03545838 -0.8110189
0.151833 -0.5627419 0.03614749 -0.8117645
0.1527528 -0.5615185 0.03674828 -0.8124119
0.1535328 -0.5604792 0.03725786 -0.8129592
0.1541686 -0.5596309 0.03767331 -0.813404
0.1546557 -0.55898 0.03799168 -0.8137442
0.1549897 -0.5585334 0.03821006 -0.8139771
0.1551662 -0.5582972 0.03832545 -0.8141
0.1551946 -0.5582593 0.038344 -0.8141198
0.1551901 -0.5583056 0.03836016 -0.814088
0.1551767 -0.5584431 0.03840806 -0.8139941
0.1551546 -0.5586687 0.03848676 -0.8138397
0.1551242 -0.55898 0.03859533 -0.8136266
0.1550856 -0.5593742 0.03873285 -0.8133565
0.1550391 -0.5598485 0.03889839 -0.813031
0.1549849 -0.5604004 0.03909102 -0.8126519
0.1549232 -0.5610268 0.03930981 -0.8122207
0.1548543 -0.5617253 0.03955384 -0.8117391
0.1547785 -0.5624928 0.03982218 -0.8112088
0.1546957 -0.5633268 0.0401139 -0.8106313
0.1546065 -0.5642244 0.04042806 -0.8100082
0.1545109 -0.5651827 0.04076374 -0.8093412
0.1544091 -0.5661992 0.04112001 -0.8086318
0.1543014 -0.5672709 0.04149593 -0.8078817
0.1541881 -0.5683951 0.04189057 -0.8070925
0.1540692 -0.569569 0.042303 -0.8062657
0.1539451 -0.5707898 0.04273229 -0.805403
0.153816 -0.5720546 0.0431775 -0.8045059
0.1536821 -0.5733609 0.04363769 -0.8035764
0.1535436 -0.5747057 0.04411193 -0.8026157
0.1534008 -0.5760862 0.04459929 -0.8016257
0.1532538 -0.5774999 0.04509883 -0.8006081
0.153103 -0.5789437 0.04560962 -0.7995645
0.1529485 -0.5804152 0.04613072 -0.7984967
0.1527906 -0.5819115 0.04666119 -0.7974064
0.1526296 -0.5834298 0.04720009 -0.7962952
0.1524657 -0.5849675 0.04774651 -0.7951652
0.1522991 -0.5865218 0.04829948 -0.7940178
0.1521302 -0.5880902 0.04885809 -0.7928551
0.1519591 -0.5896698 0.04942141 -0.791679
0.1517861 -0.591258 0.04998848 -0.790491
0.1516116 -0.5928522 0.0505584 -0.7892933
0.1514358 -0.5944499 0.05113021 -0.7880877
0.151259 -0.5960483 0.05170301 -0.7868761
0.1510814 -0.5976448 0.05227584 -0.7856605
0.1509033 -0.5992368 0.0528478 -0.7844428
0.1507251 -0.6008219 0.05341795 -0.7832251
0.150547 -0.6023974 0.05398536 -0.7820093
0.1503693 -0.6039609 0.05454913 -0.7807975
0.1501924 -0.6055098 0.05510832 -0.7795918
0.1500165 -0.6070415 0.05566201 -0.7783942
0.1498419 -0.6085536 0.05620931 -0.7772068
0.1496691 -0.6100438 0.05674927 -0.7760317
0.1494982 -0.6115096 0.05728101 -0.7748711
0.1493296 -0.6129484 0.0578036 -0.7737272
0.1491637 -0.6143579 0.05831613 -0.772602
0.1490008 -0.6157358 0.05881771 -0.7714977
0.1488411 -0.6170796 0.05930743 -0.7704166
0.1486851 -0.6183869 0.05978439 -0.769361
0.1485331 -0.6196554 0.06024767 -0.7683328
0.1483854 -0.6208829 0.06069641 -0.7673345
0.1482423 -0.6220667 0.06112969 -0.7663683
0.1481042 -0.6232049 0.06154662 -0.7654363
0.1479715 -0.6242951 0.0619463 -0.7645409
0.1478444 -0.6253348 0.06232785 -0.7636843
0.1477234 -0.6263219 0.06269038 -0.7628687
0.1476088 -0.6272539 0.063033 -0.7620964
0.1475008 -0.6281288 0.06335482 -0.7613698
0.1473999 -0.6289441 0.06365495 -0.7606909
0.1473064 -0.6296976 0.06393251 -0.760062
0.1472207 -0.6303869 0.06418659 -0.7594856
0.1471431 -0.6310099 0.06441633 -0.7589637
0.1470739 -0.6315642 0.06462083 -0.7584986
0.1470134 -0.6320474 0.0647992 -0.7580925
0.1469621 -0.6324573 0.06495054 -0.7577476
0.1469201 -0.6327913 0.06507397 -0.7574661
0.146888 -0.6330475 0.06516859 -0.7572502
0.1468659 -0.6332231 0.06523351 -0.757102
0.1468543 -0.6333159 0.0652678 -0.7570238
0.1468524 -0.6333308 0.06527331 -0.7570111
-0.1467792 0.6337255 -0.06550814 0.7566748
-0.146562 0.634895 -0.06620472 0.7556751
-0.1462028 0.6368191 -0.06735271 0.7540224
-0.1457029 0.6394788 -0.06894357 0.751721
-0.1450624 0.6428557 -0.07097036 0.7487702
-0.1442803 0.6469324 -0.07342755 0.7451646
-0.1433548 0.6516916 -0.07631081 0.7408942
-0.1422832 0.657116 -0.0796168 0.7359451
-0.1410622 0.6631881 -0.0833429 0.7302992
-0.1396874 0.6698892 -0.08748709 0.723935
-0.1381542 0.6771994 -0.09204753 0.7168275
-0.1364569 0.685097 -0.0970225 0.7089488
-0.1345898 0.6935578 -0.1024099 0.7002681
-0.1325462 0.7025548 -0.1082072 0.6907528
-0.1303197 0.7120578 -0.1144108 0.6803681
-0.1279033 0.7220322 -0.1210158 0.6690781
-0.1252899 0.7324392 -0.128016 0.6568464
-0.1224729 0.7432348 -0.1354026 0.6436371
-0.1194455 0.7543696 -0.143165 0.6294149
-0.1162019 0.7657882 -0.1512893 0.6141475
-0.1127367 0.7774292 -0.1597585 0.5978055
-0.1090458 0.789225 -0.1685522 0.5803645
-0.1051264 0.8011018 -0.177646 0.5618063
-0.100977 0.8129799 -0.1870113 0.5421199
-0.09659863 0.8247746 -0.1966153 0.5213042
-0.09199394 0.8363964 -0.2064211 0.4993681
-0.08716842 0.847753 -0.2163876 0.4763329
-0.0821301 0.8587502 -0.2264696 0.4522327
-0.07688997 0.8692937 -0.2366188 0.4271159
-0.07146195 0.8792913 -0.246784 0.4010458
-0.06586285 0.8886549 -0.2569123 0.3740998
-0.06011242 0.8973028 -0.2669496 0.34637
-0.05423295 0.9051617 -0.2768419 0.3179617
-0.04824912 0.9121689 -0.2865367 0.2889924
-0.04218743 0.918274 -0.2959836 0.2595895
-0.03607577 0.9234405 -0.3051361 0.2298875
-0.02994285 0.927646 -0.3139519 0.2000262
-0.02381765 0.9308838 -0.3223942 0.1701475
-0.01772876 0.9331615 -0.3304322 0.1403921
-0.01170381 0.9345013 -0.3380417 0.1108969
-0.005769039 0.9349386 -0.345205 0.08179262
5.123586E-05 0.9345203 -0.3519112 0.05320149
0.005734901 0.9333032 -0.3581555 0.02523511
0.01126232 0.9313524 -0.3639393 -0.002006334
0.01661649 0.9287387 -0.3692692 -0.02843542
0.02178304 0.9255371 -0.3741566 -0.05397714
0.02675026 0.9218247 -0.3786165 -0.07856982
0.03150893 0.9176794 -0.3826675 -0.1021635
0.03605215 0.913178 -0.3863304 -0.1247202
0.04037522 0.9083953 -0.3896278 -0.1462124
0.04447531 0.9034032 -0.3925833 -0.1666221
0.04835121 0.8982699 -0.3952213 -0.1859395
0.05200312 0.8930592 -0.3975661 -0.204162
0.05543236 0.8878308 -0.3996416 -0.2212926
0.05864114 0.8826395 -0.401471 -0.2373389
0.06163234 0.8775358 -0.4030769 -0.2523123
0.06440922 0.8725656 -0.4044803 -0.2662263
0.0669754 0.8677709 -0.4057013 -0.2790959
0.06933451 0.8631895 -0.4067584 -0.290937
0.07149014 0.8588557 -0.4076688 -0.3017652
0.07344567 0.8548007 -0.4084481 -0.3115954
0.07520414 0.8510526 -0.4091107 -0.3204407
0.07676818 0.8476371 -0.4096691 -0.3283128
0.07813982 0.8445776 -0.4101347 -0.3352201
0.0793205 0.8418955 -0.4105172 -0.3411686
0.08031096 0.8396106 -0.410825 -0.3461607
0.08111102 0.8377414 -0.4110647 -0.3501944
0.08171967 0.8363054 -0.4112418 -0.3532639
0.0821349 0.8353186 -0.41136 -0.3553585
0.08235356 0.8347967 -0.4114214 -0.3564615
0.08238865 0.8347128 -0.4114311 -0.3566386
0.08241949 0.8347516 -0.4112703 -0.3567262
0.08251082 0.8348664 -0.4107935 -0.3569857
0.08266085 0.8350544 -0.4100098 -0.3574119
0.08286779 0.8353128 -0.4089276 -0.3579997
0.08312986 0.8356382 -0.4075553 -0.3587436
0.08344521 0.8360273 -0.4059009 -0.3596385
0.08381203 0.8364763 -0.4039725 -0.3606788
0.08422846 0.8369815 -0.4017779 -0.361859
0.08469269 0.837539 -0.399325 -0.3631737
0.08520282 0.8381445 -0.3966213 -0.3646173
0.085757 0.838794 -0.3936746 -0.366184
0.08635332 0.839483 -0.3904924 -0.3678683
0.08698989 0.8402072 -0.3870825 -0.3696644
0.0876648 0.8409622 -0.3834525 -0.3715665
0.08837611 0.8417436 -0.3796102 -0.3735687
0.08912188 0.8425468 -0.3755632 -0.3756653
0.08990017 0.8433675 -0.3713197 -0.3778504
0.09070899 0.8442013 -0.3668875 -0.380118
0.09154639 0.8450437 -0.3622749 -0.3824622
0.09241038 0.8458905 -0.3574901 -0.3848771
0.09329897 0.8467376 -0.3525416 -0.3873568
0.09421015 0.8475807 -0.347438 -0.3898952
0.09514193 0.848416 -0.3421881 -0.3924865
0.0960923 0.8492396 -0.3368008 -0.3951248
0.09705924 0.8500479 -0.3312853 -0.3978041
0.09804077 0.8508374 -0.325651 -0.4005187
0.09903488 0.8516048 -0.3199074 -0.4032625
0.1000396 0.852347 -0.3140641 -0.4060301
0.1010529 0.8530611 -0.308131 -0.4088157
0.1020729 0.8537446 -0.3021184 -0.4116136
0.1030976 0.854395 -0.2960362 -0.4144185
0.1041251 0.8550102 -0.289895 -0.4172247
0.1051535 0.8555884 -0.2837052 -0.4200271
0.1061809 0.8561279 -0.2774775 -0.4228203
0.1072054 0.8566273 -0.2712227 -0.4255994
0.1082253 0.8570858 -0.2649518 -0.4283594
0.1092388 0.8575025 -0.2586756 -0.4310954
0.1102441 0.857877 -0.2524053 -0.4338029
0.1112395 0.858209 -0.2461519 -0.4364772
0.1122233 0.8584986 -0.2399268 -0.4391142
0.113194 0.8587462 -0.2337409 -0.4417094
0.11415 0.8589525 -0.2276057 -0.444259
0.1150898 0.8591183 -0.2215323 -0.446759
0.1160117 0.8592447 -0.2155319 -0.4492058
0.1169145 0.8593332 -0.2096156 -0.4515957
0.1177968 0.8593854 -0.2037947 -0.4539254
0.1186571 0.8594032 -0.1980802 -0.4561917
0.1194942 0.8593885 -0.1924832 -0.4583915
0.1203068 0.8593436 -0.1870145 -0.4605219
0.1210938 0.8592709 -0.1816851 -0.46258
0.1218539 0.8591731 -0.1765058 -0.4645633
0.1225859 0.8590527 -0.1714872 -0.466469
0.1232889 0.8589126 -0.1666399 -0.4682949
0.1239617 0.8587558 -0.1619745 -0.4700387
0.1246033 0.8585851 -0.1575014 -0.471698
0.1252126 0.8584037 -0.1532308 -0.4732706
0.1257887 0.8582149 -0.1491731 -0.4747545
0.1263306 0.8580214 -0.1453384 -0.4761477
0.1268373 0.8578266 -0.1417367 -0.477448
0.1273078 0.8576335 -0.1383782 -0.4786534
0.1277411 0.8574451 -0.1352727 -0.4797618
0.1281363 0.8572644 -0.1324302 -0.4807713
0.1284924 0.8570943 -0.1298606 -0.4816797
0.1288084 0.8569375 -0.1275736 -0.4824848
0.1290833 0.8567966 -0.1255792 -0.4831842
0.129316 0.856674 -0.1238872 -0.4837758
0.1295053 0.856572 -0.1225075 -0.4842569
0.1296503 0.8564925 -0.12145 -0.4846249
0.1297496 0.8564374 -0.1207245 -0.4848769
0.129802 0.8564081 -0.1203412 -0.4850099
0.1298104 0.8564034 -0.1202796 -0.4850313
0.1297526 0.856537 -0.1205399 -0.4847461
0.1295812 0.8569322 -0.1213116 -0.4839003
0.1292988 0.8575795 -0.1225806 -0.4825072
0.1289075 0.8584686 -0.124334 -0.4805784
0.1284092 0.859588 -0.126559 -0.4781238
0.1278054 0.8609253 -0.1292435 -0.4751521
0.1270973 0.8624672 -0.1323756 -0.4716707
0.1262859 0.8641997 -0.1359436 -0.4676859
0.125372 0.8661076 -0.1399361 -0.4632034
0.1243561 0.8681751 -0.1443414 -0.4582282
0.1232388 0.8703857 -0.1491479 -0.4527646
0.1220205 0.8727219 -0.1543437 -0.4468172
0.1207016 0.8751654 -0.1599165 -0.44039
0.1192824 0.8776976 -0.1658537 -0.4334874
0.1177634 0.8802987 -0.1721418 -0.4261139
0.1161452 0.8829489 -0.1787672 -0.4182749
0.1144283 0.8856273 -0.1857152 -0.409976
0.1126136 0.888313 -0.1929703 -0.401224
0.1107022 0.8909845 -0.2005162 -0.3920266
0.1086953 0.8936204 -0.2083359 -0.3823927
0.1065946 0.8961989 -0.2164111 -0.3723325
0.104402 0.8986984 -0.2247228 -0.3618579
0.1021197 0.9010977 -0.2332508 -0.3509823
0.09975041 0.9033759 -0.2419743 -0.3397208
0.09729725 0.9055129 -0.2508714 -0.3280904
0.09476373 0.9074891 -0.2599192 -0.31611
0.09215379 0.9092861 -0.2690943 -0.3038004
0.08947184 0.910887 -0.2783729 -0.2911842
0.08672275 0.912276 -0.28773 -0.278286
0.08391183 0.9134391 -0.2971409 -0.2651323
0.08104478 0.9143641 -0.3065803 -0.2517512
0.07812776 0.9150407 -0.3160231 -0.2381723
0.07516726 0.9154609 -0.325444 -0.224427
0.07217014 0.9156188 -0.3348185 -0.2105475
0.06914353 0.915511 -0.3441221 -0.1965676
0.06609482 0.9151362 -0.3533315 -0.1825212
0.06303159 0.9144959 -0.362424 -0.1684435
0.05996156 0.9135936 -0.3713776 -0.1543696
0.05689256 0.9124355 -0.3801723 -0.1403347
0.05383239 0.9110297 -0.3887886 -0.1263741
0.05078887 0.9093869 -0.3972087 -0.1125224
0.04776974 0.9075194 -0.4054165 -0.09881362
0.04478258 0.9054416 -0.413397 -0.08528094
0.04183482 0.9031697 -0.4211372 -0.07195659
0.03893364 0.9007211 -0.4286255 -0.05887136
0.03608601 0.8981147 -0.4358518 -0.04605497
0.03329854 0.8953703 -0.4428077 -0.03353537
0.03057766 0.8925087 -0.4494861 -0.02133933
0.02792936 0.8895516 -0.4558814 -0.009491794
0.02535939 0.8865206 -0.4619894 0.00198365
0.02287309 0.8834381 -0.4678068 0.01306527
0.02047555 0.8803264 -0.4733317 0.0237325
0.01817152 0.8772078 -0.478563 0.03396653
0.01596542 0.8741044 -0.4835003 0.04374973
0.01386143 0.8710381 -0.488144 0.05306579
0.01186345 0.8680301 -0.4924953 0.06189955
0.00997517 0.8651013 -0.4965552 0.07023668
0.008200042 0.8622721 -0.5003255 0.07806402
0.006541409 0.8595621 -0.5038079 0.08536876
0.005002435 0.8569903 -0.5070041 0.09213881
0.003586193 0.8545747 -0.5099156 0.0983624
0.00229573 0.8523331 -0.5125439 0.1040278
0.001134007 0.850282 -0.5148896 0.1091235
0.0001040784 0.8484373 -0.5169533 0.1136376
-0.0007910254 0.846814 -0.5187346 0.117558
-0.00154812 0.8454264 -0.5202323 0.1208721
-0.002163923 0.844288 -0.5214446 0.1235663
-0.002634955 0.8434113 -0.5223682 0.1256264
-0.002957604 0.8428077 -0.522999 0.127037
-0.003127919 0.8424882 -0.5233315 0.1277816
-0.003155291 0.8424367 -0.5233849 0.1279012
0.003370231 -0.8424676 0.5232828 -0.1281099
0.004007084 -0.8425584 0.5229802 -0.1287282
0.005054215 -0.8427063 0.5224816 -0.1297445
0.006500364 -0.842907 0.5217909 -0.1311477
0.008334596 -0.8431562 0.5209115 -0.1329266
0.01054624 -0.8434483 0.519846 -0.1350703
0.01312484 -0.8437775 0.5185964 -0.1375679
0.01606009 -0.8441374 0.5171649 -0.1404088
0.01934174 -0.8445209 0.5155527 -0.1435823
0.02295963 -0.8449206 0.5137609 -0.1470774
0.02690351 -0.8453289 0.5117905 -0.1508833
0.03116309 -0.8457376 0.5096422 -0.1549892
0.03572792 -0.8461383 0.5073168 -0.1593837
0.04058736 -0.8465225 0.504815 -0.1640556
0.04573053 -0.8468814 0.5021372 -0.1689933
0.05114629 -0.8472064 0.4992846 -0.1741847
0.05682316 -0.8474885 0.4962579 -0.1796178
0.0627493 -0.8477189 0.4930584 -0.1852799
0.06891251 -0.847889 0.4896875 -0.1911582
0.07530015 -0.8479903 0.4861471 -0.1972395
0.08189923 -0.8480144 0.4824394 -0.2035101
0.08869621 -0.8479535 0.4785669 -0.2099561
0.09567722 -0.8478 0.474533 -0.216563
0.102828 -0.8475468 0.4703411 -0.2233165
0.1101336 -0.8471872 0.4659956 -0.2302012
0.1175791 -0.8467155 0.4615012 -0.2372022
0.1251489 -0.8461261 0.4568633 -0.2443037
0.1328272 -0.8454146 0.4520882 -0.2514901
0.1405978 -0.8445773 0.4471825 -0.2587457
0.1484444 -0.8436111 0.4421536 -0.2660542
0.1563505 -0.8425139 0.4370095 -0.2733999
0.1642994 -0.8412848 0.431759 -0.2807665
0.1722744 -0.8399234 0.4264114 -0.2881384
0.1802586 -0.8384305 0.4209765 -0.2954995
0.1882355 -0.836808 0.415465 -0.3028345
0.1961885 -0.8350586 0.4098878 -0.310128
0.2041014 -0.8331859 0.4042564 -0.3173651
0.211958 -0.8311949 0.3985831 -0.3245311
0.2197426 -0.8290911 0.3928799 -0.3316122
0.22744 -0.8268809 0.3871598 -0.3385946
0.2350351 -0.824572 0.3814357 -0.3454652
0.2425137 -0.8221726 0.3757209 -0.3522117
0.2498618 -0.8196916 0.370029 -0.3588223
0.2570662 -0.8171387 0.3643733 -0.3652856
0.264114 -0.8145242 0.3587674 -0.3715912
0.2709933 -0.8118591 0.3532252 -0.3777293
0.2776925 -0.8091548 0.3477601 -0.3836904
0.2842008 -0.8064231 0.3423856 -0.3894662
0.2905079 -0.8036761 0.3371151 -0.3950486
0.2966041 -0.8009263 0.3319618 -0.4004304
0.3024803 -0.7981864 0.3269387 -0.4056048
0.3081281 -0.7954691 0.3220587 -0.4105656
0.3135395 -0.7927875 0.3173342 -0.4153071
0.3187068 -0.7901543 0.3127777 -0.419824
0.323623 -0.7875826 0.3084011 -0.4241115
0.3282813 -0.785085 0.3042162 -0.4281651
0.3326752 -0.7826744 0.3002347 -0.4319805
0.3367986 -0.7803631 0.2964677 -0.4355538
0.3406455 -0.7781635 0.2929263 -0.438881
0.34421 -0.7760876 0.2896213 -0.4419583
0.3474862 -0.7741471 0.2865634 -0.444782
0.3504684 -0.7723536 0.283763 -0.4473482
0.3531506 -0.7707182 0.2812303 -0.449653
0.3555267 -0.7692514 0.2789755 -0.451692
0.3575903 -0.7679639 0.2770087 -0.453461
0.3593349 -0.7668654 0.2753398 -0.4549549
0.3607532 -0.7659656 0.2739787 -0.4561684
0.3618377 -0.7652733 0.2729353 -0.4570957
0.3625804 -0.7647973 0.2722196 -0.4577305
0.3629724 -0.7645453 0.2718413 -0.4580654
0.3630354 -0.7645047 0.2717805 -0.4581192
-0.3628837 0.7645674 -0.2716567 0.4582084
-0.3624344 0.7647525 -0.2712897 0.4584723
-0.3616955 0.7650562 -0.2706862 0.4589057
-0.3606748 0.7654738 -0.2698527 0.4595031
-0.35938 0.7660006 -0.2687954 0.4602588
-0.3578184 0.7666317 -0.2675203 0.4611669
-0.355997 0.7673615 -0.2660333 0.4622216
-0.3539229 0.7681847 -0.2643402 0.4634168
-0.3516029 0.7690956 -0.2624466 0.4647464
-0.3490437 0.7700882 -0.2603581 0.4662042
-0.346252 0.7711566 -0.2580804 0.4677837
-0.3432346 0.7722945 -0.2556188 0.4694788
-0.3399981 0.7734957 -0.2529791 0.4712826
-0.3365492 0.774754 -0.2501667 0.4731888
-0.3328947 0.7760627 -0.2471873 0.4751907
-0.3290416 0.7774157 -0.2440467 0.4772815
-0.3249968 0.7788063 -0.2407508 0.4794547
-0.3207676 0.7802283 -0.2373053 0.4817033
-0.3163612 0.7816752 -0.2337166 0.4840207
-0.3117852 0.7831407 -0.2299906 0.4864001
-0.3070473 0.7846185 -0.2261339 0.4888346
-0.3021555 0.7861025 -0.222153 0.4913175
-0.2971179 0.7875869 -0.2180547 0.4938422
-0.2919428 0.7890656 -0.2138458 0.4964019
-0.2866391 0.7905332 -0.2095335 0.49899
-0.2812155 0.7919841 -0.2051252 0.5016
-0.2756813 0.7934133 -0.2006283 0.5042257
-0.2700456 0.7948158 -0.1960504 0.5068605
-0.2643182 0.7961869 -0.1913994 0.5094984
-0.2585089 0.7975223 -0.1866835 0.5121334
-0.2526278 0.798818 -0.1819108 0.5147597
-0.2466851 0.8000702 -0.1770896 0.5173716
-0.2406913 0.8012758 -0.1722285 0.5199637
-0.234657 0.8024315 -0.1673361 0.5225309
-0.2285929 0.8035348 -0.1624212 0.525068
-0.2225101 0.8045836 -0.1574927 0.5275704
-0.2164195 0.805576 -0.1525594 0.5300336
-0.2103322 0.8065105 -0.1476304 0.5324533
-0.2042596 0.807386 -0.1427147 0.5348255
-0.1982127 0.808202 -0.1378214 0.5371467
-0.1922029 0.8089581 -0.1329596 0.5394133
-0.1862415 0.8096543 -0.1281384 0.5416222
-0.1803398 0.8102912 -0.1233669 0.5437705
-0.1745089 0.8108696 -0.118654 0.5458556
-0.1687602 0.8113906 -0.1140089 0.5478753
-0.1631046 0.8118557 -0.1094403 0.5498274
-0.1575532 0.8122667 -0.104957 0.5517099
-0.1521169 0.8126256 -0.100568 0.5535216
-0.1468066 0.8129349 -0.09628174 0.5552609
-0.1416329 0.813197 -0.09210687 0.5569265
-0.1366064 0.8134148 -0.08805174 0.5585178
-0.1317375 0.8135911 -0.08412475 0.5600338
-0.1270366 0.8137292 -0.08033404 0.5614738
-0.1225138 0.8138325 -0.07668777 0.5628375
-0.1181791 0.8139041 -0.07319389 0.5641245
-0.1140424 0.8139477 -0.06986026 0.5653344
-0.1101135 0.8139668 -0.06669474 0.5664672
-0.106402 0.8139647 -0.06370491 0.5675226
-0.1029176 0.8139452 -0.06089845 0.5685003
-0.09966968 0.8139116 -0.0582829 0.5694005
-0.0966676 0.8138674 -0.05586569 0.570223
-0.09392077 0.813816 -0.05365431 0.5709673
-0.09143849 0.8137604 -0.05165613 0.5716334
-0.08922999 0.8137037 -0.04987855 0.5722206
-0.08730455 0.8136488 -0.04832895 0.5727285
-0.0856715 0.8135981 -0.04701477 0.5731564
-0.0843401 0.813554 -0.04594341 0.5735031
-0.0833198 0.8135185 -0.04512243 0.5737676
-0.08261997 0.8134935 -0.04455934 0.5739484
-0.0822502 0.81348 -0.04426184 0.5740438
-0.08219078 0.8134777 -0.04421403 0.5740591
-0.08212432 0.8137606 -0.04412117 0.5736747
-0.08192723 0.8145982 -0.04384582 0.5725341
-0.08160236 0.8159733 -0.0433923 0.5706537
-0.08115208 0.8178686 -0.04276433 0.5680463
-0.08057822 0.8202654 -0.04196516 0.5647218
-0.07988223 0.823145 -0.04099756 0.5606875
-0.07906515 0.8264874 -0.03986394 0.5559481
-0.07812771 0.830272 -0.03856638 0.5505063
-0.07707038 0.8344771 -0.03710673 0.5443631
-0.07589339 0.8390799 -0.03548665 0.5375181
-0.07459684 0.8440562 -0.03370769 0.5299699
-0.07318071 0.8493807 -0.03177139 0.521716
-0.07164492 0.8550262 -0.02967931 0.5127538
-0.06998941 0.8609639 -0.02743312 0.5030805
-0.06821423 0.8671638 -0.0250347 0.4926937
-0.06631952 0.8735934 -0.02248619 0.4815918
-0.06430567 0.880219 -0.01979009 0.469774
-0.06217333 0.8870047 -0.0169493 0.4572415
-0.05992349 0.8939131 -0.01396724 0.4439972
-0.05755758 0.9009048 -0.01084789 0.4300465
-0.05507746 0.9079394 -0.007595884 0.4153973
-0.05248558 0.9149745 -0.004216542 0.4000614
-0.04978499 0.9219674 -0.0007159369 0.3840535
-0.04697934 0.9288742 0.002899094 0.3673927
-0.04407303 0.9356508 0.006620869 0.3501021
-0.04107118 0.9422532 0.0104409 0.3322094
-0.03797963 0.9486382 0.01434988 0.313747
-0.03480497 0.9547637 0.01833775 0.2947519
-0.03155457 0.9605892 0.0223937 0.2752657
-0.02823648 0.9660767 0.02650621 0.2553349
-0.0248594 0.9711911 0.03066324 0.2350098
-0.02143267 0.9759007 0.03485225 0.2143454
-0.01796611 0.9801776 0.03906034 0.1933995
-0.01447002 0.9839988 0.04327438 0.1722336
-0.01095502 0.9873456 0.04748119 0.1509112
-0.00743187 0.9902048 0.05166765 0.1294974
-0.003911491 0.9925684 0.05582085 0.1080588
-0.0004047629 0.9944336 0.05992824 0.08666182
0.003077614 0.9958031 0.06397779 0.06537258
0.006525199 0.9966848 0.06795809 0.04425598
0.009927932 0.9970915 0.07185847 0.02337479
0.01327621 0.9970407 0.07566903 0.002789689
0.016561 0.9965542 0.07938083 -0.0174422
0.01977388 0.9956574 0.0829858 -0.0372667
0.02290714 0.994379 0.08647691 -0.05663409
0.0259537 0.9927506 0.08984801 -0.07549827
0.02890727 0.9908058 0.093094 -0.09381764
0.03176223 0.9885799 0.09621058 -0.1115546
0.03451369 0.9861094 0.09919445 -0.1286761
0.03715741 0.9834313 0.102043 -0.145153
0.03968985 0.980583 0.1047544 -0.1609602
0.04210798 0.9776016 0.1073276 -0.1760761
0.04440936 0.9745238 0.1097619 -0.1904825
0.046592 0.9713853 0.1120574 -0.2041642
0.04865435 0.9682209 0.1142142 -0.2171087
0.0505952 0.9650642 0.1162331 -0.2293058
0.05241357 0.9619474 0.1181149 -0.2407466
0.05410879 0.9589011 0.1198608 -0.2514245
0.05568025 0.9559547 0.1214717 -0.2613332
0.05712748 0.9531356 0.1229489 -0.2704675
0.05845 0.9504699 0.1242933 -0.2788222
0.05964729 0.9479821 0.1255059 -0.2863922
0.06071875 0.9456951 0.1265875 -0.2931717
0.0616636 0.9436304 0.1275382 -0.2991542
0.06248088 0.941808 0.1283585 -0.3043321
0.06316935 0.9402463 0.1290478 -0.308696
0.06372743 0.9389625 0.1296054 -0.3122351
0.06415315 0.9379724 0.1300302 -0.3149357
0.06444418 0.93729 0.1303203 -0.3167823
0.06459763 0.9369285 0.1304731 -0.3177561
0.06462227 0.9368703 0.1304976 -0.3179125
-0.06467352 -0.936893 -0.1303741 0.3178859
-0.06482536 -0.9369601 -0.1300083 0.317807
-0.06507482 -0.93707 -0.1294071 0.3176774
-0.065419 -0.9372209 -0.1285774 0.3174983
-0.065855 -0.937411 -0.127526 0.317271
-0.06637987 -0.9376382 -0.1262598 0.3169968
-0.06699071 -0.9379002 -0.1247855 0.3166766
-0.0676846 -0.9381949 -0.1231098 0.3163119
-0.06845859 -0.9385198 -0.1212394 0.3159035
-0.06930979 -0.9388726 -0.1191811 0.3154527
-0.07023524 -0.9392506 -0.1169414 0.3149604
-0.07123201 -0.9396514 -0.1145272 0.3144277
-0.07229716 -0.9400724 -0.111945 0.3138556
-0.0734277 -0.9405109 -0.1092017 0.3132453
-0.07462066 -0.9409644 -0.106304 0.3125976
-0.07587309 -0.9414302 -0.1032586 0.3119136
-0.07718198 -0.9419058 -0.1000724 0.3111944
-0.07854431 -0.9423885 -0.09675227 0.3104412
-0.07995709 -0.9428759 -0.09330502 0.309655
-0.08141726 -0.9433654 -0.08973763 0.3088369
-0.08292179 -0.9438546 -0.08605708 0.307988
-0.08446763 -0.9443413 -0.08227044 0.3071097
-0.0860517 -0.9448231 -0.07838479 0.3062031
-0.08767097 -0.9452978 -0.07440725 0.3052694
-0.08932232 -0.9457634 -0.07034505 0.3043101
-0.09100268 -0.946218 -0.06620544 0.3033266
-0.09270895 -0.9466595 -0.06199569 0.3023201
-0.09443803 -0.9470863 -0.05772314 0.3012922
-0.09618685 -0.9474969 -0.05339519 0.3002443
-0.0979523 -0.9478897 -0.04901926 0.2991782
-0.09973127 -0.9482635 -0.04460279 0.2980952
-0.1015207 -0.9486168 -0.04015328 0.2969972
-0.1033175 -0.948949 -0.03567825 0.2958859
-0.1051187 -0.9492588 -0.03118525 0.294763
-0.106921 -0.9495457 -0.02668184 0.2936304
-0.1087216 -0.9498092 -0.02217554 0.2924899
-0.1105174 -0.9500487 -0.01767396 0.2913435
-0.1123054 -0.950264 -0.01318467 0.2901931
-0.1140826 -0.950455 -0.008715239 0.2890407
-0.115846 -0.9506218 -0.004273216 0.2878885
-0.1175927 -0.9507645 0.0001338539 0.2867384
-0.1193199 -0.9508834 0.004498445 0.2855927
-0.1210245 -0.9509793 0.008813083 0.2844535
-0.1227039 -0.9510525 0.01307026 0.2833231
-0.1243551 -0.951104 0.0172626 0.2822037
-0.1259754 -0.9511347 0.02138266 0.2810975
-0.127562 -0.9511455 0.02542312 0.2800069
-0.1291122 -0.9511376 0.02937665 0.2789343
-0.1306233 -0.9511123 0.03323602 0.2778818
-0.1320926 -0.951071 0.03699396 0.276852
-0.1335174 -0.9510151 0.04064334 0.2758471
-0.1348954 -0.950946 0.044177 0.2748697
-0.1362236 -0.9508656 0.04758788 0.273922
-0.1374998 -0.9507753 0.05086897 0.2730065
-0.1387213 -0.9506769 0.05401323 0.2721257
-0.1398856 -0.9505723 0.05701374 0.2712817
-0.1409902 -0.9504632 0.05986356 0.2704773
-0.1420327 -0.9503512 0.06255585 0.2697147
-0.1430105 -0.9502385 0.0650837 0.2689964
-0.1439213 -0.9501265 0.06744032 0.2683246
-0.1447625 -0.9500172 0.06961887 0.2677019
-0.1455318 -0.9499124 0.07161254 0.2671305
-0.1462266 -0.9498135 0.07341456 0.2666128
-0.1468444 -0.9497223 0.0750181 0.2661512
-0.1473829 -0.9496404 0.07641635 0.2657479
-0.1478395 -0.949569 0.0776025 0.2654053
-0.1482116 -0.9495097 0.07856966 0.2651256
-0.1484967 -0.9494634 0.07931092 0.2649109
-0.1486923 -0.9494312 0.07981941 0.2647636
-0.1487956 -0.9494141 0.08008807 0.2646857
-0.1488122 -0.9494115 0.08013127 0.2646732
0.1488277 0.9495196 -0.07998385 -0.2643206
0.1488736 0.9498394 -0.07954694 -0.2632757
0.1489486 0.9503626 -0.07882794 -0.2615559
0.1490515 0.9510797 -0.07783379 -0.2591775
0.1491805 0.9519804 -0.07657088 -0.2561554
0.1493338 0.9530528 -0.07504519 -0.2525033
0.1495098 0.9542847 -0.07326237 -0.2482342
0.1497061 0.9556624 -0.07122778 -0.2433602
0.1499207 0.9571715 -0.06894657 -0.2378928
0.1501513 0.9587968 -0.06642378 -0.2318432
0.1503953 0.9605223 -0.06366436 -0.2252224
0.1506502 0.9623312 -0.06067332 -0.2180414
0.1509134 0.964206 -0.05745573 -0.2103114
0.151182 0.9661286 -0.05401682 -0.2020437
0.1514532 0.9680805 -0.05036207 -0.1932506
0.151724 0.9700424 -0.0464972 -0.1839445
0.1519915 0.9719949 -0.04242834 -0.174139
0.1522527 0.9739181 -0.03816202 -0.1638487
0.1525044 0.9757921 -0.0337052 -0.1530891
0.1527437 0.9775968 -0.02906539 -0.1418772
0.1529675 0.9793124 -0.02425063 -0.1302311
0.1531728 0.9809192 -0.01926958 -0.1181706
0.1533567 0.9823981 -0.01413149 -0.1057169
0.1535164 0.9837304 -0.008846216 -0.09289283
0.1536492 0.9848982 -0.003424287 -0.07972275
0.1537527 0.9858848 0.002123153 -0.06623272
0.1538243 0.9866745 0.007784362 -0.05245027
0.1538621 0.9872528 0.01354705 -0.03840445
0.1538641 0.9876069 0.01939834 -0.02412576
0.1538287 0.9877258 0.02532489 -0.009646093
0.1537546 0.9876001 0.03131297 0.005001746
0.1536408 0.9872225 0.03734843 0.01978366
0.1534866 0.9865876 0.04341695 0.034665
0.1532916 0.9856926 0.04950392 0.04961034
0.1530559 0.9845365 0.05559471 0.0645839
0.1527797 0.9831207 0.06167472 0.07954996
0.1524639 0.9814491 0.06772942 0.09447262
0.1521095 0.9795277 0.07374445 0.1093164
0.1517178 0.9773644 0.07970577 0.1240465
0.1512907 0.9749697 0.08559975 0.1386287
0.1508301 0.9723558 0.09141319 0.1530298
0.1503384 0.9695369 0.09713337 0.1672178
0.1498181 0.9665287 0.1027482 0.1811621
0.1492721 0.9633486 0.1082463 0.1948334
0.1487033 0.9600154 0.113617 0.2082041
0.148115 0.956549 0.11885 0.2212481
0.1475105 0.9529701 0.1239361 0.2339412
0.1468933 0.9493005 0.1288667 0.2462606
0.1462669 0.9455624 0.1336339 0.2581855
0.1456349 0.9417784 0.1382305 0.2696966
0.1450009 0.9379715 0.1426499 0.2807764
0.1443686 0.9341644 0.1468863 0.2914086
0.1437415 0.9303803 0.1509343 0.3015788
0.1431233 0.9266418 0.1547892 0.3112734
0.1425175 0.9229712 0.1584466 0.3204803
0.1419276 0.9193906 0.1619026 0.3291884
0.141357 0.9159216 0.1651536 0.3373873
0.1408088 0.9125849 0.1681964 0.3450676
0.1402865 0.9094011 0.1710278 0.3522201
0.139793 0.9063896 0.1736449 0.3588361
0.1393313 0.9035695 0.1760448 0.3649072
0.1389043 0.9009591 0.1782244 0.3704247
0.1385148 0.8985758 0.1801808 0.37538
0.1381653 0.8964364 0.1819106 0.3797639
0.1378585 0.8945569 0.1834106 0.3835669
0.1375967 0.8929525 0.1846767 0.3867784
0.1373823 0.8916376 0.1857049 0.3893871
0.1372173 0.8906257 0.1864903 0.3913805
0.1371039 0.8899296 0.1870278 0.3927448
0.1370438 0.8895611 0.1873113 0.3934647
0.1370342 0.8895019 0.1873569 0.3935804
-0.1369401 -0.8896808 -0.1873762 -0.3931993
-0.1366611 -0.8902102 -0.1874332 -0.3920694
-0.1362016 -0.8910781 -0.1875264 -0.3902087
-0.1355653 -0.8922716 -0.1876538 -0.3876334
-0.1347554 -0.8937765 -0.1878134 -0.3843575
-0.1337748 -0.895578 -0.1880028 -0.3803937
-0.1326256 -0.8976601 -0.1882192 -0.375753
-0.13131 -0.900006 -0.18846 -0.3704454
-0.1298297 -0.9025977 -0.1887219 -0.36448
-0.1281862 -0.9054167 -0.1890017 -0.3578651
-0.1263808 -0.908443 -0.1892959 -0.3506086
-0.1244148 -0.911656 -0.1896008 -0.3427185
-0.1222896 -0.9150341 -0.1899126 -0.3342023
-0.1200064 -0.9185547 -0.1902272 -0.3250684
-0.1175667 -0.9221944 -0.1905405 -0.3153254
-0.114972 -0.9259288 -0.1908481 -0.3049827
-0.1122241 -0.9297329 -0.1911456 -0.2940509
-0.1093254 -0.9335809 -0.1914286 -0.2825419
-0.1062782 -0.9374463 -0.1916924 -0.2704688
-0.1030856 -0.9413025 -0.1919325 -0.2578467
-0.09975105 -0.9451222 -0.1921443 -0.2446925
-0.09627848 -0.9488781 -0.1923233 -0.2310251
-0.09267251 -0.9525431 -0.1924651 -0.2168657
-0.08893833 -0.9560902 -0.1925654 -0.2022377
-0.08508182 -0.9594931 -0.1926203 -0.1871671
-0.08110955 -0.9627262 -0.1926258 -0.1716823
-0.07702874 -0.9657651 -0.1925786 -0.1558141
-0.07284728 -0.9685864 -0.1924753 -0.1395956
-0.06857378 -0.9711688 -0.1923135 -0.1230624
-0.0642175 -0.9734926 -0.1920906 -0.1062523
-0.05978822 -0.9755403 -0.191805 -0.08920477
-0.05529639 -0.9772966 -0.1914554 -0.07196143
-0.05075287 -0.9787493 -0.1910411 -0.05456521
-0.04616899 -0.9798883 -0.1905619 -0.03706032
-0.04155639 -0.980707 -0.1900183 -0.01949173
-0.03692693 -0.9812014 -0.1894114 -0.001904869
-0.03229266 -0.9813706 -0.1887429 0.01565445
-0.0276657 -0.981217 -0.188015 0.03314079
-0.0230581 -0.9807456 -0.1872305 0.05050925
-0.01848178 -0.9799647 -0.1863928 0.06771589
-0.01394843 -0.9788851 -0.1855055 0.08471795
-0.009469454 -0.9775204 -0.1845731 0.1014742
-0.005055863 -0.9758865 -0.1836001 0.1179453
-0.0007182034 -0.9740014 -0.1825915 0.1340938
0.0035335 -0.9718852 -0.1815526 0.1498845
0.007689721 -0.9695596 -0.1804889 0.1652845
0.01174158 -0.9670474 -0.1794061 0.1802634
0.0156807 -0.9643731 -0.1783098 0.194793
0.01949943 -0.9615614 -0.1772061 0.2088477
0.02319062 -0.9586382 -0.1761007 0.2224042
0.02674778 -0.9556292 -0.1749995 0.2354415
0.03016496 -0.9525605 -0.1739082 0.2479407
0.03343672 -0.9494582 -0.1728326 0.2598849
0.03655813 -0.9463478 -0.1717782 0.2712591
0.03952473 -0.9432549 -0.1707506 0.2820499
0.04233243 -0.9402042 -0.1697548 0.2922455
0.04497746 -0.9372197 -0.1687959 0.3018348
0.04745641 -0.9343248 -0.167879 0.3108083
0.04976599 -0.931542 -0.1670087 0.3191566
0.05190315 -0.9288931 -0.1661895 0.3268712
0.05386489 -0.9263986 -0.1654257 0.3339439
0.05564824 -0.9240785 -0.1647216 0.340366
0.05725027 -0.9219514 -0.164081 0.3461291
0.05866782 -0.9200354 -0.1635079 0.3512239
0.05989772 -0.918347 -0.1630057 0.3556406
0.06093649 -0.9169022 -0.1625781 0.3593682
0.06178038 -0.9157158 -0.1622283 0.3623947
0.06242524 -0.9148014 -0.1619595 0.3647064
0.06286665 -0.9141716 -0.1617748 0.3662882
0.06309956 -0.913838 -0.1616771 0.3671226
0.06313699 -0.9137844 -0.1616614 0.3672567
-0.06299944 0.9137695 0.1615588 -0.3673625
-0.06259195 0.9137251 0.1612546 -0.367676
-0.0619222 0.9136515 0.1607547 -0.3681909
-0.06099772 0.9135485 0.1600644 -0.3689009
-0.05982595 0.9134155 0.1591891 -0.3697998
-0.05841424 0.9132516 0.1581342 -0.3708811
-0.0567699 0.913056 0.1569048 -0.3721383
-0.05490014 0.912827 0.155506 -0.373565
-0.05281219 0.9125633 0.153943 -0.3751544
-0.05051321 0.912263 0.1522208 -0.3769
-0.04801041 0.9119244 0.1503445 -0.3787948
-0.04531098 0.9115455 0.148319 -0.3808324
-0.04242218 0.9111242 0.1461494 -0.3830056
-0.03935128 0.9106587 0.1438408 -0.3853077
-0.03610564 0.9101468 0.1413983 -0.3877316
-0.03269267 0.9095863 0.1388271 -0.3902705
-0.02911985 0.9089754 0.1361324 -0.392917
-0.02539478 0.908312 0.1333195 -0.3956643
-0.02152514 0.9075945 0.1303939 -0.3985051
-0.01751871 0.906821 0.1273611 -0.4014323
-0.01338338 0.9059901 0.1242265 -0.4044388
-0.009127169 0.9051002 0.1209959 -0.4075173
-0.004758181 0.9041503 0.1176751 -0.4106606
-0.0002846093 0.9031395 0.11427 -0.4138617
0.004285175 0.9020668 0.1107866 -0.4171133
0.008942755 0.900932 0.1072311 -0.4204082
0.01367959 0.8997349 0.1036095 -0.4237395
0.01848709 0.8984754 0.09992841 -0.4271001
0.02335652 0.8971541 0.09619409 -0.4304831
0.02827909 0.8957717 0.09241311 -0.4338816
0.033246 0.8943291 0.08859206 -0.4372888
0.03824832 0.8928279 0.08473764 -0.4406982
0.04327716 0.8912697 0.08085662 -0.4441032
0.04832352 0.8896566 0.07695582 -0.4474972
0.05337845 0.887991 0.07304211 -0.4508743
0.058433 0.8862756 0.06912238 -0.4542283
0.06347823 0.8845135 0.06520359 -0.4575531
0.0685052 0.8827082 0.06129273 -0.4608432
0.07350504 0.8808634 0.05739675 -0.4640931
0.07846895 0.8789831 0.05352261 -0.4672971
0.08338819 0.8770719 0.04967729 -0.4704504
0.08825408 0.8751342 0.04586771 -0.4735479
0.09305806 0.8731751 0.04210078 -0.4765849
0.09779166 0.8711997 0.03838336 -0.4795566
0.1024466 0.8692136 0.03472225 -0.4824591
0.1070145 0.8672225 0.03112422 -0.485288
0.1114874 0.8652321 0.02759592 -0.4880394
0.1158572 0.8632487 0.02414399 -0.4907095
0.1201161 0.8612785 0.02077497 -0.4932949
0.1242565 0.8593279 0.01749533 -0.4957921
0.1282706 0.8574035 0.01431143 -0.4981979
0.1321511 0.8555118 0.01122958 -0.5005093
0.1358906 0.8536597 0.008256027 -0.5027234
0.1394819 0.8518539 0.005396878 -0.5048372
0.142918 0.8501013 0.002658224 -0.5068482
0.1461917 0.8484088 4.603015E-05 -0.508754
0.1492963 0.8467832 -0.002433727 -0.5105517
0.1522248 0.8452313 -0.004775207 -0.5122391
0.1549705 0.8437601 -0.006972572 -0.5138137
0.1575267 0.8423762 -0.009020046 -0.5152731
0.1598866 0.8410864 -0.01091192 -0.5166149
0.1620437 0.8398972 -0.0126424 -0.5178365
0.1639912 0.8388152 -0.01420585 -0.5189357
0.1657224 0.8378465 -0.01559653 -0.5199097
0.1672306 0.8369974 -0.01680872 -0.5207559
0.1685091 0.836274 -0.01783669 -0.5214715
0.1695508 0.8356819 -0.01867464 -0.5220533
0.1703487 0.8352268 -0.01931673 -0.5224983
0.1708959 0.834914 -0.01975711 -0.5228031
0.171185 0.8347484 -0.01998978 -0.5229639
0.1712314 0.8347218 -0.02002718 -0.5229897
-0.1711394 -0.8347328 0.02009943 0.5229995
-0.1708667 -0.8347655 0.02031345 0.5230283
-0.1704187 -0.8348188 0.02066512 0.5230755
-0.1698004 -0.8348921 0.02115035 0.5231403
-0.1690169 -0.8349841 0.02176505 0.5232219
-0.1680734 -0.8350937 0.02250514 0.5233195
-0.1669748 -0.8352199 0.02336656 0.5234321
-0.1657262 -0.8353612 0.02434525 0.5235589
-0.1643325 -0.8355163 0.02543713 0.5236986
-0.1627989 -0.8356839 0.02663815 0.5238506
-0.1611302 -0.8358625 0.02794423 0.5240134
-0.1593315 -0.8360507 0.02935131 0.5241863
-0.1574078 -0.836247 0.0308553 0.5243679
-0.155364 -0.8364499 0.03245213 0.5245574
-0.1532052 -0.8366579 0.03413767 0.5247536
-0.1509364 -0.8368697 0.03590783 0.5249553
-0.1485627 -0.8370835 0.03775849 0.5251616
-0.1460892 -0.8372981 0.03968548 0.5253712
-0.1435209 -0.837512 0.04168468 0.5255834
-0.140863 -0.8377238 0.04375191 0.5257968
-0.1381206 -0.8379322 0.04588299 0.5260106
-0.135299 -0.8381358 0.0480737 0.5262238
-0.1324034 -0.8383335 0.05031985 0.5264354
-0.1294391 -0.838524 0.0526172 0.5266445
-0.1264112 -0.8387063 0.05496149 0.5268503
-0.1233252 -0.8388792 0.0573485 0.527052
-0.1201865 -0.8390418 0.05977392 0.5272487
-0.1170003 -0.8391932 0.0622335 0.5274397
-0.1137722 -0.8393327 0.06472296 0.5276244
-0.1105076 -0.8394594 0.06723799 0.5278022
-0.1072119 -0.8395727 0.06977429 0.5279724
-0.1038907 -0.8396721 0.07232758 0.5281346
-0.1005495 -0.8397573 0.07489356 0.5282883
-0.09719384 -0.8398277 0.07746792 0.5284332
-0.09382929 -0.8398831 0.08004634 0.5285688
-0.09046142 -0.8399236 0.0826246 0.528695
-0.08709582 -0.8399487 0.08519838 0.5288116
-0.0837381 -0.8399589 0.08776342 0.5289183
-0.08039387 -0.8399541 0.09031546 0.5290152
-0.07706872 -0.8399345 0.09285028 0.5291023
-0.07376827 -0.8399007 0.09536365 0.5291795
-0.07049814 -0.8398528 0.09785137 0.529247
-0.0672639 -0.8397916 0.1003093 0.5293049
-0.06407117 -0.8397176 0.1027332 0.5293535
-0.06092551 -0.8396315 0.1051189 0.5293931
-0.05783252 -0.8395342 0.1074625 0.5294239
-0.0547977 -0.8394263 0.1097597 0.5294465
-0.05182663 -0.839309 0.1120066 0.529461
-0.04892481 -0.8391832 0.114199 0.5294682
-0.04609777 -0.83905 0.1163331 0.5294684
-0.04335093 -0.8389105 0.1184048 0.5294622
-0.04068981 -0.8387659 0.1204101 0.5294503
-0.0381198 -0.8386174 0.1223452 0.5294331
-0.03564634 -0.8384662 0.1242061 0.5294115
-0.03327483 -0.8383139 0.1259889 0.5293859
-0.03101062 -0.8381615 0.1276898 0.5293572
-0.0288591 -0.8380104 0.129305 0.529326
-0.02682558 -0.8378621 0.1308305 0.5292929
-0.02491542 -0.8377178 0.1322626 0.5292587
-0.02313392 -0.837579 0.1335975 0.5292241
-0.02148637 -0.8374467 0.1348314 0.5291897
-0.01997808 -0.8373227 0.1359603 0.5291563
-0.01861433 -0.837208 0.1369807 0.5291245
-0.0174004 -0.8371038 0.1378886 0.5290948
-0.01634161 -0.8370113 0.1386801 0.5290679
-0.01544321 -0.8369316 0.1393515 0.5290444
-0.01471053 -0.836866 0.139899 0.5290248
-0.0141489 -0.8368151 0.1403186 0.5290094
-0.01376358 -0.83678 0.1406064 0.5289987
-0.01355998 -0.8367614 0.1407584 0.528993
-0.01352724 -0.8367584 0.1407829 0.5289921
0.01359381 0.8366762 -0.1411921 -0.5290113
0.01379109 0.8364316 -0.142405 -0.5290678
0.01411564 0.8360264 -0.1443999 -0.5291589
0.0145642 0.8354604 -0.1471569 -0.5292813
0.0151337 0.8347318 -0.1506564 -0.5294303
0.01582121 0.8338372 -0.1548801 -0.5296011
0.01662392 0.8327721 -0.1598101 -0.5297878
0.01753908 0.8315305 -0.1654289 -0.5299839
0.01856402 0.8301053 -0.1717193 -0.5301822
0.01969606 0.8284887 -0.1786643 -0.530375
0.02093254 0.8266718 -0.1862465 -0.5305542
0.02227072 0.8246452 -0.1944483 -0.5307111
0.02370779 0.8223987 -0.2032514 -0.5308363
0.02524085 0.8199218 -0.2126372 -0.5309206
0.02686684 0.8172037 -0.2225857 -0.5309539
0.02858254 0.8142334 -0.2330762 -0.5309261
0.03038453 0.8110001 -0.2440866 -0.530827
0.03226918 0.8074931 -0.2555937 -0.5306463
0.03423262 0.8037021 -0.2675725 -0.5303735
0.03627072 0.7996174 -0.2799968 -0.5299983
0.0383791 0.7952303 -0.2928385 -0.5295107
0.04055306 0.7905326 -0.3060679 -0.5289009
0.04278764 0.7855178 -0.3196537 -0.5281596
0.04507763 0.7801806 -0.3335629 -0.5272779
0.04741749 0.7745172 -0.3477609 -0.5262481
0.04980146 0.7685258 -0.3622116 -0.5250626
0.05222352 0.7622063 -0.3768775 -0.5237151
0.05467745 0.7555608 -0.3917201 -0.5222007
0.05715684 0.7485938 -0.4066995 -0.5205151
0.05965512 0.7413118 -0.4217755 -0.5186555
0.06216566 0.733724 -0.4369071 -0.5166206
0.06468172 0.7258417 -0.4520532 -0.5144104
0.06719656 0.717679 -0.4671729 -0.5120263
0.06970353 0.7092522 -0.4822256 -0.5094715
0.07219599 0.70058 -0.4971714 -0.5067505
0.07466754 0.6916831 -0.5119717 -0.5038693
0.07711193 0.6825844 -0.5265891 -0.5008355
0.07952312 0.6733088 -0.5409878 -0.4976581
0.0818954 0.6638828 -0.5551338 -0.4943472
0.0842234 0.6543342 -0.5689957 -0.4909146
0.08650206 0.6446922 -0.5825437 -0.4873727
0.08872674 0.634987 -0.5957511 -0.4837352
0.09089319 0.6252492 -0.6085935 -0.4800166
0.09299756 0.6155101 -0.6210489 -0.4762322
0.09503645 0.6058012 -0.6330984 -0.4723976
0.09700687 0.5961539 -0.6447253 -0.4685291
0.09890626 0.5865992 -0.6559159 -0.4646431
0.1007324 0.577168 -0.6666586 -0.4607563
0.1024836 0.5678905 -0.6769443 -0.4568852
0.1041583 0.5587959 -0.6867657 -0.4530466
0.1057554 0.5499126 -0.6961182 -0.4492566
0.1072741 0.5412684 -0.7049983 -0.4455314
0.108714 0.5328897 -0.7134045 -0.4418868
0.1100745 0.5248019 -0.7213366 -0.438338
0.1113557 0.5170293 -0.7287953 -0.4349
0.1125575 0.5095956 -0.7357824 -0.4315872
0.1136802 0.5025228 -0.7423003 -0.4284133
0.1147238 0.4958324 -0.7483519 -0.4253919
0.1156887 0.489545 -0.75394 -0.4225357
0.1165752 0.4836799 -0.7590678 -0.4198572
0.1173834 0.4782563 -0.763738 -0.4173682
0.1181136 0.4732925 -0.767953 -0.4150802
0.1187658 0.4688061 -0.7717144 -0.4130042
0.11934 0.4648145 -0.7750229 -0.4111508
0.119836 0.4613348 -0.7778782 -0.4095301
0.1202532 0.4583839 -0.7802789 -0.4081522
0.120591 0.4559783 -0.7822218 -0.4070266
0.1208486 0.4541352 -0.7837019 -0.4061628
0.1210245 0.4528711 -0.7847128 -0.4055696
0.1211172 0.4522032 -0.7852455 -0.405256
0.1211321 0.4520959 -0.785331 -0.4052055
0.1211048 0.4520296 -0.7854148 -0.4051253
0.1210241 0.4518333 -0.7856628 -0.4048873
0.1208914 0.4515105 -0.7860702 -0.4044962
0.1207082 0.4510649 -0.7866318 -0.4039562
0.120476 0.4504997 -0.7873422 -0.4032715
0.1201962 0.4498182 -0.7881963 -0.4024464
0.1198701 0.4490239 -0.7891886 -0.4014848
0.1194992 0.4481199 -0.7903136 -0.400391
0.1190849 0.4471093 -0.7915658 -0.3991688
0.1186284 0.4459953 -0.7929395 -0.3978221
0.1181313 0.444781 -0.7944291 -0.3963551
0.1175947 0.4434695 -0.7960287 -0.3947715
0.1170202 0.4420638 -0.7977328 -0.3930754
0.116409 0.440567 -0.7995355 -0.3912706
0.1157624 0.4389822 -0.8014309 -0.3893611
0.115082 0.4373126 -0.8034135 -0.3873509
0.114369 0.4355612 -0.8054771 -0.3852439
0.1136248 0.4337313 -0.8076161 -0.3830442
0.1128509 0.431826 -0.8098246 -0.380756
0.1120487 0.4298486 -0.812097 -0.3783832
0.1112195 0.4278025 -0.8144274 -0.37593
0.1103649 0.4256909 -0.8168101 -0.3734009
0.1094863 0.4235174 -0.8192394 -0.3707999
0.1085853 0.4212854 -0.8217099 -0.3681315
0.1076633 0.4189985 -0.8242158 -0.3654001
0.1067218 0.4166604 -0.8267517 -0.3626103
0.1057625 0.4142747 -0.8293123 -0.3597665
0.104787 0.4118451 -0.8318922 -0.3568735
0.1037967 0.4093757 -0.8344862 -0.3539359
0.1027934 0.4068703 -0.8370891 -0.3509586
0.1017787 0.404333 -0.839696 -0.3479463
0.1007543 0.4017678 -0.8423019 -0.3449041
0.09972176 0.3991788 -0.8449021 -0.3418368
0.09868292 0.3965703 -0.8474918 -0.3387496
0.09763947 0.3939466 -0.8500666 -0.3356476
0.09659315 0.3913122 -0.852622 -0.332536
0.0955457 0.3886713 -0.8551539 -0.3294199
0.09449891 0.3860285 -0.857658 -0.3263047
0.09345457 0.3833884 -0.8601303 -0.3231958
0.09241447 0.3807555 -0.8625671 -0.3200983
0.09138041 0.3781345 -0.8649645 -0.3170178
0.09035423 0.3755301 -0.8673192 -0.3139598
0.08933775 0.3729471 -0.8696275 -0.3109297
0.08833279 0.3703901 -0.8718863 -0.3079329
0.0873412 0.3678641 -0.8740925 -0.3049751
0.08636483 0.3653739 -0.8762429 -0.3020617
0.0854055 0.3629243 -0.8783349 -0.2991984
0.08446506 0.3605203 -0.8803656 -0.2963906
0.08354538 0.3581666 -0.8823323 -0.2936439
0.08264826 0.3558683 -0.8842325 -0.2909639
0.08177558 0.3536302 -0.8860639 -0.2883562
0.08092915 0.3514572 -0.8878241 -0.2858262
0.08011083 0.3493544 -0.889511 -0.2833797
0.07932243 0.3473266 -0.8911223 -0.281022
0.07856578 0.3453787 -0.8926559 -0.2787588
0.0778427 0.3435156 -0.89411 -0.2765954
0.077155 0.3417423 -0.8954823 -0.2745375
0.07650447 0.3400636 -0.896771 -0.2725904
0.07589295 0.3384844 -0.8979743 -0.2707598
0.07532221 0.3370095 -0.89909 -0.2690509
0.07479403 0.3356438 -0.9001163 -0.2674692
0.07431022 0.334392 -0.9010512 -0.2660201
0.07387251 0.333259 -0.9018927 -0.264709
0.07348274 0.3322496 -0.9026387 -0.2635413
0.07314261 0.3313684 -0.903287 -0.2625222
0.07285391 0.3306201 -0.9038353 -0.2616571
0.07261838 0.3300095 -0.9042813 -0.2609513
0.0724378 0.3295413 -0.9046225 -0.2604101
0.07231389 0.3292199 -0.9048563 -0.2600388
0.07224841 0.3290501 -0.9049796 -0.2598425
0.07223789 0.3290228 -0.9049994 -0.259811
0.07220498 0.3287516 -0.90509 -0.2598477
0.07210742 0.3279479 -0.9053581 -0.2599566
0.07194692 0.3266261 -0.9057973 -0.2601351
0.07172508 0.3247998 -0.9064009 -0.2603808
0.07144336 0.3224822 -0.9071612 -0.2606908
0.07110318 0.3196858 -0.9080704 -0.2610624
0.07070588 0.3164228 -0.9091198 -0.2614926
0.07025275 0.3127052 -0.9103007 -0.2619784
0.069745 0.3085443 -0.9116037 -0.2625164
0.06918383 0.3039517 -0.9130189 -0.2631034
0.06857045 0.2989387 -0.9145366 -0.2637359
0.06790598 0.2935167 -0.9161462 -0.2644106
0.06719164 0.287697 -0.9178373 -0.2651237
0.06642858 0.2814913 -0.9195989 -0.2658716
0.06561801 0.2749113 -0.9214203 -0.2666507
0.06476118 0.2679691 -0.9232904 -0.2674572
0.06385938 0.2606772 -0.925198 -0.2682874
0.06291393 0.2530482 -0.9271319 -0.2691374
0.06192625 0.2450955 -0.9290811 -0.2700033
0.06089777 0.2368328 -0.9310343 -0.2708816
0.05983004 0.2282744 -0.9329808 -0.2717682
0.0587247 0.2194352 -0.9349098 -0.2726595
0.05758343 0.2103307 -0.9368109 -0.2735518
0.05640802 0.2009766 -0.9386738 -0.2744415
0.05520036 0.1913899 -0.9404887 -0.275325
0.05396244 0.1815876 -0.9422463 -0.276199
0.0526963 0.1715876 -0.9439378 -0.2770602
0.05140413 0.1614083 -0.9455547 -0.2779053
0.05008816 0.1510686 -0.9470894 -0.2787314
0.04875075 0.1405879 -0.9485348 -0.2795357
0.04739431 0.1299862 -0.9498845 -0.2803156
0.04602135 0.1192837 -0.951133 -0.2810687
0.04463445 0.1085012 -0.9522752 -0.2817928
0.04323623 0.0976596 -0.9533074 -0.2824859
0.04182942 0.08678018 -0.9542262 -0.2831464
0.04041675 0.07588422 -0.9550294 -0.2837728
0.03900101 0.06499325 -0.9557155 -0.2843639
0.03758502 0.0541288 -0.9562839 -0.2849188
0.03617163 0.04331234 -0.9567349 -0.2854367
0.03476369 0.03256514 -0.9570696 -0.2859173
0.03336405 0.02190844 -0.9572902 -0.2863605
0.03197556 0.01136313 -0.9573994 -0.2867663
0.03060108 0.0009498037 -0.9574007 -0.2871351
0.0292434 -0.009311221 -0.9572986 -0.2874675
0.0279053 -0.01940016 -0.9570981 -0.2877643
0.02658954 -0.02929755 -0.9568048 -0.2880264
0.02529879 -0.03898454 -0.9564252 -0.2882553
0.02403573 -0.04844264 -0.955966 -0.2884522
0.02280294 -0.05765399 -0.9554346 -0.2886187
0.02160297 -0.06660116 -0.9548389 -0.2887565
0.02043828 -0.07526745 -0.9541869 -0.2888675
0.01931132 -0.08363646 -0.9534872 -0.2889538
0.01822444 -0.09169246 -0.9527484 -0.2890171
0.01717993 -0.09942009 -0.9519795 -0.2890599
0.01618006 -0.1068045 -0.9511895 -0.2890842
0.01522699 -0.1138314 -0.9503874 -0.2890922
0.0143229 -0.1204867 -0.9495826 -0.2890863
0.01346986 -0.1267566 -0.9487839 -0.2890685
0.01266993 -0.1326278 -0.9480003 -0.2890412
0.01192515 -0.138087 -0.9472408 -0.2890065
0.0112375 -0.1431213 -0.9465138 -0.2889666
0.01060897 -0.1477175 -0.9458278 -0.2889234
0.01004152 -0.1518629 -0.9451909 -0.288879
0.009537108 -0.1555444 -0.9446107 -0.2888352
0.009097698 -0.1587488 -0.9440944 -0.2887937
0.008725268 -0.1614628 -0.9436491 -0.2887562
