0.06315333 0.5529069 0.04119116 0.8298246
0.06229066 0.5535821 0.04166544 0.8294159
0.06106976 0.554536 0.04233646 0.8288354
0.05950054 0.5557591 0.04319855 0.8280854
0.05759269 0.557242 0.04424615 0.8271679
0.05535569 0.5589747 0.04547372 0.8260843
0.05279892 0.5609474 0.0468758 0.8248352
0.04993161 0.5631495 0.04844688 0.8234212
0.04676299 0.5655708 0.05018154 0.8218423
0.04330225 0.5682006 0.05207425 0.8200983
0.03955863 0.5710282 0.05411951 0.8181889
0.03554145 0.5740424 0.05631171 0.8161135
0.03126013 0.5772321 0.05864519 0.8138714
0.02672425 0.5805859 0.06111419 0.8114622
0.02194359 0.5840924 0.06371287 0.8088852
0.01692813 0.5877397 0.06643522 0.8061401
0.01168809 0.5915161 0.06927515 0.8032266
0.006233967 0.5954098 0.07222645 0.8001448
0.0005765128 0.5994085 0.07528272 0.796895
-0.005273157 0.6035003 0.07843743 0.7934778
-0.01130371 0.607673 0.08168395 0.7898946
-0.01750344 0.6119146 0.08501546 0.7861466
-0.02386033 0.6162128 0.08842502 0.7822362
-0.03036208 0.6205557 0.09190555 0.7781659
-0.03699607 0.6249313 0.09544987 0.7739389
-0.04374943 0.6293279 0.09905069 0.7695592
-0.050609 0.6337339 0.1027006 0.7650312
-0.05756138 0.6381378 0.1063921 0.7603601
-0.06459298 0.6425287 0.1101178 0.7555519
-0.07169001 0.6468959 0.1138699 0.750613
-0.07883855 0.6512288 0.117641 0.7455509
-0.08602458 0.6555176 0.1214234 0.7403734
-0.09323397 0.6597528 0.1252096 0.7350892
-0.1004527 0.6639253 0.1289922 0.7297078
-0.1076666 0.6680266 0.1327635 0.7242391
-0.1148616 0.6720486 0.1365164 0.7186937
-0.1220239 0.6759841 0.1402436 0.713083
-0.1291397 0.6798263 0.1439381 0.7074185
-0.1361955 0.6835688 0.1475929 0.7017127
-0.1431778 0.6872063 0.1512013 0.6959783
-0.1500736 0.6907335 0.1547568 0.6902286
-0.1568701 0.6941462 0.1582531 0.684477
-0.1635549 0.6974407 0.1616841 0.6787374
-0.1701159 0.7006139 0.165044 0.673024
-0.1765413 0.7036631 0.168327 0.6673511
-0.1828198 0.7065862 0.1715279 0.6617334
-0.1889403 0.709382 0.1746414 0.6561853
-0.1948923 0.7120494 0.1776628 0.6507216
-0.2006657 0.7145878 0.1805874 0.6453571
-0.2062506 0.7169973 0.1834106 0.6401064
-0.2116375 0.719278 0.1861283 0.6349843
-0.2168175 0.7214307 0.1887365 0.6300052
-0.2217816 0.7234561 0.1912313 0.6251839
-0.2265216 0.7253556 0.1936091 0.6205344
-0.2310293 0.7271304 0.1958664 0.6160709
-0.2352967 0.7287821 0.1979997 0.6118075
-0.239316 0.7303123 0.2000059 0.6077578
-0.2430799 0.7317225 0.2018816 0.6039356
-0.2465807 0.7330144 0.2036238 0.6003542
-0.2498113 0.7341896 0.2052294 0.5970268
-0.2527641 0.7352493 0.2066951 0.5939662
-0.255432 0.736195 0.2080178 0.5911853
-0.2578074 0.7370275 0.2091944 0.5886965
-0.2598828 0.7377474 0.2102215 0.5865123
-0.2616506 0.7383551 0.2110955 0.5846447
-0.2631026 0.7388505 0.211813 0.5831056
-0.2642306 0.7392331 0.2123702 0.5819069
-0.265026 0.7395016 0.2127628 0.5810599
-0.2654798 0.7396544 0.2129868 0.5805761
-0.2655905 0.7396916 0.2130414 0.580458
0.2654467 -0.7396119 -0.2129558 -0.5806566
0.2650205 -0.7393757 -0.212702 -0.5812448
0.2643195 -0.7389865 -0.2122845 -0.5822109
0.263351 -0.7384469 -0.2117075 -0.5835431
0.2621216 -0.7377592 -0.2109748 -0.5852293
0.2606382 -0.7369251 -0.2100903 -0.5872574
0.2589069 -0.7359458 -0.2090576 -0.5896151
0.256934 -0.7348223 -0.2078799 -0.5922897
0.2547254 -0.7335551 -0.2065607 -0.5952686
0.252287 -0.7321443 -0.2051031 -0.5985388
0.2496246 -0.7305902 -0.2035104 -0.6020874
0.2467441 -0.7288924 -0.2017857 -0.6059007
0.2436512 -0.7270511 -0.1999321 -0.6099656
0.2403519 -0.7250658 -0.1979528 -0.6142681
0.2368522 -0.7229363 -0.1958511 -0.6187944
0.233158 -0.7206625 -0.1936303 -0.6235304
0.2292758 -0.7182443 -0.1912938 -0.628462
0.225212 -0.715682 -0.1888451 -0.6335744
0.2209733 -0.7129757 -0.1862879 -0.6388531
0.2165667 -0.7101262 -0.183626 -0.6442835
0.2119992 -0.7071342 -0.1808634 -0.6498507
0.2072785 -0.7040014 -0.1780044 -0.6555396
0.2024124 -0.700729 -0.1750533 -0.6613353
0.1974088 -0.6973193 -0.1720147 -0.6672229
0.1922764 -0.6937749 -0.1688935 -0.6731873
0.1870237 -0.6900989 -0.1656947 -0.6792135
0.1816599 -0.6862947 -0.1624236 -0.6852867
0.1761943 -0.6823665 -0.1590856 -0.6913924
0.1706366 -0.6783189 -0.1556863 -0.6975159
0.1649969 -0.6741573 -0.1522319 -0.7036431
0.1592852 -0.6698872 -0.1487283 -0.7097601
0.1535121 -0.6655152 -0.1451818 -0.7158532
0.1476883 -0.6610482 -0.141599 -0.7219093
0.1418249 -0.6564939 -0.1379865 -0.7279158
0.1359327 -0.65186 -0.134351 -0.7338601
0.1300232 -0.6471555 -0.1306995 -0.7397307
0.1241076 -0.6423891 -0.1270389 -0.7455164
0.1181975 -0.6375707 -0.1233765 -0.7512066
0.1123042 -0.6327101 -0.1197194 -0.7567912
0.1064393 -0.627818 -0.1160748 -0.7622611
0.1006143 -0.6229051 -0.11245 -0.7676073
0.09484059 -0.6179827 -0.1088522 -0.7728221
0.08912953 -0.6130621 -0.1052887 -0.7778979
0.08349239 -0.6081553 -0.1017666 -0.782828
0.07794025 -0.6032741 -0.09829322 -0.7876067
0.07248407 -0.5984306 -0.09487553 -0.7922282
0.06713458 -0.5936372 -0.09152054 -0.796688
0.06190245 -0.5889063 -0.0882352 -0.8009819
0.05679797 -0.5842505 -0.08502627 -0.8051062
0.05183138 -0.579682 -0.08190046 -0.8090579
0.04701251 -0.5752133 -0.0788643 -0.8128345
0.04235115 -0.5708571 -0.07592425 -0.8164337
0.03785677 -0.5666255 -0.07308662 -0.8198541
0.03353861 -0.5625311 -0.07035758 -0.8230941
0.02940578 -0.5585858 -0.06774319 -0.8261526
0.0254671 -0.5548017 -0.06524941 -0.829029
0.02173128 -0.5511909 -0.06288204 -0.8317225
0.01820682 -0.5477649 -0.06064681 -0.8342327
0.0149021 -0.5445355 -0.05854939 -0.8365591
0.01182544 -0.541514 -0.05659531 -0.8387012
0.008984895 -0.5387119 -0.05479004 -0.8406586
0.006388691 -0.53614 -0.05313906 -0.8424306
0.004044825 -0.5338094 -0.05164772 -0.8440164
0.001961378 -0.5317308 -0.05032146 -0.8454149
0.0001464619 -0.5299147 -0.04916562 -0.8466246
-0.001391841 -0.5283716 -0.04818561 -0.8476437
-0.002645208 -0.5271115 -0.04738687 -0.8484698
-0.003605248 -0.5261449 -0.04677489 -0.8491
-0.004263534 -0.5254812 -0.0463552 -0.8495308
-0.004611239 -0.5251303 -0.04613349 -0.849758
-0.004667133 -0.5250739 -0.04609786 -0.8497944
-0.004620495 -0.5251129 -0.04612304 -0.8497692
-0.00448238 -0.5252281 -0.04619765 -0.8496948
-0.00425544 -0.5254174 -0.04632023 -0.8495722
-0.003942332 -0.5256786 -0.04648934 -0.8494029
-0.00354571 -0.5260092 -0.04670355 -0.8491882
-0.003068225 -0.5264069 -0.0469614 -0.8489293
-0.002512524 -0.5268695 -0.04726147 -0.8486275
-0.001881255 -0.5273945 -0.04760228 -0.8482839
-0.001177065 -0.5279796 -0.04798243 -0.8478997
-0.0004025985 -0.5286224 -0.04840045 -0.8474761
0.0004394966 -0.5293205 -0.04885489 -0.8470141
0.001346574 -0.5300716 -0.04934432 -0.8465149
0.002315984 -0.5308731 -0.04986727 -0.8459798
0.003345075 -0.5317227 -0.05042231 -0.8454096
0.004431193 -0.532618 -0.05100797 -0.8448057
0.005571683 -0.5335567 -0.05162283 -0.844169
0.006763887 -0.5345362 -0.05226539 -0.8435009
0.008005138 -0.5355542 -0.05293423 -0.8428023
0.009292771 -0.5366083 -0.05362789 -0.8420745
0.01062412 -0.537696 -0.05434489 -0.8413185
0.0119965 -0.538815 -0.05508379 -0.8405357
0.01340725 -0.5399629 -0.05584313 -0.8397272
0.01485367 -0.5411374 -0.05662144 -0.8388943
0.01633309 -0.5423361 -0.05741727 -0.8380382
0.01784281 -0.5435566 -0.05822914 -0.8371602
0.01938014 -0.5447966 -0.05905561 -0.8362616
0.02094239 -0.5460538 -0.0598952 -0.8353438
0.02252686 -0.5473258 -0.06074646 -0.8344081
0.02413085 -0.5486104 -0.06160792 -0.8334559
0.02575164 -0.5499054 -0.06247812 -0.8324887
0.02738655 -0.5512083 -0.06335559 -0.831508
0.02903286 -0.5525171 -0.0642389 -0.8305151
0.03068787 -0.5538295 -0.06512655 -0.8295117
0.03234886 -0.5551434 -0.06601711 -0.8284993
0.03401313 -0.5564564 -0.06690913 -0.8274797
0.035678 -0.5577666 -0.06780116 -0.8264542
0.03734072 -0.5590717 -0.06869172 -0.8254247
0.03899863 -0.5603698 -0.06957941 -0.8243928
0.04064899 -0.5616586 -0.07046276 -0.8233604
0.04228913 -0.5629361 -0.07134032 -0.822329
0.04391636 -0.5642005 -0.07221068 -0.8213007
0.04552795 -0.5654494 -0.07307239 -0.8202772
0.04712126 -0.5666811 -0.07392403 -0.8192603
0.04869357 -0.5678936 -0.07476418 -0.818252
0.05024223 -0.5690848 -0.07559142 -0.8172541
0.05176454 -0.570253 -0.07640432 -0.8162686
0.05325786 -0.5713961 -0.07720149 -0.8152975
0.05471952 -0.5725124 -0.0779815 -0.8143428
0.05614685 -0.5736001 -0.07874299 -0.8134065
0.05753721 -0.574657 -0.07948453 -0.8124906
0.05888795 -0.5756817 -0.08020472 -0.8115973
0.06019643 -0.5766721 -0.08090217 -0.8107284
0.06146003 -0.5776266 -0.08157554 -0.8098862
0.06267609 -0.5785434 -0.0822234 -0.8090727
0.06384202 -0.5794206 -0.08284439 -0.8082901
0.06495518 -0.5802566 -0.08343714 -0.8075404
0.06601295 -0.5810496 -0.08400026 -0.8068257
0.0670127 -0.5817978 -0.08453238 -0.8061482
0.06795186 -0.5824996 -0.08503215 -0.80551
0.0688278 -0.5831532 -0.08549818 -0.8049132
0.06963791 -0.5837567 -0.08592912 -0.8043599
0.07037959 -0.5843087 -0.0863236 -0.8038522
0.07105021 -0.5848072 -0.08668021 -0.8033922
0.0716472 -0.5852504 -0.08699763 -0.8029819
0.07216793 -0.5856367 -0.08727447 -0.8026236
0.07260979 -0.5859643 -0.08750936 -0.802319
0.07297017 -0.5862312 -0.08770093 -0.8020704
0.07324641 -0.5864357 -0.08784775 -0.8018796
0.07343593 -0.5865759 -0.08794849 -0.8017486
0.07353609 -0.5866501 -0.08800171 -0.8016794
0.07355219 -0.586662 -0.08801027 -0.8016683
-0.07350958 0.5870457 0.08770826 0.8014244
-0.07338304 0.5881827 0.08681232 0.8006995
-0.07317415 0.5900528 0.08533562 0.7995005
-0.07288388 0.5926366 0.08328885 0.79783
-0.07251277 0.5959153 0.08068056 0.7956868
-0.07206089 0.5998708 0.07751738 0.7930658
-0.0715279 0.6044849 0.07380425 0.7899588
-0.07091311 0.6097394 0.06954472 0.7863542
-0.07021547 0.6156156 0.06474119 0.7822377
-0.0694337 0.6220944 0.05939518 0.7775923
-0.06856623 0.6291551 0.05350761 0.7723986
-0.06761128 0.6367757 0.04707911 0.7666348
-0.06656697 0.6449326 0.04011032 0.7602776
-0.06543121 0.6535996 0.03260222 0.7533017
-0.06420198 0.6627482 0.02455649 0.7456808
-0.06287718 0.6723468 0.01597591 0.737388
-0.06145484 0.6823606 0.006864659 0.7283956
-0.05993312 0.6927512 -0.00277111 0.7186766
-0.05831046 0.7034763 -0.01292305 0.7082047
-0.0565856 0.7144897 -0.02358009 0.6969553
-0.05475767 0.7257409 -0.0347281 0.6849056
-0.0528264 0.7371755 -0.04634935 0.6720367
-0.05079209 0.7487352 -0.05842239 0.6583332
-0.04865572 0.7603577 -0.0709217 0.6437848
-0.04641915 0.7719778 -0.08381731 0.6283871
-0.04408509 0.7835273 -0.09707485 0.6121423
-0.0416572 0.7949362 -0.1106555 0.5950601
-0.03914016 0.8061339 -0.1245163 0.5771585
-0.03653968 0.8170494 -0.1386098 0.5584643
-0.03386253 0.8276132 -0.1528853 0.5390137
-0.03111645 0.8377584 -0.1672887 0.5188519
-0.02831017 0.8474216 -0.1817635 0.4980333
-0.02545327 0.856545 -0.1962517 0.4766215
-0.0225561 0.8650767 -0.2106943 0.4546883
-0.01962956 0.8729724 -0.2250326 0.4323126
-0.01668501 0.880196 -0.2392092 0.4095796
-0.01373408 0.8867205 -0.2531685 0.3865794
-0.01078845 0.8925283 -0.2668582 0.3634056
-0.007859639 0.897611 -0.2802297 0.3401532
-0.004958884 0.9019698 -0.2932389 0.3169178
-0.002096944 0.9056151 -0.3058467 0.2937936
0.0007160448 0.9085656 -0.3180195 0.2708721
0.003470721 0.9108475 -0.3297292 0.2482407
0.006158527 0.9124939 -0.3409534 0.2259818
0.008771845 0.9135433 -0.3516753 0.2041717
0.01130396 0.9140391 -0.3618833 0.1828805
0.01374914 0.9140278 -0.3715708 0.1621709
0.01610253 0.9135584 -0.3807357 0.142099
0.01836021 0.9126816 -0.3893798 0.1227133
0.02051907 0.9114484 -0.3975086 0.104056
0.02257676 0.9099097 -0.4051305 0.0861621
0.02453162 0.9081154 -0.4122561 0.06906125
0.02638258 0.9061142 -0.4188981 0.05277706
0.02812907 0.9039527 -0.4250705 0.03732856
0.02977099 0.9016754 -0.4307883 0.02273051
0.03130853 0.8993246 -0.4360668 0.00899386
0.03274214 0.8969399 -0.4409216 -0.003873009
0.03407246 0.8945584 -0.4453681 -0.01586425
0.03530021 0.8922145 -0.4494213 -0.02697549
0.03642619 0.8899403 -0.4530952 -0.03720357
0.03745112 0.8877653 -0.456403 -0.04654583
0.03837563 0.8857167 -0.4593566 -0.05499921
0.03920026 0.8838192 -0.4619667 -0.0625606
0.03992528 0.8820957 -0.4642425 -0.0692255
0.04055076 0.880567 -0.4661912 -0.07498803
0.04107645 0.879252 -0.4678186 -0.07984055
0.04150177 0.8781677 -0.4691282 -0.08377273
0.04182573 0.8773295 -0.4701215 -0.08677159
0.04204695 0.8767511 -0.4707977 -0.08882124
0.04216352 0.8764443 -0.4711532 -0.08990177
0.04218223 0.8763949 -0.4712103 -0.09007532
0.04224844 0.8764951 -0.4709647 -0.09035323
0.04244459 0.8767914 -0.4702364 -0.09117675
0.04276714 0.877276 -0.469037 -0.09253112
0.04321261 0.8779407 -0.4673769 -0.0944022
0.04377767 0.8787756 -0.4652648 -0.09677641
0.04445904 0.8797703 -0.4627087 -0.09964062
0.0452535 0.8809135 -0.4597154 -0.102982
0.04615787 0.8821929 -0.456291 -0.1067881
0.047169 0.8835955 -0.452441 -0.1110464
0.04828368 0.8851076 -0.4481703 -0.1157444
0.0494987 0.8867146 -0.4434834 -0.1208697
0.05081077 0.8884018 -0.4383848 -0.1264096
0.05221651 0.8901532 -0.4328787 -0.1323511
0.05371245 0.8919526 -0.4269697 -0.1386806
0.05529499 0.8937835 -0.4206624 -0.1453843
0.05696038 0.8956287 -0.4139619 -0.1524478
0.05870472 0.8974707 -0.4068738 -0.1598558
0.06052391 0.8992919 -0.3994044 -0.1675923
0.06241369 0.9010744 -0.3915607 -0.1756408
0.06436961 0.9028006 -0.3833507 -0.1839837
0.066387 0.9044526 -0.3747835 -0.1926025
0.06846099 0.906013 -0.3658693 -0.2014779
0.07058654 0.9074646 -0.3566196 -0.2105898
0.07275843 0.908791 -0.3470471 -0.219917
0.07497121 0.9099763 -0.337166 -0.2294377
0.07721931 0.9110054 -0.3269918 -0.2391291
0.07949701 0.9118643 -0.3165418 -0.2489678
0.0817985 0.9125403 -0.3058344 -0.2589298
0.08411787 0.9130217 -0.2948895 -0.2689905
0.0864491 0.9132984 -0.2837285 -0.2791249
0.08878624 0.9133621 -0.2723741 -0.2893079
0.09112329 0.9132059 -0.2608503 -0.299514
0.09345435 0.9128249 -0.2491821 -0.3097181
0.09577356 0.912216 -0.2373957 -0.3198949
0.09807522 0.911378 -0.2255179 -0.3300197
0.1003538 0.9103119 -0.2135763 -0.3400685
0.102604 0.9090203 -0.2015993 -0.3500174
0.1048207 0.9075081 -0.1896153 -0.359844
0.106999 0.905782 -0.177653 -0.3695263
0.1091345 0.9038503 -0.1657411 -0.3790437
0.111223 0.9017235 -0.1539081 -0.3883768
0.1132604 0.8994133 -0.1421823 -0.3975073
0.1152433 0.8969332 -0.1305912 -0.4064182
0.1171685 0.894298 -0.1191618 -0.4150941
0.1190332 0.8915236 -0.1079204 -0.423521
0.1208348 0.8886271 -0.09689228 -0.431686
0.1225712 0.8856264 -0.08610176 -0.4395779
0.1242405 0.8825402 -0.0755722 -0.4471868
0.1258414 0.8793876 -0.0653258 -0.454504
0.1273725 0.8761885 -0.05538374 -0.4615221
0.128833 0.8729626 -0.04576583 -0.4682349
0.130222 0.8697301 -0.03649112 -0.4746371
0.1315392 0.8665107 -0.02757737 -0.4807245
0.1327842 0.8633247 -0.01904135 -0.4864938
0.1339569 0.8601916 -0.01089898 -0.4919423
0.1350573 0.8571308 -0.00316518 -0.4970678
0.1360855 0.8541612 0.004145775 -0.5018687
0.1370417 0.8513015 0.01102045 -0.5063438
0.137926 0.8485695 0.01744574 -0.5104918
0.1387387 0.8459828 0.02340922 -0.5143119
0.1394798 0.8435581 0.02889867 -0.517803
0.1401496 0.8413118 0.03390199 -0.5209637
0.140748 0.8392594 0.03840737 -0.5237925
0.1412749 0.8374158 0.04240264 -0.5262873
0.1417302 0.8357951 0.04587564 -0.5284455
0.1421132 0.8344109 0.0488138 -0.5302636
0.1424234 0.833276 0.05120403 -0.5317375
0.1426598 0.8324025 0.05303266 -0.5328619
0.1428214 0.8318013 0.05428528 -0.5336307
0.1429065 0.8314831 0.05494663 -0.534036
0.1429202 0.8314319 0.05505288 -0.5341012
0.1428886 0.8316424 0.05472415 -0.5338154
0.1427946 0.8322657 0.05374942 -0.5329678
0.1426392 0.8332878 0.0521445 -0.5315698
0.142423 0.8346943 0.0499235 -0.5296307
0.1421458 0.8364697 0.04709895 -0.5271572
0.1418074 0.8385974 0.04368211 -0.5241537
0.1414068 0.8410596 0.03968308 -0.5206228
0.1409431 0.8438379 0.03511118 -0.5165655
0.1404147 0.8469123 0.029975 -0.5119812
0.1398199 0.8502619 0.02428273 -0.5068683
0.1391568 0.8538644 0.01804241 -0.501224
0.1384232 0.8576962 0.0112621 -0.4950449
0.1376168 0.8617322 0.003950157 -0.4883275
0.1367352 0.8659459 -0.003884511 -0.4810676
0.1357758 0.8703095 -0.0122322 -0.4732617
0.1347362 0.8747936 -0.02108219 -0.4649063
0.1336137 0.8793673 -0.03042251 -0.4559989
0.132406 0.8839985 -0.0402396 -0.4465381
0.1311107 0.8886535 -0.05051825 -0.4365237
0.1297258 0.8932979 -0.06124127 -0.4259574
0.1282494 0.8978959 -0.07238939 -0.4148431
0.12668 0.9024115 -0.08394096 -0.4031868
0.1250166 0.9068078 -0.09587202 -0.3909975
0.1232585 0.9110481 -0.1081562 -0.3782869
0.1214057 0.9150959 -0.1207643 -0.3650703
0.1194587 0.9189153 -0.1336651 -0.3513661
0.1174188 0.9224716 -0.1468246 -0.3371965
0.1152878 0.9257321 -0.1602067 -0.3225875
0.1130684 0.9286658 -0.1737732 -0.3075685
0.110764 0.9312443 -0.1874842 -0.2921729
0.1083789 0.9334428 -0.2012982 -0.2764375
0.105918 0.9352394 -0.2151727 -0.2604023
0.1033871 0.9366166 -0.2290645 -0.2441106
0.1007926 0.9375609 -0.2429301 -0.2276081
0.09814169 0.9380634 -0.2567264 -0.210943
0.09544207 0.9381198 -0.2704109 -0.1941648
0.092702 0.9377308 -0.2839423 -0.1773247
0.08993018 0.9369016 -0.2972811 -0.1604744
0.08713561 0.935642 -0.3103895 -0.1436656
0.08432754 0.9339665 -0.3232326 -0.1269494
0.0815153 0.9318936 -0.3357777 -0.1103761
0.07870834 0.9294456 -0.3479954 -0.09399469
0.07591591 0.9266483 -0.3598594 -0.07785181
0.07314719 0.9235303 -0.3713464 -0.06199205
0.07041101 0.9201229 -0.3824367 -0.04645718
0.06771597 0.9164592 -0.3931136 -0.03128636
0.0650702 0.9125738 -0.4033636 -0.01651548
0.06248148 0.9085025 -0.4131764 -0.002177518
0.05995707 0.9042814 -0.4225441 0.01169779
0.05750377 0.8999472 -0.4314616 0.02508373
0.05512789 0.8955361 -0.4399265 0.03795663
0.05283522 0.891084 -0.4479378 0.0502955
0.05063113 0.8866256 -0.4554968 0.06208215
0.04852049 0.8821952 -0.462606 0.07330067
0.04650779 0.8778257 -0.4692693 0.0839372
0.04459709 0.8735485 -0.4754913 0.09397997
0.04279212 0.8693938 -0.4812774 0.1034185
0.04109631 0.8653904 -0.4866334 0.1122437
0.03951286 0.8615655 -0.4915649 0.1204475
0.03804471 0.857945 -0.4960779 0.1280224
0.03669469 0.8545533 -0.5001776 0.1349613
0.03546551 0.8514135 -0.5038687 0.1412571
0.03435982 0.8485472 -0.5071555 0.1469027
0.03338026 0.8459749 -0.5100409 0.1518901
0.03252952 0.8437158 -0.5125267 0.1562111
0.03181038 0.8417881 -0.5146135 0.159856
0.03122575 0.8402088 -0.5163001 0.162814
0.03077875 0.8389938 -0.5175838 0.1650725
0.03047267 0.8381583 -0.51846 0.1666175
0.03031112 0.8377161 -0.5189214 0.1674324
0.03028516 0.837645 -0.5189955 0.1675633
-0.03018695 -0.8376468 0.5189095 -0.1678381
-0.02989596 -0.8376517 0.5186545 -0.1686521
-0.02941747 -0.8376582 0.5182342 -0.1699902
-0.0287566 -0.8376642 0.517652 -0.1718374
-0.0279183 -0.8376669 0.5169106 -0.174179
-0.02690737 -0.8376625 0.516012 -0.1770005
-0.02572852 -0.837647 0.5149581 -0.1802876
-0.02438639 -0.837616 0.5137502 -0.184026
-0.02288554 -0.8375641 0.5123895 -0.1882013
-0.02123051 -0.837486 0.5108767 -0.1927992
-0.01942587 -0.8373759 0.5092126 -0.1978052
-0.01747617 -0.8372278 0.5073974 -0.2032049
-0.01538604 -0.8370352 0.5054318 -0.2089833
-0.01316018 -0.836792 0.503316 -0.2151254
-0.01080338 -0.8364915 0.5010506 -0.221616
-0.008320547 -0.8361271 0.4986359 -0.2284392
-0.005716725 -0.8356923 0.4960727 -0.2355792
-0.002997111 -0.8351808 0.4933617 -0.2430193
-0.0001670536 -0.8345861 0.4905039 -0.2507428
0.002767912 -0.8339022 0.4875008 -0.2587324
0.005802083 -0.8331234 0.4843539 -0.2669704
0.008929532 -0.832244 0.4810652 -0.2754386
0.01214417 -0.8312591 0.4776374 -0.2841186
0.01543973 -0.8301641 0.4740731 -0.2929913
0.01880971 -0.8289549 0.4703757 -0.3020375
0.02224744 -0.827628 0.4665492 -0.3112375
0.0257461 -0.8261806 0.4625979 -0.3205713
0.0292987 -0.8246105 0.4585266 -0.3300188
0.03289811 -0.8229164 0.454341 -0.3395596
0.03653703 -0.8210974 0.450047 -0.3491732
0.04020813 -0.8191537 0.4456512 -0.3588392
0.04390393 -0.8170863 0.4411609 -0.3685369
0.04761694 -0.8148972 0.4365837 -0.3782459
0.05133959 -0.8125888 0.4319279 -0.387946
0.05506435 -0.8101646 0.4272023 -0.3976172
0.05878371 -0.8076292 0.4224161 -0.4072397
0.06249018 -0.8049877 0.417579 -0.4167944
0.06617634 -0.8022462 0.4127011 -0.4262623
0.06983493 -0.7994115 0.4077929 -0.4356251
0.07345877 -0.7964913 0.4028653 -0.4448651
0.07704086 -0.7934939 0.3979293 -0.4539653
0.08057433 -0.7904282 0.3929962 -0.4629093
0.08405257 -0.787304 0.3880778 -0.4716813
0.08746911 -0.7841314 0.3831856 -0.4802665
0.09081776 -0.7809212 0.3783314 -0.4886508
0.09409252 -0.7776845 0.3735273 -0.4968209
0.09728765 -0.7744328 0.3687848 -0.504764
0.1003976 -0.7711782 0.3641161 -0.5124685
0.1034172 -0.7679327 0.3595329 -0.5199235
0.1063414 -0.7647088 0.355047 -0.5271184
0.1091654 -0.7615188 0.3506698 -0.5340438
0.1118846 -0.7583756 0.3464129 -0.5406907
0.1144947 -0.7552918 0.3422876 -0.5470508
0.1169916 -0.7522799 0.338305 -0.5531164
0.1193712 -0.7493527 0.334476 -0.55888
0.1216298 -0.7465227 0.3308114 -0.564335
0.1237637 -0.7438022 0.3273217 -0.5694746
0.1257693 -0.7412035 0.3240172 -0.5742928
0.1276432 -0.7387388 0.3209082 -0.5787835
0.129382 -0.7364196 0.3180044 -0.5829406
0.1309823 -0.7342576 0.3153158 -0.5867584
0.1324407 -0.7322642 0.312852 -0.5902308
0.1337538 -0.7304502 0.3106224 -0.5933516
0.1349183 -0.7288266 0.3086363 -0.5961145
0.1359306 -0.7274036 0.306903 -0.5985128
0.136787 -0.7261912 0.3054316 -0.6005391
0.1374837 -0.725199 0.3042312 -0.602186
0.1380167 -0.7244366 0.3033108 -0.6034448
0.1383818 -0.7239125 0.3026792 -0.6043067
0.1385746 -0.7236352 0.3023454 -0.6047615
0.1386056 -0.7235906 0.3022918 -0.6048346
-0.138724 0.7236447 -0.3021334 0.6048218
-0.1390748 0.723805 -0.3016639 0.6047838
-0.1396511 0.7240678 -0.3008922 0.6047208
-0.1404464 0.7244294 -0.2998266 0.604633
-0.1414538 0.7248856 -0.2984752 0.6045198
-0.1426669 0.7254322 -0.2968462 0.6043812
-0.1440788 0.7260647 -0.2949474 0.6042164
-0.1456829 0.7267785 -0.2927865 0.6040246
-0.1474724 0.7275687 -0.2903712 0.6038048
-0.1494408 0.7284304 -0.2877092 0.6035562
-0.1515812 0.7293586 -0.2848079 0.6032774
-0.1538868 0.7303481 -0.281675 0.6029674
-0.1563509 0.7313936 -0.278318 0.6026251
-0.1589665 0.7324899 -0.2747447 0.6022488
-0.1617267 0.7336317 -0.2709624 0.6018376
-0.1646245 0.7348135 -0.2669793 0.60139
-0.1676529 0.7360302 -0.262803 0.6009049
-0.1708047 0.7372761 -0.2584417 0.6003811
-0.1740727 0.7385463 -0.2539033 0.5998176
-0.1774497 0.7398354 -0.2491963 0.5992132
-0.1809283 0.7411382 -0.2443291 0.5985671
-0.1845012 0.7424495 -0.2393104 0.5978784
-0.1881609 0.7437646 -0.2341489 0.5971466
-0.1918999 0.7450786 -0.2288536 0.596371
-0.1957107 0.7463867 -0.2234338 0.5955515
-0.1995856 0.7476845 -0.2178987 0.5946878
-0.2035172 0.7489678 -0.2122581 0.5937799
-0.2074977 0.7502322 -0.2065215 0.5928282
-0.2115195 0.7514741 -0.200699 0.5918329
-0.215575 0.7526896 -0.1948006 0.5907949
-0.2196566 0.7538754 -0.1888366 0.589715
-0.2237566 0.7550282 -0.1828173 0.5885943
-0.2278675 0.7561454 -0.1767533 0.5874341
-0.2319819 0.7572242 -0.1706553 0.5862361
-0.2360922 0.7582623 -0.1645339 0.5850021
-0.2401912 0.7592577 -0.1584001 0.583734
-0.2442715 0.7602087 -0.1522647 0.5824344
-0.248326 0.7611138 -0.1461386 0.5811055
-0.2523476 0.7619719 -0.140033 0.5797502
-0.2563295 0.7627823 -0.1339587 0.5783715
-0.2602647 0.7635443 -0.1279268 0.5769723
-0.2641467 0.7642579 -0.1219484 0.5755563
-0.267969 0.764923 -0.1160342 0.5741268
-0.2717251 0.7655399 -0.1101953 0.5726877
-0.2754089 0.7661092 -0.1044424 0.5712428
-0.2790144 0.766632 -0.09878632 0.5697962
-0.2825356 0.767109 -0.09323772 0.568352
-0.285967 0.7675419 -0.08780719 0.5669147
-0.2893028 0.7679321 -0.08250514 0.5654885
-0.2925376 0.7682812 -0.07734194 0.564078
-0.2956663 0.7685912 -0.07232779 0.562688
-0.2986837 0.7688642 -0.0674728 0.5613229
-0.3015848 0.7691023 -0.06278693 0.5599877
-0.3043647 0.7693079 -0.05828005 0.5586869
-0.3070187 0.7694833 -0.0539619 0.5574255
-0.3095422 0.769631 -0.04984208 0.5562082
-0.3119305 0.7697535 -0.04593015 0.5550399
-0.3141792 0.7698534 -0.04223551 0.5539254
-0.3162838 0.7699332 -0.0387675 0.5528694
-0.3182398 0.7699953 -0.03553538 0.5518767
-0.3200429 0.7700423 -0.03254841 0.550952
-0.3216886 0.7700765 -0.02981571 0.5500998
-0.3231725 0.7701001 -0.02734645 0.5493246
-0.32449 0.7701154 -0.02514973 0.5486311
-0.3256367 0.7701243 -0.02323474 0.5480233
-0.3266077 0.7701287 -0.02161062 0.5475056
-0.3273983 0.7701299 -0.02028659 0.547082
-0.3280036 0.7701296 -0.01927195 0.5467564
-0.3284185 0.7701287 -0.01857603 0.5465327
-0.3286376 0.7701281 -0.01820835 0.5464143
-0.3286728 0.7701278 -0.01814926 0.5463952
-0.3285557 0.7703847 -0.01805932 0.5461066
-0.3282081 0.7711452 -0.01779278 0.5452504
-0.3276354 0.7723937 -0.0173542 0.54384
-0.3268414 0.7741143 -0.01674785 0.5418867
-0.3258297 0.7762905 -0.01597772 0.5394005
-0.3246025 0.7789052 -0.01504753 0.5363894
-0.3231618 0.7819408 -0.01396084 0.5328604
-0.3215088 0.7853791 -0.01272106 0.5288193
-0.3196445 0.7892013 -0.01133147 0.5242712
-0.317569 0.7933878 -0.009795303 0.5192205
-0.3152826 0.7979183 -0.008115791 0.5136706
-0.3127851 0.8027719 -0.006296183 0.5076252
-0.3100762 0.8079265 -0.00433981 0.5010875
-0.3071557 0.8133597 -0.00225012 0.4940611
-0.3040234 0.8190477 -3.072204E-05 0.4865498
-0.3006792 0.8249663 0.00231457 0.4785576
-0.2971233 0.8310901 0.004781708 0.4700895
-0.2933564 0.8373932 0.007366353 0.4611513
-0.2893794 0.8438486 0.01006388 0.4517498
-0.2851937 0.850429 0.01286929 0.4418931
-0.2808017 0.8571062 0.01577729 0.4315906
-0.2762063 0.8638517 0.01878212 0.4208534
-0.2714111 0.8706365 0.0218777 0.4096945
-0.2664206 0.8774316 0.02505755 0.3981282
-0.2612405 0.8842079 0.02831475 0.3861712
-0.255877 0.8909366 0.03164204 0.373842
-0.2503378 0.8975891 0.03503176 0.3611614
-0.2446314 0.904138 0.03847595 0.3481518
-0.2387675 0.9105561 0.04196633 0.3348381
-0.2327567 0.9168179 0.04549431 0.321247
-0.2266106 0.922899 0.04905115 0.307407
-0.2203421 0.9287768 0.0526279 0.2933486
-0.2139646 0.9344304 0.05621551 0.2791036
-0.2074929 0.9398409 0.05980489 0.2647058
-0.200942 0.9449919 0.06338696 0.2501896
-0.194328 0.949869 0.06695277 0.2355906
-0.1876673 0.9544606 0.07049347 0.2209452
-0.1809769 0.9587573 0.07400043 0.2062903
-0.1742741 0.9627529 0.07746534 0.1916628
-0.1675763 0.9664431 0.08088017 0.1770998
-0.160901 0.9698268 0.0842373 0.1626377
-0.1542657 0.972905 0.08752951 0.1483128
-0.1476877 0.9756812 0.09075006 0.1341602
-0.1411839 0.9781615 0.09389267 0.1202141
-0.1347709 0.9803537 0.09695159 0.1065076
-0.128465 0.9822678 0.09992155 0.0930725
-0.1222814 0.9839155 0.1027978 0.07993878
-0.1162354 0.9853101 0.1055762 0.06713536
-0.110341 0.9864661 0.1082528 0.05468924
-0.1046121 0.9873993 0.1108244 0.042626
-0.09906133 0.9881263 0.1132882 0.03096928
-0.09370103 0.9886644 0.1156417 0.01974158
-0.0885427 0.9890316 0.1178829 0.008963515
-0.08359717 0.9892459 0.12001 -0.001345494
-0.07887469 0.9893255 0.1220215 -0.01116747
-0.07438484 0.9892886 0.1239162 -0.02048568
-0.07013685 0.9891534 0.1256931 -0.02928425
-0.06613924 0.9889375 0.1273513 -0.03754854
-0.06240034 0.9886581 0.1288901 -0.04526425
-0.05892805 0.9883317 0.1303086 -0.05241796
-0.05573002 0.9879744 0.1316062 -0.05899658
-0.05281378 0.9876013 0.132782 -0.06498719
-0.05018672 0.9872267 0.1338352 -0.07037698
-0.04785622 0.9868639 0.1347647 -0.07515295
-0.04582974 0.9865252 0.1355693 -0.07930169
-0.04411491 0.9862216 0.1362475 -0.08280949
-0.04271959 0.9859633 0.1367975 -0.08566167
-0.04165193 0.9857587 0.1372173 -0.08784278
-0.04092048 0.9856151 0.1375044 -0.08933657
-0.04053431 0.9855381 0.1376558 -0.09012499
-0.04047224 0.9855257 0.1376801 -0.09025168
0.04046386 -0.9855084 -0.137684 0.0904381
0.04043906 -0.9854569 -0.1376957 0.09099028
0.04039827 -0.9853717 -0.1377148 0.0918977
0.04034191 -0.9852528 -0.137741 0.09314993
0.04027041 -0.9850998 -0.1377739 0.09473654
0.04018416 -0.9849123 -0.137813 0.09664722
0.04008352 -0.9846892 -0.1378579 0.09887166
0.0399689 -0.9844298 -0.1379081 0.1013996
0.03984063 -0.9841326 -0.1379631 0.1042206
0.0396991 -0.9837964 -0.1380223 0.1073246
0.03954462 -0.9834195 -0.1380853 0.1107012
0.03937759 -0.9830005 -0.1381513 0.11434
0.03919832 -0.9825377 -0.1382199 0.1182307
0.03900718 -0.9820293 -0.1382905 0.1223627
0.03880452 -0.9814737 -0.1383624 0.1267256
0.03859069 -0.9808693 -0.1384351 0.1313087
0.03836607 -0.9802143 -0.1385081 0.1361013
0.03813101 -0.9795072 -0.1385806 0.1410926
0.0378859 -0.9787466 -0.1386522 0.1462718
0.03763112 -0.977931 -0.1387223 0.1516279
0.03736708 -0.9770594 -0.1387903 0.1571497
0.03709417 -0.9761305 -0.1388557 0.1628261
0.03681283 -0.9751437 -0.1389181 0.1686457
0.03652348 -0.9740982 -0.1389769 0.1745974
0.03622658 -0.9729936 -0.1390318 0.1806694
0.03592258 -0.9718296 -0.1390822 0.1868504
0.03561196 -0.9706063 -0.1391279 0.1931286
0.03529521 -0.9693241 -0.1391683 0.1994925
0.03497284 -0.9679835 -0.1392033 0.2059303
0.03464536 -0.9665855 -0.1392326 0.2124303
0.03431329 -0.965131 -0.1392559 0.2189806
0.0339772 -0.9636218 -0.139273 0.2255696
0.03363764 -0.9620596 -0.1392837 0.2321854
0.03329518 -0.9604462 -0.139288 0.2388164
0.0329504 -0.9587845 -0.1392858 0.2454507
0.03260391 -0.9570769 -0.1392771 0.252077
0.0322563 -0.9553264 -0.1392618 0.2586834
0.0319082 -0.9535366 -0.1392401 0.2652586
0.03156023 -0.9517108 -0.139212 0.2717912
0.03121302 -0.9498532 -0.1391778 0.27827
0.03086722 -0.9479679 -0.1391376 0.2846838
0.03052347 -0.9460593 -0.1390916 0.2910217
0.03018242 -0.9441323 -0.1390402 0.2972729
0.02984474 -0.9421917 -0.1389836 0.3034267
0.02951107 -0.9402428 -0.1389222 0.3094727
0.0291821 -0.938291 -0.1388565 0.3154005
0.02885847 -0.9363418 -0.1387867 0.3212
0.02854085 -0.9344012 -0.1387135 0.3268614
0.02822991 -0.9324751 -0.1386372 0.3323747
0.02792631 -0.9305696 -0.1385583 0.3377306
0.02763072 -0.9286909 -0.1384775 0.3429195
0.02734379 -0.9268453 -0.1383953 0.3479322
0.02706617 -0.9250393 -0.1383121 0.3527598
0.02679853 -0.9232793 -0.1382287 0.3573932
0.02654152 -0.921572 -0.1381456 0.3618238
0.02629577 -0.9199238 -0.1380634 0.3660428
0.02606193 -0.9183413 -0.1379828 0.3700417
0.02584065 -0.9168311 -0.1379042 0.373812
0.02563255 -0.9153997 -0.1378284 0.3773455
0.02543826 -0.9140537 -0.1377559 0.3806337
0.02525841 -0.9127994 -0.1376874 0.3836685
0.02509364 -0.9116431 -0.1376235 0.3864413
0.02494453 -0.9105912 -0.1375645 0.388944
0.02481172 -0.9096497 -0.1375113 0.3911682
0.02469582 -0.9088244 -0.1374642 0.3931055
0.02459743 -0.9081213 -0.1374238 0.3947472
0.02451715 -0.907546 -0.1373905 0.3960847
0.0244556 -0.9071037 -0.1373648 0.3971091
0.02441336 -0.9067998 -0.1373471 0.3978115
0.02439104 -0.9066389 -0.1373377 0.3981825
0.02438745 -0.9066131 -0.1373362 0.3982422
-0.02432989 0.9067837 0.1375383 -0.3977872
-0.02415916 0.9072881 0.1381375 -0.3964375
-0.0238778 0.9081142 0.1391238 -0.3942119
-0.02348792 0.9092481 0.1404879 -0.3911258
-0.02299125 0.9106744 0.1422217 -0.3871906
-0.02238918 0.9123763 0.1443172 -0.3824145
-0.02168276 0.9143353 0.1467672 -0.3768028
-0.02087285 0.9165312 0.1495647 -0.3703583
-0.01996007 0.9189423 0.1527031 -0.363082
-0.0189449 0.9215447 0.1561755 -0.3549728
-0.0178277 0.9243129 0.1599751 -0.3460285
-0.01660881 0.9272193 0.1640946 -0.3362462
-0.01528854 0.930234 0.1685262 -0.3256223
-0.01386729 0.9333251 0.1732618 -0.3141534
-0.01234558 0.9364583 0.1782919 -0.3018368
-0.0107241 0.9395972 0.1836063 -0.2886709
-0.009003796 0.9427031 0.1891935 -0.2746553
-0.007185953 0.9457353 0.1950407 -0.2597928
-0.005272215 0.948651 0.2011332 -0.2440881
-0.003264687 0.9514056 0.2074551 -0.2275499
-0.001165984 0.9539535 0.2139886 -0.210191
0.001020686 0.9562476 0.2207138 -0.1920287
0.00329151 0.9582404 0.227609 -0.1730858
0.005642009 0.9598846 0.2346509 -0.1533903
0.00806697 0.9611337 0.241814 -0.1329771
0.01056048 0.9619425 0.2490711 -0.1118869
0.01311589 0.9622681 0.2563939 -0.09016751
0.01572589 0.962071 0.2637524 -0.06787302
0.01838246 0.9613155 0.2711158 -0.04506425
0.02107697 0.959971 0.2784527 -0.02180833
0.0238003 0.9580125 0.2857314 0.001822176
0.02654287 0.9554214 0.2929207 0.02574948
0.0292948 0.9521863 0.2999898 0.04989187
0.03204603 0.9483034 0.3069094 0.07416426
0.03478647 0.9437767 0.3136516 0.09847973
0.03750613 0.9386178 0.320191 0.1227508
0.04019526 0.9328465 0.3265043 0.1468901
0.04284452 0.9264902 0.3325711 0.1708122
0.04544506 0.9195829 0.3383744 0.1944347
0.04798871 0.9121654 0.3439 0.2176791
0.05046797 0.9042839 0.3491373 0.2404721
0.05287617 0.8959894 0.3540789 0.2627458
0.05520747 0.8873364 0.3587207 0.2844391
0.05745691 0.8783826 0.3630619 0.3054976
0.0596204 0.8691871 0.3671041 0.3258741
0.06169469 0.8598098 0.370852 0.3455282
0.0636774 0.8503109 0.3743123 0.3644268
0.06556685 0.8407496 0.3774939 0.3825435
0.06736208 0.8311837 0.3804073 0.399858
0.06906281 0.821669 0.3830642 0.4163558
0.07066928 0.812259 0.3854776 0.432028
0.0721822 0.8030043 0.387661 0.4468701
0.07360271 0.7939525 0.3896284 0.4608815
0.0749322 0.7851484 0.3913942 0.4740651
0.07617237 0.7766337 0.3929725 0.4864262
0.07732505 0.7684469 0.3943773 0.4979727
0.07839217 0.7606238 0.3956223 0.5087132
0.07937571 0.7531974 0.3967205 0.518658
0.08027763 0.7461982 0.3976846 0.527817
0.08109979 0.7396544 0.3985261 0.5362006
0.08184399 0.7335924 0.3992562 0.5438182
0.0825118 0.7280366 0.3998849 0.5506783
0.08310463 0.7230099 0.4004216 0.556788
0.08362363 0.7185342 0.4008743 0.5621525
0.08406968 0.7146303 0.4012503 0.5667751
0.08444335 0.7113183 0.4015558 0.5706564
0.08474486 0.7086177 0.4017958 0.5737939
0.08497401 0.7065481 0.4019744 0.5761821
0.08513024 0.7051286 0.4020942 0.5778121
0.08521248 0.7043786 0.4021566 0.5786706
0.08522567 0.704258 0.4021666 0.5788085
-0.08518843 -0.7046024 -0.4021302 -0.57842
-0.08507788 -0.7056226 -0.4020217 -0.5772669
-0.08489536 -0.7072993 -0.4018409 -0.5753647
-0.08464175 -0.709613 -0.4015861 -0.5727249
-0.0843175 -0.7125444 -0.4012548 -0.5693554
-0.08392267 -0.7160742 -0.4008428 -0.5652609
-0.08345698 -0.7201823 -0.4003451 -0.560443
-0.08291984 -0.7248483 -0.3997555 -0.5549008
-0.08231035 -0.7300509 -0.3990669 -0.5486314
-0.08162741 -0.7357678 -0.3982713 -0.5416297
-0.08086966 -0.7419755 -0.3973596 -0.5338894
-0.08003561 -0.7486489 -0.396322 -0.5254028
-0.07912362 -0.755761 -0.3951479 -0.5161615
-0.07813197 -0.7632833 -0.3938263 -0.5061571
-0.07705889 -0.7711844 -0.392345 -0.4953807
-0.07590262 -0.7794309 -0.3906919 -0.4838246
-0.07466148 -0.7879867 -0.3888542 -0.4714818
-0.07333392 -0.796813 -0.386819 -0.4583472
-0.07191858 -0.8058684 -0.3845735 -0.4444178
-0.07041431 -0.8151082 -0.3821048 -0.4296934
-0.06882037 -0.8244854 -0.3794006 -0.4141771
-0.06713638 -0.8339504 -0.3764492 -0.3978762
-0.06536243 -0.8434509 -0.3732398 -0.3808023
-0.06349918 -0.852933 -0.3697626 -0.3629722
-0.06154787 -0.862341 -0.3660095 -0.3444082
-0.05951047 -0.8716181 -0.3619741 -0.3251386
-0.05738962 -0.8807074 -0.3576523 -0.305198
-0.05518876 -0.8895522 -0.3530418 -0.2846272
-0.0529121 -0.8980969 -0.3481434 -0.2634737
-0.05056467 -0.9062881 -0.3429605 -0.2417915
-0.04815225 -0.9140754 -0.3374993 -0.2196404
-0.04568141 -0.9214118 -0.3317692 -0.1970858
-0.04315941 -0.9282553 -0.3257827 -0.1741982
-0.04059414 -0.9345692 -0.3195554 -0.1510526
-0.03799403 -0.940323 -0.3131054 -0.1277271
-0.03536791 -0.9454926 -0.3064539 -0.1043018
-0.03272501 -0.9500612 -0.2996243 -0.08085853
-0.03007467 -0.954019 -0.2926423 -0.05747914
-0.02742632 -0.9573635 -0.2855352 -0.03424433
-0.02478934 -0.9600994 -0.2783316 -0.01123283
-0.0221729 -0.9622383 -0.2710611 0.01147968
-0.01958587 -0.963798 -0.2637537 0.03382139
-0.01703671 -0.9648022 -0.2564395 0.05572519
-0.01453342 -0.9652798 -0.2491483 0.0771291
-0.01208339 -0.965264 -0.241909 0.09797707
-0.009693462 -0.9647918 -0.2347496 0.1182185
-0.007369807 -0.9639027 -0.2276969 0.1378094
-0.005117962 -0.9626387 -0.2207763 0.156711
-0.0029428 -0.9610431 -0.2140112 0.174891
-0.0008486015 -0.9591595 -0.2074238 0.192322
0.001161001 -0.957032 -0.201034 0.2089824
0.003082903 -0.9547043 -0.1948605 0.2248547
0.004914528 -0.9522188 -0.18892 0.2399259
0.006653752 -0.9496171 -0.1832275 0.2541865
0.008298847 -0.9469391 -0.1777967 0.2676301
0.009848456 -0.9442229 -0.1726398 0.2802531
0.01130145 -0.9415047 -0.1677678 0.2920535
0.01265699 -0.9388189 -0.1631905 0.3030311
0.01391434 -0.9361976 -0.158917 0.3131867
0.0150729 -0.9336711 -0.1549555 0.3225212
0.01613212 -0.9312676 -0.1513137 0.3310357
0.01709143 -0.9290132 -0.1479988 0.3387311
0.01795022 -0.9269323 -0.1450179 0.345607
0.01870777 -0.9250473 -0.1423778 0.351662
0.0193632 -0.9233788 -0.1400856 0.356893
0.01991543 -0.921946 -0.1381485 0.3612948
0.02036317 -0.9207662 -0.1365741 0.3648598
0.02070475 -0.9198549 -0.1353706 0.3675773
0.02093828 -0.9192265 -0.1345465 0.3694341
0.02106142 -0.9188933 -0.1341117 0.3704128
0.0210812 -0.9188397 -0.1340418 0.3705699
-0.02101795 0.9187737 0.1339896 -0.3707559
-0.0208306 0.9185781 0.1338349 -0.3713066
-0.02052266 0.9182559 0.1335804 -0.3722113
-0.02009758 0.9178094 0.133229 -0.3734595
-0.01955878 0.9172409 0.1327832 -0.3750404
-0.01890962 0.916552 0.1322456 -0.3769431
-0.01815345 0.915744 0.1316187 -0.3791568
-0.01729358 0.9148182 0.1309048 -0.3816707
-0.01633329 0.9137753 0.1301064 -0.3844739
-0.0152759 0.9126161 0.1292259 -0.3875553
-0.01412468 0.9113411 0.1282656 -0.3909039
-0.01288294 0.9099507 0.1272278 -0.3945085
-0.01155401 0.9084452 0.1261148 -0.3983578
-0.01014122 0.906825 0.1249291 -0.4024404
-0.008647949 0.9050905 0.1236729 -0.406745
-0.007077609 0.9032419 0.1223487 -0.41126
-0.005433647 0.9012799 0.120959 -0.4159737
-0.00371957 0.8992049 0.1195062 -0.4208743
-0.001938917 0.8970176 0.1179928 -0.42595
-9.528819E-05 0.8947191 0.1164215 -0.4311888
0.001807669 0.8923104 0.1147949 -0.4365788
0.003766235 0.8897929 0.1131158 -0.4421078
0.005776654 0.8871682 0.111387 -0.4477635
0.007835114 0.8844382 0.1096113 -0.4535339
0.009937732 0.8816052 0.1077917 -0.4594066
0.01208059 0.8786717 0.1059313 -0.4653695
0.01425971 0.8756406 0.1040332 -0.47141
0.01647109 0.8725151 0.1021005 -0.4775161
0.01871066 0.8692989 0.1001366 -0.4836756
0.02097433 0.865996 0.09814481 -0.4898762
0.02325799 0.8626108 0.09612849 -0.4961059
0.02555749 0.8591481 0.09409116 -0.5023528
0.02786866 0.8556131 0.09203637 -0.5086049
0.03018734 0.8520113 0.08996771 -0.5148508
0.03250936 0.8483487 0.08788887 -0.5210788
0.03483054 0.8446317 0.08580349 -0.5272777
0.03714675 0.840867 0.08371537 -0.5334365
0.03945382 0.8370618 0.08162826 -0.5395442
0.04174765 0.8332232 0.07954596 -0.5455903
0.04402418 0.8293591 0.0774723 -0.5515646
0.04627937 0.8254776 0.07541109 -0.5574568
0.04850921 0.821587 0.07336619 -0.5632575
0.05070978 0.8176959 0.07134142 -0.5689572
0.05287719 0.8138132 0.06934063 -0.5745468
0.05500763 0.8099479 0.06736762 -0.5800174
0.05709733 0.8061093 0.06542622 -0.5853607
0.05914262 0.8023068 0.06352015 -0.5905685
0.06113984 0.7985501 0.06165319 -0.5956329
0.06308549 0.7948489 0.05982907 -0.6005464
0.06497604 0.791213 0.05805145 -0.6053018
0.06680812 0.7876522 0.05632397 -0.6098921
0.06857835 0.7841766 0.05465024 -0.6143106
0.07028347 0.7807962 0.05303382 -0.6185507
0.07192027 0.7775209 0.05147824 -0.6226064
0.07348558 0.7743609 0.04998698 -0.6264715
0.07497629 0.7713259 0.04856347 -0.6301401
0.07638934 0.7684261 0.04721114 -0.6336065
0.07772171 0.7656712 0.04593332 -0.636865
0.0789704 0.7630712 0.0447334 -0.6399102
0.08013246 0.7606356 0.04361465 -0.6427364
0.08120494 0.7583742 0.04258038 -0.6453381
0.0821849 0.7562964 0.04163386 -0.6477098
0.08306937 0.7544116 0.04077832 -0.649846
0.08385541 0.752729 0.04001702 -0.6517407
0.08454 0.7512578 0.03935321 -0.6533882
0.08512018 0.7500067 0.0387901 -0.6547822
0.08559285 0.7489847 0.03833096 -0.6559166
0.08595487 0.7482001 0.03797908 -0.6567847
0.08620308 0.7476612 0.03773771 -0.6573793
0.08633418 0.7473763 0.03761017 -0.6576934
0.08635526 0.7473305 0.03758967 -0.6577438
-0.08637854 -0.7473235 -0.03739787 0.6577597
-0.0864475 -0.7473023 -0.03682971 0.6578068
-0.08656078 -0.747267 -0.03589592 0.6578836
-0.08671698 -0.7472172 -0.03460711 0.6579886
-0.08691473 -0.7471523 -0.03297377 0.6581201
-0.0871526 -0.7470713 -0.03100629 0.6582761
-0.08742917 -0.7469734 -0.02871501 0.6584545
-0.08774298 -0.7468572 -0.02611019 0.658653
-0.08809259 -0.7467213 -0.02320209 0.6588693
-0.08847653 -0.7465643 -0.02000091 0.6591007
-0.0888933 -0.7463846 -0.01651691 0.6593446
-0.08934142 -0.7461804 -0.01276034 0.6595985
-0.08981936 -0.74595 -0.008741521 0.6598595
-0.09032562 -0.7456918 -0.004470824 0.6601251
-0.09085867 -0.7454039 4.130276E-05 0.6603922
-0.09141695 -0.7450845 0.004784318 0.6606581
-0.09199893 -0.744732 0.009747593 0.6609203
-0.09260302 -0.7443445 0.01492035 0.6611757
-0.09322769 -0.7439206 0.02029175 0.6614219
-0.09387137 -0.7434589 0.02585078 0.6616561
-0.09453246 -0.7429577 0.03158632 0.661876
-0.09520943 -0.7424159 0.0374871 0.6620789
-0.09590065 -0.7418324 0.04354173 0.6622627
-0.09660461 -0.7412062 0.04973873 0.6624251
-0.09731973 -0.7405365 0.05606642 0.6625642
-0.09804444 -0.7398226 0.06251304 0.6626778
-0.0987772 -0.7390643 0.0690667 0.6627645
-0.0995165 -0.7382613 0.07571547 0.6628227
-0.1002608 -0.7374138 0.08244728 0.6628509
-0.1010086 -0.7365218 0.08924992 0.6628479
-0.1017585 -0.735586 0.09611125 0.662813
-0.102509 -0.7346072 0.103019 0.6627453
-0.1032586 -0.7335863 0.1099609 0.6626443
-0.1040061 -0.7325246 0.1169246 0.6625097
-0.1047499 -0.7314238 0.1238978 0.6623414
-0.1054888 -0.7302854 0.1308683 0.6621397
-0.1062216 -0.7291116 0.1378237 0.6619048
-0.1069468 -0.7279047 0.1447521 0.6616374
-0.1076634 -0.7266672 0.1516411 0.6613383
-0.1083702 -0.7254019 0.1584788 0.6610087
-0.1090659 -0.7241118 0.1652533 0.6606498
-0.1097496 -0.7228001 0.1719528 0.6602631
-0.1104202 -0.7214703 0.1785657 0.6598503
-0.1110766 -0.720126 0.1850803 0.6594133
-0.1117179 -0.718771 0.1914854 0.6589542
-0.1123433 -0.7174096 0.1977698 0.6584753
-0.1129517 -0.7160456 0.2039224 0.657979
-0.1135424 -0.7146835 0.2099323 0.6574679
-0.1141146 -0.7133279 0.215789 0.6569448
-0.1146676 -0.7119832 0.2214819 0.6564122
-0.1152005 -0.7106542 0.2270007 0.6558736
-0.1157127 -0.7093457 0.2323352 0.6553318
-0.1162035 -0.7080625 0.2374755 0.6547898
-0.1166723 -0.7068096 0.2424117 0.6542511
-0.1171185 -0.7055918 0.2471341 0.6537188
-0.1175415 -0.7044142 0.2516333 0.6531962
-0.1179406 -0.7032818 0.2558996 0.6526868
-0.1183155 -0.7021996 0.2599239 0.6521938
-0.1186653 -0.7011726 0.2636968 0.6517205
-0.1189897 -0.7002055 0.2672092 0.6512703
-0.1192881 -0.6993034 0.2704519 0.6508463
-0.1195598 -0.698471 0.2734158 0.6504518
-0.1198043 -0.697713 0.2760917 0.65009
-0.1200211 -0.6970339 0.2784703 0.6497638
-0.1202094 -0.6964384 0.2805426 0.649476
-0.1203687 -0.6959308 0.2822991 0.6492296
-0.1204983 -0.6955152 0.2837304 0.649027
-0.1205974 -0.6951956 0.2848268 0.6488707
-0.1206653 -0.6949758 0.2855785 0.6487631
-0.1207011 -0.6948595 0.2859757 0.648706
-0.1207068 -0.6948408 0.2860395 0.6486968
0.1207678 0.6947734 -0.2864062 -0.6485959
0.1209482 0.694573 -0.2874929 -0.648296
0.1212447 0.6942415 -0.2892795 -0.6478008
0.1216538 0.6937791 -0.2917467 -0.6471127
0.1221718 0.6931852 -0.2948758 -0.6462327
0.1227952 0.692458 -0.2986482 -0.6451609
0.1235204 0.6915948 -0.3030458 -0.6438964
0.1243438 0.6905922 -0.3080505 -0.6424376
0.1252615 0.6894458 -0.3136441 -0.6407819
0.1262697 0.6881507 -0.3198086 -0.6389265
0.1273646 0.6867015 -0.3265254 -0.6368678
0.1285421 0.6850922 -0.3337758 -0.6346018
0.1297979 0.6833166 -0.3415403 -0.6321243
0.1311279 0.6813683 -0.3497991 -0.629431
0.1325274 0.6792405 -0.3585314 -0.6265174
0.133992 0.6769268 -0.3677158 -0.6233791
0.1355168 0.6744204 -0.3773299 -0.6200117
0.137097 0.671715 -0.3873502 -0.6164116
0.1387274 0.6688046 -0.3977524 -0.6125751
0.1404028 0.6656836 -0.408511 -0.6084991
0.1421178 0.6623469 -0.4195996 -0.6041815
0.143867 0.6587903 -0.4309904 -0.5996206
0.1456447 0.6550103 -0.4426548 -0.5948158
0.1474451 0.6510043 -0.4545631 -0.5897675
0.1492626 0.6467707 -0.4666848 -0.5844772
0.1510912 0.6423093 -0.4789885 -0.5789475
0.1529252 0.637621 -0.4914419 -0.5731826
0.1547588 0.632708 -0.5040125 -0.5671876
0.1565863 0.627574 -0.5166673 -0.5609694
0.1584019 0.6222241 -0.5293728 -0.5545362
0.1602003 0.6166651 -0.542096 -0.5478978
0.1619762 0.6109051 -0.5548037 -0.5410652
0.1637245 0.6049539 -0.5674632 -0.5340512
0.1654404 0.5988227 -0.5800425 -0.5268697
0.1671194 0.5925242 -0.5925103 -0.5195361
0.1687573 0.5860725 -0.6048366 -0.5120671
0.1703504 0.579483 -0.6169925 -0.5044804
0.1718952 0.5727723 -0.6289505 -0.4967949
0.1733886 0.5659583 -0.6406847 -0.4890303
0.1748281 0.5590597 -0.652171 -0.4812073
0.1762115 0.5520958 -0.6633871 -0.473347
0.1775369 0.5450872 -0.6743125 -0.4654711
0.1788031 0.5380545 -0.684929 -0.4576016
0.1800091 0.531019 -0.69522 -0.4497607
0.1811544 0.5240022 -0.7051713 -0.4419708
0.1822388 0.5170256 -0.7147706 -0.4342541
0.1832625 0.5101109 -0.7240074 -0.4266324
0.184226 0.5032793 -0.7328729 -0.4191277
0.1851302 0.4965523 -0.7413605 -0.4117612
0.185976 0.4899507 -0.7494649 -0.4045537
0.186765 0.4834949 -0.7571824 -0.3975254
0.1874984 0.4772048 -0.7645107 -0.390696
0.1881781 0.4711 -0.7714486 -0.3840846
0.1888059 0.4651993 -0.7779959 -0.3777094
0.1893837 0.4595209 -0.7841533 -0.3715884
0.1899134 0.4540825 -0.7899225 -0.3657384
0.1903972 0.4489012 -0.7953049 -0.360176
0.190837 0.4439935 -0.8003031 -0.3549169
0.1912347 0.4393753 -0.8049193 -0.3499765
0.1915925 0.4350621 -0.8091558 -0.3453696
0.191912 0.4310687 -0.8130149 -0.3411103
0.1921952 0.4274098 -0.8164983 -0.3372129
0.1924434 0.4240993 -0.8196071 -0.3336908
0.1926583 0.4211512 -0.8223419 -0.3305574
0.1928411 0.418579 -0.8247024 -0.3278261
0.1929928 0.416396 -0.826687 -0.3255098
0.1931142 0.4146154 -0.8282934 -0.3236217
0.1932059 0.4132504 -0.8295172 -0.3221751
0.1932681 0.4123139 -0.8303531 -0.3211829
0.1933008 0.4118191 -0.8307936 -0.3206587
0.193306 0.4117395 -0.8308643 -0.3205745
0.1932323 0.4115875 -0.830943 -0.32061
0.193014 0.4111371 -0.8311762 -0.320715
0.1926551 0.4103966 -0.8315587 -0.3208875
0.1921595 0.4093741 -0.8320855 -0.3211251
0.191531 0.4080773 -0.8327512 -0.3214255
0.1907733 0.406514 -0.83355 -0.3217861
0.1898901 0.4046916 -0.8344763 -0.3222046
0.188885 0.4026176 -0.835524 -0.3226782
0.1877615 0.4002992 -0.836687 -0.3232044
0.1865231 0.3977436 -0.8379591 -0.3237804
0.1851733 0.3949581 -0.8393339 -0.3244036
0.1837157 0.3919496 -0.8408049 -0.3250712
0.1821536 0.3887255 -0.8423656 -0.3257803
0.1804906 0.3852929 -0.8440094 -0.3265282
0.1787303 0.3816592 -0.8457297 -0.327312
0.1768761 0.3778314 -0.8475198 -0.3281288
0.1749317 0.3738171 -0.849373 -0.3289758
0.1729009 0.3696239 -0.8512828 -0.3298501
0.1707871 0.3652593 -0.8532424 -0.330749
0.1685944 0.3607311 -0.8552452 -0.3316694
0.1663265 0.3560473 -0.8572848 -0.3326087
0.1639873 0.351216 -0.8593547 -0.3335641
0.1615809 0.3462454 -0.8614486 -0.3345327
0.1591114 0.3411439 -0.8635602 -0.335512
0.156583 0.3359202 -0.8656835 -0.3364991
0.1539998 0.330583 -0.8678125 -0.3374915
0.1513664 0.3251413 -0.8699414 -0.3384868
0.148687 0.3196044 -0.8720648 -0.3394823
0.1459664 0.3139814 -0.8741772 -0.3404758
0.143209 0.3082819 -0.8762735 -0.3414649
0.1404195 0.3025156 -0.8783488 -0.3424474
0.1376027 0.2966922 -0.8803983 -0.3434212
0.1347634 0.2908218 -0.8824177 -0.3443842
0.1319066 0.2849145 -0.8844029 -0.3453345
0.1290371 0.2789804 -0.88635 -0.3462703
0.1261599 0.2730299 -0.8882554 -0.34719
0.1232802 0.2670734 -0.8901157 -0.3480918
0.1204029 0.2611214 -0.8919281 -0.3489743
0.1175331 0.2551846 -0.8936898 -0.3498362
0.1146761 0.2492735 -0.8953984 -0.3506763
0.111837 0.2433987 -0.8970519 -0.3514933
0.1090209 0.2375711 -0.8986483 -0.3522864
0.1062329 0.2318012 -0.9001862 -0.3530546
0.1034782 0.2260998 -0.9016645 -0.353797
0.100762 0.2204774 -0.903082 -0.3545132
0.09808944 0.2149449 -0.9044382 -0.3552024
0.09546553 0.2095126 -0.9057326 -0.3558644
0.09289537 0.2041911 -0.9069648 -0.3564985
0.090384 0.198991 -0.9081352 -0.3571048
0.08793644 0.1939226 -0.9092438 -0.3576828
0.08555763 0.1889962 -0.9102911 -0.3582325
0.08325253 0.1842221 -0.9112776 -0.358754
0.08102599 0.1796104 -0.9122041 -0.3592471
0.07888288 0.1751712 -0.9130716 -0.3597121
0.07682798 0.1709144 -0.913881 -0.360149
0.07486604 0.1668499 -0.9146333 -0.360558
0.07300182 0.1629876 -0.9153298 -0.3609393
0.07123996 0.1593372 -0.9159715 -0.3612931
0.06958511 0.1559084 -0.9165598 -0.3616196
0.0680419 0.1527107 -0.9170957 -0.361919
0.06661492 0.1497537 -0.9175803 -0.3621916
0.06530873 0.1470469 -0.9180148 -0.3624374
0.06412788 0.1445997 -0.9184001 -0.3626566
0.06307693 0.1424217 -0.9187371 -0.3628494
0.06216038 0.1405221 -0.9190263 -0.3630156
0.06138279 0.1389105 -0.9192684 -0.3631554
0.06074871 0.1375963 -0.9194635 -0.3632684
0.06026269 0.1365889 -0.9196116 -0.3633544
0.05992927 0.1358979 -0.9197125 -0.3634132
0.05975309 0.1355328 -0.9197657 -0.3634442
0.05972478 0.1354741 -0.9197742 -0.3634492
0.0596336 0.1353579 -0.9197879 -0.3634726
0.05936351 0.1350137 -0.9198285 -0.3635419
0.05891966 0.1344481 -0.919895 -0.3636557
0.05830712 0.1336674 -0.9199858 -0.3638124
0.05753094 0.1326781 -0.9200996 -0.3640104
0.05659613 0.1314865 -0.9202346 -0.364248
0.05550769 0.1300988 -0.920389 -0.3645235
0.05427057 0.1285214 -0.9205608 -0.3648353
0.05288973 0.1267604 -0.9207482 -0.3651813
0.05137012 0.1248221 -0.9209487 -0.3655599
0.04971667 0.1227127 -0.9211604 -0.3659692
0.04793433 0.1204384 -0.9213809 -0.3664072
0.04602809 0.1180053 -0.9216079 -0.366872
0.0440029 0.1154198 -0.9218391 -0.3673619
0.04186377 0.1126882 -0.9220721 -0.3678747
0.03961573 0.1098167 -0.9223047 -0.3684087
0.03726383 0.1068116 -0.9225346 -0.3689618
0.03481316 0.1036794 -0.9227593 -0.369532
0.03226885 0.1004265 -0.9229769 -0.3701177
0.02963606 0.09705944 -0.9231849 -0.3707167
0.02691997 0.09358468 -0.9233814 -0.3713274
0.02412586 0.09000886 -0.9235645 -0.3719477
0.02125899 0.08633864 -0.923732 -0.372576
0.01832469 0.08258073 -0.9238824 -0.3732104
0.01532832 0.07874192 -0.9240138 -0.3738492
0.0122753 0.07482906 -0.9241248 -0.3744907
0.009171051 0.07084903 -0.9242139 -0.3751334
0.006021049 0.06680878 -0.9242798 -0.3757755
0.002830801 0.06271529 -0.9243215 -0.3764156
-0.0003941462 0.05857565 -0.9243379 -0.3770521
-0.003648251 0.05439691 -0.9243283 -0.3776837
-0.006925916 0.05018621 -0.924292 -0.3783091
-0.01022156 0.04595069 -0.9242286 -0.3789269
-0.01352956 0.04169756 -0.9241378 -0.379536
-0.01684429 0.03743403 -0.9240196 -0.3801351
-0.02016017 0.03316727 -0.923874 -0.3807234
-0.02347156 0.02890456 -0.9237013 -0.3812997
-0.02677284 0.02465312 -0.923502 -0.3818632
-0.03005842 0.02042017 -0.9232767 -0.382413
-0.03332271 0.01621295 -0.9230261 -0.3829484
-0.03656017 0.01203863 -0.9227515 -0.3834686
-0.03976524 0.007904419 -0.9224537 -0.3839732
-0.04293243 0.003817482 -0.9221343 -0.3844615
-0.04605624 -0.0002150734 -0.9217947 -0.3849331
-0.04913126 -0.004186173 -0.9214364 -0.3853875
-0.05215207 -0.008088727 -0.9210614 -0.3858246
-0.05511334 -0.01191579 -0.9206716 -0.3862439
-0.05800971 -0.01566034 -0.920269 -0.3866455
-0.06083595 -0.01931552 -0.9198557 -0.3870289
-0.06358679 -0.02287441 -0.9194342 -0.3873942
-0.06625707 -0.02633028 -0.9190067 -0.3877414
-0.06884167 -0.02967632 -0.9185758 -0.3880705
-0.07133546 -0.03290586 -0.918144 -0.3883814
-0.07373341 -0.03601221 -0.9177139 -0.3886743
-0.07603049 -0.03898876 -0.9172882 -0.3889494
-0.07822175 -0.04182899 -0.9168696 -0.3892067
-0.08030218 -0.04452631 -0.9164609 -0.3894463
-0.08226693 -0.0470743 -0.9160647 -0.3896685
-0.08411109 -0.04946645 -0.915684 -0.3898734
-0.08582977 -0.05169634 -0.9153213 -0.3900611
-0.08741814 -0.05375758 -0.9149794 -0.3902319
-0.08887129 -0.05564373 -0.9146609 -0.3903858
-0.09018441 -0.05734843 -0.9143685 -0.390523
-0.09135265 -0.05886524 -0.9141046 -0.3906435
-0.09237111 -0.0601878 -0.9138716 -0.3907475
-0.09323493 -0.06130967 -0.913672 -0.3908348
