-30.66503 16.2366 -3.479554
-30.53398 16.26126 -3.442102
-30.4031 16.28581 -3.404559
-30.27241 16.31022 -3.366947
-30.14188 16.33446 -3.329289
-30.01152 16.35851 -3.291609
-29.88132 16.38232 -3.253928
-29.75128 16.40588 -3.21627
-29.62139 16.42915 -3.178659
-29.49164 16.4521 -3.141116
-29.36204 16.4747 -3.103666
-29.23257 16.49694 -3.066329
-29.10324 16.51876 -3.029131
-28.97403 16.54016 -2.992093
-28.84494 16.56109 -2.955239
-28.71597 16.58152 -2.918592
-28.58711 16.60144 -2.882173
-28.45836 16.6208 -2.846008
-28.32971 16.63958 -2.810117
-28.20115 16.65775 -2.774525
-28.07269 16.67528 -2.739254
-27.94432 16.69214 -2.704327
-27.81603 16.70831 -2.669768
-27.68781 16.72374 -2.635598
-27.55967 16.73842 -2.601841
-27.43159 16.75231 -2.56852
-27.30358 16.76538 -2.535658
-27.17562 16.77761 -2.503277
-27.04771 16.78896 -2.471401
-26.91986 16.7994 -2.440053
-26.79204 16.80892 -2.409255
-26.66426 16.81746 -2.379031
-26.53652 16.82502 -2.349403
-26.4088 16.83155 -2.320395
-26.2811 16.83704 -2.292029
-26.15342 16.84144 -2.264328
-26.02576 16.84473 -2.237315
-25.8981 16.84688 -2.211013
-25.77044 16.84786 -2.185446
-25.64278 16.84764 -2.160635
-25.51512 16.84619 -2.136604
-25.38744 16.84348 -2.113376
-25.25974 16.83949 -2.090974
-25.13203 16.83418 -2.06942
-25.00428 16.82753 -2.048738
-24.8765 16.8195 -2.028951
-24.74869 16.81006 -2.010081
-24.62083 16.79919 -1.992152
-24.49293 16.78686 -1.975186
-24.36497 16.77304 -1.959206
-24.23696 16.75769 -1.944236
-24.10889 16.74079 -1.930297
-23.98075 16.72231 -1.917414
-23.85253 16.70221 -1.905609
-23.72424 16.68048 -1.894905
-23.59587 16.65708 -1.885324
-23.46741 16.63198 -1.876891
-23.33886 16.60515 -1.869627
-23.21022 16.57656 -1.863557
-23.08147 16.54618 -1.858701
-22.95261 16.51399 -1.855085
-22.82365 16.47995 -1.85273
-22.69456 16.44404 -1.851659
-22.56536 16.40622 -1.851896
-22.43603 16.36647 -1.853463
-22.30657 16.32475 -1.856383
-22.17697 16.28104 -1.86068
-22.04723 16.23531 -1.866376
-21.91734 16.18753 -1.873493
-21.81485 16.14839 -1.880122
-21.68617 16.10092 -1.888561
-21.56026 16.05933 -1.895931
-21.43705 16.02352 -1.902256
-21.31649 15.99333 -1.907562
-21.19852 15.96865 -1.911872
-21.08309 15.94934 -1.915212
-20.97013 15.93527 -1.917607
-20.85959 15.92631 -1.919081
-20.7514 15.92232 -1.919659
-20.64551 15.92318 -1.919367
-20.54187 15.92875 -1.918229
-20.4404 15.93891 -1.916271
-20.34106 15.95351 -1.913516
-20.24379 15.97244 -1.909989
-20.14852 15.99555 -1.905716
-20.05521 16.02272 -1.900722
-19.96378 16.05382 -1.895031
-19.87419 16.0887 -1.888668
-19.78637 16.12725 -1.881658
-19.70026 16.16934 -1.874027
-19.61582 16.21482 -1.865797
-19.53297 16.26357 -1.856996
-19.45166 16.31545 -1.847647
-19.37184 16.37035 -1.837775
-19.29344 16.42811 -1.827406
-19.21641 16.48862 -1.816563
-19.14069 16.55174 -1.805273
-19.06621 16.61734 -1.793559
-18.99293 16.68528 -1.781447
-18.92077 16.75545 -1.768962
-18.8497 16.8277 -1.756128
-18.77963 16.9019 -1.74297
-18.71053 16.97793 -1.729513
-18.64233 17.05564 -1.715782
-18.57496 17.13492 -1.701802
-18.50838 17.21563 -1.687598
-18.44252 17.29763 -1.673195
-18.37733 17.3808 -1.658617
-18.31275 17.465 -1.643889
-18.24872 17.5501 -1.629036
-18.18518 17.63598 -1.614083
-18.12207 17.7225 -1.599055
-18.05933 17.80952 -1.583977
-17.99692 17.89692 -1.568874
-17.93476 17.98457 -1.55377
-17.87279 18.07233 -1.53869
-17.81097 18.16008 -1.52366
-17.74924 18.24767 -1.508703
-17.68752 18.33499 -1.493846
-17.62578 18.42189 -1.479112
-17.56394 18.50825 -1.464527
-17.50195 18.59394 -1.450115
-17.43975 18.67882 -1.435902
-17.37729 18.76277 -1.421912
-17.3145 18.84565 -1.40817
-17.25132 18.92732 -1.394701
-17.18771 19.00767 -1.38153
-17.12359 19.08655 -1.368682
-17.05891 19.16384 -1.356181
-16.99362 19.2394 -1.344052
-16.92765 19.31311 -1.332321
-16.86095 19.38483 -1.321012
-16.79346 19.45443 -1.31015
-16.72511 19.52177 -1.29976
-16.65586 19.58674 -1.289867
-16.58564 19.64919 -1.280495
-16.5144 19.709 -1.271669
-16.44207 19.76603 -1.263415
-16.3686 19.82014 -1.255757
-16.29393 19.87123 -1.248721
-16.24942 19.89981 -1.244881
-16.17353 19.94677 -1.238121
-16.09796 19.9924 -1.230526
-16.0227 20.03673 -1.222123
-15.94775 20.07976 -1.212937
-15.8731 20.1215 -1.202996
-15.79875 20.16199 -1.192325
-15.7247 20.20122 -1.180951
-15.65094 20.23921 -1.1689
-15.57748 20.27598 -1.156199
-15.50431 20.31154 -1.142874
-15.43143 20.34591 -1.128951
-15.35884 20.37911 -1.114457
-15.28653 20.41114 -1.099419
-15.2145 20.44202 -1.083861
-15.14274 20.47177 -1.067812
-15.07127 20.5004 -1.051297
-15.00006 20.52792 -1.034343
-14.92913 20.55436 -1.016975
-14.85846 20.57972 -0.9992207
-14.78806 20.60402 -0.9811061
-14.71791 20.62729 -0.9626577
-14.64803 20.64951 -0.9439015
-14.57841 20.67072 -0.9248643
-14.50904 20.69094 -0.9055721
-14.43992 20.71016 -0.8860515
-14.37105 20.72842 -0.8663288
-14.30242 20.74572 -0.8464304
-14.23404 20.76208 -0.8263826
-14.1659 20.77751 -0.8062117
-14.098 20.79203 -0.7859442
-14.03034 20.80565 -0.7656065
-13.9629 20.8184 -0.7452248
-13.8957 20.83027 -0.7248256
-13.82873 20.84129 -0.7044352
-13.76198 20.85148 -0.68408
-13.69545 20.86084 -0.6637864
-13.62914 20.86939 -0.6435806
-13.56305 20.87715 -0.6234892
-13.49718 20.88413 -0.6035384
-13.43151 20.89035 -0.5837547
-13.36606 20.89581 -0.5641643
-13.30081 20.90055 -0.5447937
-13.23577 20.90456 -0.5256692
-13.17092 20.90787 -0.5068172
-13.10628 20.91049 -0.488264
-13.04183 20.91243 -0.4700361
-12.97758 20.91371 -0.4521597
-12.91351 20.91435 -0.4346614
-12.84964 20.91436 -0.4175673
-12.78595 20.91375 -0.4009039
-12.72244 20.91254 -0.3846976
-12.65911 20.91074 -0.3689747
-12.59596 20.90837 -0.3537615
-12.53299 20.90545 -0.3390845
-12.47019 20.90198 -0.3249701
-12.40755 20.89798 -0.3114446
-12.34509 20.89348 -0.2985342
-12.28279 20.88847 -0.2862655
-12.22065 20.88298 -0.2746648
-12.15867 20.87703 -0.2637585
-12.09684 20.87062 -0.2535728
-12.03517 20.86377 -0.2441343
-11.97365 20.85649 -0.2354691
-11.91228 20.84881 -0.2276039
-11.85106 20.84073 -0.2205647
-11.78998 20.83228 -0.2143782
-11.72904 20.82346 -0.2090706
-11.66823 20.81428 -0.2046682
-11.60756 20.80478 -0.2011975
-11.54703 20.79495 -0.1986848
-11.51148 20.78903 -0.1976648
-11.44998 20.77958 -0.196569
-11.38633 20.77149 -0.196175
-11.32062 20.76467 -0.1964991
-11.25294 20.75903 -0.1975577
-11.18338 20.75447 -0.1993671
-11.11203 20.75093 -0.2019437
-11.03898 20.74828 -0.2053037
-10.96432 20.74647 -0.2094636
-10.88814 20.74537 -0.2144396
-10.81052 20.74493 -0.2202483
-10.73156 20.74503 -0.2269057
-10.65135 20.7456 -0.2344284
-10.56998 20.74653 -0.2428326
-10.48754 20.74776 -0.2521347
-10.40411 20.74917 -0.262351
-10.31979 20.75068 -0.273498
-10.23466 20.75221 -0.2855918
-10.14882 20.75366 -0.298649
-10.06236 20.75494 -0.3126857
-9.975366 20.75597 -0.3277183
-9.887925 20.75665 -0.3437633
-9.800129 20.75689 -0.3608369
-9.71207 20.75661 -0.3789555
-9.623834 20.75571 -0.3981354
-9.535512 20.75411 -0.4183929
-9.447196 20.75171 -0.4397445
-9.358973 20.74843 -0.4622064
-9.270934 20.74417 -0.485795
-9.183168 20.73885 -0.5105266
-9.095766 20.73238 -0.5364177
-9.008818 20.72466 -0.5634844
-8.922412 20.71561 -0.5917432
-8.836638 20.70513 -0.6212104
-8.751588 20.69314 -0.6519023
-8.667348 20.67955 -0.6838354
-8.584011 20.66426 -0.7170258
-8.501666 20.6472 -0.7514901
-8.420402 20.62825 -0.7872444
-8.340309 20.60735 -0.8243053
-8.261477 20.5844 -0.8626889
-8.183996 20.5593 -0.9024116
-8.107955 20.53197 -0.9434899
-8.033444 20.50233 -0.98594
-7.960553 20.47027 -1.029778
-7.889372 20.43571 -1.075021
-7.819991 20.39856 -1.121685
-7.752498 20.35873 -1.169786
-7.686985 20.31613 -1.21934
-7.623539 20.27067 -1.270364
-7.562253 20.22226 -1.322875
-7.503215 20.17081 -1.376888
-7.446515 20.11623 -1.43242
-7.392242 20.05843 -1.489487
-7.340487 19.99733 -1.548106
-7.291339 19.93283 -1.608293
-7.244888 19.86483 -1.670064
-7.201224 19.79327 -1.733436
-7.160436 19.71803 -1.798424
-7.122615 19.63903 -1.865046
-7.08785 19.55619 -1.933318
-7.05623 19.46942 -2.003256
-7.027846 19.37861 -2.074876
-7.002786 19.28369 -2.148194
-6.981143 19.18456 -2.223228
-6.963004 19.08114 -2.299993
-6.948459 18.97333 -2.378506
-6.937598 18.86105 -2.458783
-6.930512 18.74419 -2.54084
-6.92729 18.62269 -2.624694
-6.928021 18.49644 -2.710361
-6.930334 18.41992 -2.761612
-6.938148 18.29105 -2.846069
-6.951247 18.16741 -2.924233
-6.969505 18.04891 -2.99627
-6.992799 17.93545 -3.062343
-7.021006 17.82693 -3.122617
-7.054 17.72328 -3.177256
-7.09166 17.62438 -3.226425
-7.133861 17.53015 -3.270288
-7.180478 17.44049 -3.30901
-7.23139 17.35531 -3.342756
-7.286471 17.27452 -3.371689
-7.345599 17.19802 -3.395974
-7.408649 17.12572 -3.415776
-7.475497 17.05752 -3.43126
-7.546021 16.99334 -3.442589
-7.620096 16.93307 -3.449928
-7.697598 16.87663 -3.453442
-7.778405 16.82393 -3.453295
-7.862391 16.77485 -3.449652
-7.949433 16.72932 -3.442677
-8.039409 16.68725 -3.432534
-8.132192 16.64852 -3.419389
-8.227661 16.61307 -3.403404
-8.325692 16.58078 -3.384747
-8.42616 16.55156 -3.363579
-8.528942 16.52533 -3.340066
-8.633915 16.50199 -3.314373
-8.740953 16.48144 -3.286664
-8.849935 16.46359 -3.257104
-8.960736 16.44835 -3.225856
-9.073233 16.43563 -3.193085
-9.1873 16.42532 -3.158957
-9.302815 16.41735 -3.123635
-9.419655 16.4116 -3.087283
-9.537695 16.408 -3.050067
-9.656812 16.40644 -3.012151
-9.776881 16.40683 -2.973699
-9.89778 16.40908 -2.934876
-10.01938 16.4131 -2.895846
-10.14157 16.41879 -2.856773
-10.26421 16.42606 -2.817823
-10.38719 16.43481 -2.77916
-10.51038 16.44495 -2.740947
-10.63366 16.45639 -2.703351
-10.7569 16.46903 -2.666534
-10.87998 16.48279 -2.630662
-11.00277 16.49756 -2.595899
-11.12516 16.51325 -2.562409
-11.24701 16.52977 -2.530358
-11.36821 16.54703 -2.499909
-11.48863 16.56493 -2.471227
-11.60815 16.58338 -2.444477
-11.72664 16.60228 -2.419822
-11.84398 16.62154 -2.397428
-11.96004 16.64107 -2.377459
-12.07471 16.66078 -2.360079
-12.18785 16.68056 -2.345454
-12.29936 16.70033 -2.333746
-12.40909 16.72 -2.325121
-12.51693 16.73947 -2.319744
-12.62275 16.75864 -2.317778
-12.72643 16.77742 -2.319389
-12.82785 16.79572 -2.32474
-12.92688 16.81345 -2.333997
-13.0234 16.83051 -2.347323
-13.11728 16.8468 -2.364883
-13.20841 16.86224 -2.386842
-13.29665 16.87673 -2.413365
-13.38188 16.89018 -2.444615
-13.46399 16.90249 -2.480757
-13.51078 16.90917 -2.50437
-13.58927 16.91926 -2.54522
-13.66759 16.9276 -2.5845
-13.74571 16.93422 -2.622251
-13.82362 16.93915 -2.658508
-13.90128 16.94242 -2.69331
-13.97867 16.94406 -2.726695
-14.05577 16.9441 -2.7587
-14.13256 16.94255 -2.789365
-14.209 16.93946 -2.818725
-14.28507 16.93485 -2.84682
-14.36075 16.92875 -2.873687
-14.43602 16.92118 -2.899363
-14.51084 16.91219 -2.923888
-14.5852 16.90178 -2.947298
-14.65906 16.89 -2.969631
-14.73241 16.87687 -2.990926
-14.80522 16.86243 -3.01122
-14.87746 16.84669 -3.030551
-14.94912 16.82969 -3.048957
-15.02016 16.81145 -3.066475
-15.09056 16.79201 -3.083144
-15.16029 16.77139 -3.099001
-15.22934 16.74963 -3.114084
-15.29767 16.72674 -3.128432
-15.36526 16.70276 -3.142081
-15.43209 16.67772 -3.15507
-15.49814 16.65165 -3.167436
-15.56337 16.62456 -3.179219
-15.62776 16.5965 -3.190454
-15.69129 16.5675 -3.20118
-15.75393 16.53757 -3.211435
-15.81566 16.50674 -3.221257
-15.87646 16.47506 -3.230684
-15.93629 16.44254 -3.239753
-15.99514 16.40922 -3.248503
-16.05297 16.37511 -3.256971
-16.10977 16.34026 -3.265194
-16.16552 16.30469 -3.273212
-16.22017 16.26842 -3.281061
-16.27372 16.23149 -3.28878
-16.32613 16.19393 -3.296406
-16.37738 16.15575 -3.303978
-16.42745 16.117 -3.311532
-16.47631 16.0777 -3.319108
-16.52393 16.03788 -3.326742
-16.5703 15.99757 -3.334473
-16.61538 15.95679 -3.342338
-16.65916 15.91558 -3.350376
-16.7016 15.87396 -3.358624
-16.74269 15.83195 -3.36712
-16.78239 15.78961 -3.375901
-16.82069 15.74693 -3.385006
-16.85756 15.70397 -3.394473
-16.89297 15.66074 -3.40434
-16.9269 15.61727 -3.414643
-16.95932 15.5736 -3.425421
-16.99021 15.52975 -3.436713
-17.01955 15.48575 -3.448555
-17.04731 15.44162 -3.460986
-17.07346 15.3974 -3.474043
-17.09798 15.35312 -3.487765
-17.12085 15.3088 -3.502188
-17.14204 15.26447 -3.517352
-17.16153 15.22017 -3.533293
-17.17929 15.17591 -3.55005
-17.19529 15.13173 -3.567661
-17.20952 15.08765 -3.586162
-17.22194 15.04372 -3.605593
-17.23253 14.99994 -3.625992
-17.24128 14.95635 -3.647395
-17.24555 14.93081 -3.66047
-17.25112 14.888 -3.682755
-17.25447 14.84622 -3.704536
-17.25564 14.80547 -3.72582
-17.25467 14.76572 -3.74661
-17.25159 14.72694 -3.766913
-17.24646 14.68912 -3.786733
-17.23931 14.65223 -3.806077
-17.23018 14.61625 -3.824948
-17.21911 14.58116 -3.843353
-17.20615 14.54694 -3.861296
-17.19134 14.51356 -3.878783
-17.17471 14.481 -3.89582
-17.15631 14.44925 -3.91241
-17.13618 14.41827 -3.92856
-17.11436 14.38804 -3.944275
-17.09089 14.35855 -3.95956
-17.06581 14.32977 -3.97442
-17.03917 14.30168 -3.988861
-17.01099 14.27426 -4.002887
-16.98134 14.24748 -4.016505
-16.95024 14.22133 -4.029718
-16.91774 14.19578 -4.042533
-16.88388 14.1708 -4.054955
-16.8487 14.14639 -4.066988
-16.81224 14.1225 -4.078639
-16.77454 14.09913 -4.089912
-16.73565 14.07625 -4.100813
-16.69559 14.05384 -4.111346
-16.65443 14.03188 -4.121518
-16.61219 14.01033 -4.131333
-16.56892 13.9892 -4.140797
-16.52465 13.96844 -4.149914
-16.47944 13.94804 -4.15869
-16.43331 13.92797 -4.167131
-16.38632 13.90822 -4.175242
-16.3385 13.88876 -4.183027
-16.2899 13.86956 -4.190492
-16.24055 13.85062 -4.197642
-16.19049 13.8319 -4.204483
-16.13977 13.81338 -4.21102
-16.08843 13.79505 -4.217257
-16.03651 13.77687 -4.223201
-15.98405 13.75883 -4.228856
-15.93109 13.74091 -4.234228
-15.87768 13.72307 -4.239322
-15.82384 13.70531 -4.244143
-15.76964 13.68759 -4.248696
-15.71509 13.66991 -4.252987
-15.66026 13.65222 -4.257021
-15.60517 13.63452 -4.260803
-15.54987 13.61677 -4.264338
-15.4944 13.59897 -4.267632
-15.4388 13.58108 -4.270689
-15.38311 13.56308 -4.273516
-15.32738 13.54496 -4.276117
-15.27164 13.52668 -4.278498
-15.21594 13.50823 -4.280663
-15.16031 13.48959 -4.282619
-15.1048 13.47073 -4.284369
-15.04945 13.45163 -4.28592
-14.9943 13.43227 -4.287277
-14.93939 13.41262 -4.288445
-14.88476 13.39267 -4.289429
-14.83045 13.37239 -4.290234
-14.77651 13.35176 -4.290866
-14.72297 13.33076 -4.29133
-14.66988 13.30937 -4.291631
-14.61727 13.28756 -4.291775
-14.5652 13.26531 -4.291766
-14.51369 13.2426 -4.29161
-14.48367 13.22902 -4.291451
-14.43348 13.20591 -4.291469
-14.38453 13.18307 -4.292138
-14.33676 13.16049 -4.293456
-14.29009 13.13819 -4.295416
-14.24444 13.11617 -4.298015
-14.19975 13.09444 -4.301248
-14.15592 13.073 -4.30511
-14.11291 13.05187 -4.309596
-14.07061 13.03104 -4.314703
-14.02898 13.01054 -4.320424
-13.98792 12.99036 -4.326756
-13.94737 12.97051 -4.333694
-13.90724 12.951 -4.341233
-13.86748 12.93183 -4.349369
-13.82799 12.91302 -4.358096
-13.78872 12.89457 -4.36741
-13.74958 12.87649 -4.377307
-13.71049 12.85878 -4.387783
-13.67139 12.84145 -4.398831
-13.63221 12.8245 -4.410449
-13.59285 12.80796 -4.422629
-13.55326 12.79182 -4.435369
-13.51336 12.77608 -4.448664
-13.47307 12.76077 -4.462509
-13.43232 12.74587 -4.4769
-13.39104 12.73141 -4.49183
-13.34914 12.71739 -4.507297
-13.30657 12.70381 -4.523295
-13.26323 12.69068 -4.53982
-13.21906 12.67802 -4.556867
-13.17398 12.66582 -4.574432
-13.12793 12.65409 -4.592508
-13.08082 12.64284 -4.611094
-13.03257 12.63208 -4.630182
-12.98313 12.62182 -4.64977
-12.93241 12.61206 -4.669851
-12.88033 12.60281 -4.690422
-12.82683 12.59407 -4.711478
-12.77182 12.58585 -4.733014
-12.71524 12.57817 -4.755025
-12.65701 12.57102 -4.777507
-12.59706 12.56442 -4.800456
-12.53531 12.55837 -4.823865
-12.47169 12.55288 -4.847732
-12.40612 12.54796 -4.872051
-12.33852 12.5436 -4.896818
-12.26884 12.53983 -4.922027
-12.19698 12.53665 -4.947675
-12.12288 12.53406 -4.973756
-12.04646 12.53207 -5.000266
-11.96765 12.53068 -5.0272
-11.88637 12.52992 -5.054554
-11.80255 12.52978 -5.082324
-11.71611 12.53026 -5.110503
-11.62698 12.53139 -5.139088
-11.53509 12.53315 -5.168074
-11.44036 12.53557 -5.197456
-11.34272 12.53865 -5.22723
-11.2421 12.54239 -5.25739
-11.13841 12.5468 -5.287934
-11.03158 12.55189 -5.318855
-10.92155 12.55767 -5.350149
-10.80823 12.56415 -5.381812
-10.69155 12.57132 -5.413838
-10.57144 12.5792 -5.446223
-10.44782 12.5878 -5.478963
-10.32062 12.59711 -5.512053
-10.18977 12.60716 -5.545487
-10.05518 12.61795 -5.579262
-9.916792 12.62947 -5.613373
-9.833571 12.6366 -5.633595
-9.693855 12.6491 -5.668803
-9.559882 12.66189 -5.705471
-9.431581 12.67495 -5.743576
-9.308884 12.68826 -5.783096
-9.19172 12.70181 -5.824009
-9.080019 12.71559 -5.866294
-8.973712 12.72956 -5.909928
-8.872728 12.74372 -5.95489
-8.776999 12.75804 -6.001156
-8.686453 12.77251 -6.048706
-8.60102 12.7871 -6.097517
-8.52063 12.80181 -6.147567
-8.445215 12.81662 -6.198834
-8.374705 12.83149 -6.251297
-8.309029 12.84643 -6.304932
-8.248117 12.8614 -6.359718
-8.191899 12.87639 -6.415634
-8.140306 12.89139 -6.472656
-8.093267 12.90637 -6.530764
-8.050714 12.92132 -6.589934
-8.012575 12.93621 -6.650146
-7.978781 12.95104 -6.711377
-7.949263 12.96577 -6.773604
-7.923949 12.98041 -6.836806
-7.902771 12.99492 -6.900961
-7.885657 13.00928 -6.966047
-7.87254 13.02349 -7.032043
-7.863348 13.03752 -7.098924
-7.858011 13.05135 -7.166671
-7.85646 13.06497 -7.23526
-7.858625 13.07836 -7.304671
-7.864436 13.0915 -7.37488
-7.873823 13.10437 -7.445866
-7.886716 13.11695 -7.517606
-7.903046 13.12923 -7.59008
-7.922742 13.14119 -7.663264
-7.945735 13.1528 -7.737136
-7.971953 13.16406 -7.811676
-8.001328 13.17494 -7.88686
-8.033791 13.18543 -7.962666
-8.069269 13.1955 -8.039074
-8.107696 13.20515 -8.116059
-8.148999 13.21434 -8.193602
-8.19311 13.22307 -8.271679
-8.239958 13.23131 -8.350268
-8.289473 13.23905 -8.429348
-8.341585 13.24627 -8.508897
-8.396225 13.25295 -8.588892
-8.453323 13.25908 -8.669311
-8.512809 13.26463 -8.750133
-8.574613 13.26958 -8.831335
-8.638664 13.27393 -8.912896
-8.704893 13.27764 -8.994793
-8.773232 13.28071 -9.077004
-8.843607 13.28311 -9.159508
-8.915952 13.28483 -9.242282
-8.990195 13.28585 -9.325305
-9.066267 13.28615 -9.408553
-9.144097 13.28571 -9.492005
-9.223617 13.28451 -9.575642
-9.304754 13.28254 -9.659436
-9.387442 13.27978 -9.743371
-9.471608 13.27621 -9.827419
-9.557183 13.27181 -9.911565
-9.644098 13.26657 -9.99578
-9.732283 13.26046 -10.08005
-9.821667 13.25347 -10.16434
-9.91218 13.24558 -10.24864
-10.00375 13.23678 -10.33293
-10.09632 13.22703 -10.41717
-10.1512 13.22085 -10.46671
-10.24409 13.20958 -10.5499
-10.33563 13.19732 -10.63113
-10.42585 13.18413 -10.71046
-10.51479 13.17001 -10.78794
-10.60246 13.15499 -10.86362
-10.6889 13.13911 -10.93755
-10.77413 13.12238 -11.00978
-10.85818 13.10484 -11.08035
-10.94108 13.0865 -11.14932
-11.02286 13.0674 -11.21675
-11.10353 13.04755 -11.28267
-11.18314 13.02699 -11.34714
-11.26169 13.00575 -11.41022
-11.33924 12.98384 -11.47194
-11.41579 12.9613 -11.53236
-11.49138 12.93814 -11.59154
-11.56604 12.91441 -11.64952
-11.63978 12.89011 -11.70635
-11.71265 12.86528 -11.76208
-11.78466 12.83994 -11.81677
-11.85584 12.81412 -11.87045
-11.92623 12.78785 -11.92319
-11.99584 12.76115 -11.97504
-12.06471 12.73404 -12.02604
-12.13286 12.70656 -12.07624
-12.20032 12.67872 -12.12569
-12.26711 12.65056 -12.17445
-12.33327 12.6221 -12.22257
-12.39882 12.59337 -12.27009
-12.46379 12.56439 -12.31706
-12.5282 12.53518 -12.36354
-12.59209 12.50579 -12.40958
-12.65547 12.47622 -12.45523
-12.71838 12.4465 -12.50053
-12.78085 12.41667 -12.54553
-12.8429 12.38674 -12.5903
-12.90455 12.35675 -12.63487
-12.96584 12.32672 -12.6793
-13.02679 12.29667 -12.72364
-13.08743 12.26664 -12.76793
-13.14779 12.23664 -12.81224
-13.2079 12.2067 -12.8566
-13.26777 12.17686 -12.90108
-13.32744 12.14712 -12.94571
-13.38694 12.11753 -12.99055
-13.44629 12.08811 -13.03566
-13.50552 12.05887 -13.08107
-13.56466 12.02986 -13.12684
-13.62373 12.00109 -13.17303
-13.68277 11.97259 -13.21968
-13.74179 11.94439 -13.26683
-13.80083 11.9165 -13.31456
-13.85991 11.88897 -13.36289
-13.91907 11.86181 -13.41188
-13.97832 11.83505 -13.46159
-14.03769 11.80871 -13.51206
-14.09722 11.78283 -13.56335
-14.15692 11.75742 -13.6155
-14.21683 11.73252 -13.66856
-14.27698 11.70814 -13.72259
-14.33738 11.68432 -13.77763
-14.39808 11.66108 -13.83373
-14.45908 11.63845 -13.89095
-14.52044 11.61645 -13.94934
-14.58215 11.59511 -14.00895
-14.64427 11.57445 -14.06981
-14.70681 11.55451 -14.132
-14.7698 11.5353 -14.19555
-14.83327 11.51685 -14.26052
-14.89724 11.49919 -14.32696
-14.93512 11.48918 -14.36675
-14.99837 11.47357 -14.43474
-15.05902 11.46024 -14.50251
-15.11708 11.44915 -14.57006
-15.17257 11.44024 -14.63734
-15.22549 11.43347 -14.70435
-15.27587 11.42879 -14.77104
-15.32372 11.42613 -14.83741
-15.36905 11.42546 -14.90343
-15.41187 11.42672 -14.96908
-15.4522 11.42986 -15.03432
-15.49005 11.43483 -15.09914
-15.52544 11.44158 -15.16352
-15.55837 11.45006 -15.22743
-15.58886 11.46022 -15.29085
-15.61693 11.47201 -15.35375
-15.64259 11.48537 -15.41612
-15.66585 11.50026 -15.47793
-15.68673 11.51663 -15.53915
-15.70524 11.53442 -15.59976
-15.72139 11.55359 -15.65974
-15.73519 11.57408 -15.71906
-15.74667 11.59584 -15.77771
-15.75583 11.61883 -15.83566
-15.76269 11.64299 -15.89288
-15.76725 11.66827 -15.94935
-15.76954 11.69462 -16.00506
-15.76957 11.72199 -16.05997
-15.76735 11.75033 -16.11406
-15.7629 11.77959 -16.16731
-15.75622 11.80972 -16.21969
-15.74734 11.84067 -16.27119
-15.73625 11.87238 -16.32178
-15.72299 11.90481 -16.37143
-15.70757 11.9379 -16.42012
-15.68998 11.97161 -16.46784
-15.67026 12.00589 -16.51455
-15.64841 12.04068 -16.56023
-15.62444 12.07593 -16.60486
-15.59838 12.11159 -16.64842
-15.57023 12.14762 -16.69088
-15.54 12.18395 -16.73222
-15.50772 12.22055 -16.77242
-15.47339 12.25735 -16.81144
-15.43703 12.29432 -16.84928
-15.39865 12.33139 -16.8859
-15.35826 12.36853 -16.92129
-15.31589 12.40567 -16.95541
-15.27153 12.44276 -16.98826
-15.22521 12.47976 -17.01979
-15.17694 12.51662 -17.04999
-15.12673 12.55328 -17.07884
-15.0746 12.5897 -17.10632
-15.02055 12.62582 -17.13239
-14.96461 12.66159 -17.15704
-14.90679 12.69696 -17.18024
-14.8471 12.73189 -17.20197
-14.78554 12.76631 -17.22221
-14.72215 12.80019 -17.24093
-14.65693 12.83346 -17.25811
-14.58989 12.86609 -17.27373
-14.52105 12.89801 -17.28776
-14.45042 12.92918 -17.30018
-14.37801 12.95955 -17.31097
-14.30385 12.98906 -17.3201
-14.22793 13.01767 -17.32755
-14.15028 13.04532 -17.33329
-14.07091 13.07197 -17.33731
-13.98983 13.09756 -17.33958
-13.90706 13.12205 -17.34008
-13.8226 13.14538 -17.33878
-13.77214 13.15854 -17.33717
-13.68482 13.18009 -17.33342
-13.59545 13.20076 -17.32877
-13.50416 13.22058 -17.32327
-13.41103 13.2396 -17.31697
-13.31618 13.25786 -17.30993
-13.21972 13.27539 -17.30219
-13.12174 13.29226 -17.29381
-13.02237 13.30849 -17.28483
-12.9217 13.32412 -17.27532
-12.81985 13.33921 -17.26532
-12.71691 13.35378 -17.25488
-12.613 13.3679 -17.24406
-12.50822 13.38159 -17.23291
-12.40267 13.39489 -17.22148
-12.29648 13.40786 -17.20981
-12.18973 13.42053 -17.19797
-12.08254 13.43295 -17.186
-11.97502 13.44515 -17.17396
-11.86726 13.45718 -17.1619
-11.75939 13.46909 -17.14986
-11.6515 13.48091 -17.1379
-11.5437 13.49268 -17.12608
-11.4361 13.50445 -17.11444
-11.3288 13.51626 -17.10304
-11.22192 13.52816 -17.09192
-11.11555 13.54018 -17.08114
-11.0098 13.55237 -17.07076
-10.90479 13.56476 -17.06082
-10.80061 13.57741 -17.05137
-10.69738 13.59035 -17.04247
-10.5952 13.60362 -17.03416
-10.49417 13.61727 -17.0265
-10.39441 13.63135 -17.01955
-10.29602 13.64588 -17.01335
-10.19911 13.66092 -17.00795
-10.10378 13.6765 -17.00341
-10.01014 13.69268 -16.99977
-9.918297 13.70948 -16.9971
-9.828359 13.72696 -16.99543
-9.740429 13.74515 -16.99483
-9.654617 13.7641 -16.99534
-9.571029 13.78385 -16.99702
-9.489769 13.80444 -16.99992
-9.410946 13.82591 -17.00409
-9.334667 13.84831 -17.00957
-9.261038 13.87167 -17.01644
-9.190164 13.89605 -17.02472
-9.122153 13.92148 -17.03448
-9.057114 13.948 -17.04577
-8.995148 13.97566 -17.05864
-8.936367 14.0045 -17.07314
-8.880875 14.03456 -17.08932
-8.828778 14.06589 -17.10724
-8.780185 14.09851 -17.12695
-8.7352 14.13249 -17.14849
-8.693933 14.16785 -17.17192
-8.656487 14.20465 -17.1973
-8.62297 14.24292 -17.22466
-8.593488 14.28271 -17.25407
-8.568149 14.32405 -17.28558
-8.547059 14.367 -17.31924
-8.530325 14.41159 -17.35509
-8.518053 14.45786 -17.3932
-8.510348 14.50586 -17.43361
-8.507321 14.55563 -17.47638
-8.509075 14.60721 -17.52155
-8.515718 14.66064 -17.56919
-8.527355 14.71597 -17.61933
-8.544094 14.77324 -17.67203
-8.566043 14.83249 -17.72735
-8.58143 14.86828 -17.76113
-8.609881 14.92953 -17.81912
-8.639751 14.99037 -17.87667
-8.671018 15.0508 -17.93379
-8.703653 15.1108 -17.99045
-8.737638 15.17036 -18.04668
-8.772945 15.22948 -18.10246
-8.809551 15.28813 -18.15781
-8.847432 15.34632 -18.21272
-8.886562 15.40403 -18.26719
-8.926921 15.46126 -18.32121
-8.968481 15.51798 -18.37481
-9.011219 15.5742 -18.42797
-9.055112 15.6299 -18.48068
-9.100135 15.68506 -18.53297
-9.146264 15.73969 -18.58482
-9.193473 15.79377 -18.63624
-9.241741 15.84729 -18.68723
-9.291043 15.90023 -18.73778
-9.341353 15.9526 -18.7879
-9.392649 16.00437 -18.83759
-9.444906 16.05555 -18.88685
-9.4981 16.10611 -18.93568
-9.552207 16.15605 -18.98408
-9.607203 16.20536 -19.03206
-9.663063 16.25402 -19.0796
-9.719764 16.30203 -19.12672
-9.777282 16.34938 -19.17342
-9.83559 16.39606 -19.21968
-9.894668 16.44205 -19.26553
-9.95449 16.48735 -19.31095
-10.01503 16.53194 -19.35594
-10.07627 16.57582 -19.40052
-10.13818 16.61898 -19.44467
-10.20073 16.6614 -19.4884
-10.26391 16.70307 -19.53171
-10.32769 16.74399 -19.5746
-10.39205 16.78414 -19.61707
-10.45695 16.82352 -19.65912
-10.52238 16.86211 -19.70076
-10.58832 16.89991 -19.74197
-10.65473 16.93689 -19.78277
-10.7216 16.97306 -19.82316
-10.7889 17.00841 -19.86313
-10.8566 17.04291 -19.90269
-10.92469 17.07656 -19.94183
-10.99313 17.10936 -19.98056
-11.06191 17.14129 -20.01888
-11.131 17.17234 -20.05678
-11.20037 17.2025 -20.09428
-11.27001 17.23176 -20.13136
-11.33988 17.26011 -20.16804
-11.40996 17.28754 -20.20431
-11.48024 17.31405 -20.24016
-11.55068 17.33961 -20.27561
-11.62126 17.36422 -20.31066
-11.69196 17.38787 -20.3453
-11.76274 17.41054 -20.37953
-11.8336 17.43224 -20.41336
-11.90451 17.45294 -20.44678
-11.97543 17.47264 -20.4798
-12.04635 17.49133 -20.51242
-12.11724 17.50899 -20.54464
-12.18808 17.52563 -20.57645
-12.25884 17.54121 -20.60787
-12.3295 17.55575 -20.63889
-12.40004 17.56922 -20.6695
-12.47043 17.58162 -20.69972
-12.54065 17.59293 -20.72954
-12.61067 17.60315 -20.75896
-12.68046 17.61226 -20.78799
-12.72141 17.6171 -20.80488
-12.79116 17.62556 -20.83269
-12.86133 17.63511 -20.85895
-12.9319 17.6457 -20.88371
-13.00284 17.65729 -20.90698
-13.07414 17.66984 -20.92882
-13.14578 17.68328 -20.94926
-13.21773 17.69759 -20.96833
-13.28998 17.71271 -20.98608
-13.3625 17.72858 -21.00253
-13.43528 17.74518 -21.01773
-13.50828 17.76244 -21.03172
-13.5815 17.78033 -21.04452
-13.65491 17.7988 -21.05618
-13.72848 17.81779 -21.06673
-13.8022 17.83727 -21.07621
-13.87605 17.85719 -21.08465
-13.95001 17.87749 -21.0921
-14.02405 17.89814 -21.09859
-14.09816 17.91909 -21.10415
-14.17231 17.94028 -21.10883
-14.24649 17.96168 -21.11266
-14.32066 17.98323 -21.11567
-14.39482 18.00489 -21.1179
-14.46894 18.02662 -21.1194
-14.54299 18.04836 -21.12019
-14.61697 18.07006 -21.12032
-14.69084 18.09169 -21.11981
-14.76459 18.1132 -21.11871
-14.83819 18.13453 -21.11706
-14.91163 18.15565 -21.11488
-14.98489 18.1765 -21.11222
-15.05793 18.19704 -21.10912
-15.13075 18.21722 -21.1056
-15.20332 18.237 -21.10171
-15.27562 18.25632 -21.09749
-15.34763 18.27515 -21.09296
-15.41933 18.29343 -21.08817
-15.49069 18.31112 -21.08316
-15.56171 18.32817 -21.07795
-15.63235 18.34453 -21.0726
-15.70259 18.36016 -21.06712
-15.77242 18.37501 -21.06157
-15.84181 18.38904 -21.05597
-15.91074 18.40219 -21.05037
-15.9792 18.41442 -21.0448
-16.04715 18.42569 -21.03929
-16.11459 18.43595 -21.03389
-16.18148 18.44514 -21.02863
-16.24782 18.45323 -21.02355
-16.31356 18.46016 -21.01868
-16.37871 18.4659 -21.01406
-16.44323 18.47038 -21.00973
-16.5071 18.47358 -21.00573
-16.57031 18.47543 -21.00208
-16.63283 18.4759 -20.99883
-16.69465 18.47493 -20.99602
-16.75573 18.47248 -20.99368
-16.81606 18.46851 -20.99184
-16.87563 18.46296 -20.99055
-16.9344 18.45579 -20.98985
-16.99236 18.44695 -20.98976
-17.04948 18.4364 -20.99032
-17.10575 18.42409 -20.99157
-17.16114 18.40997 -20.99356
-17.21564 18.39399 -20.9963
-17.26922 18.37611 -20.99985
-17.32187 18.35629 -21.00424
-17.37355 18.33447 -21.0095
-17.42426 18.3106 -21.01568
-17.47396 18.28465 -21.0228
-17.50272 18.26839 -21.02744
-17.55452 18.23937 -21.03576
-17.6126 18.20885 -21.04429
-17.67677 18.17686 -21.05302
-17.74683 18.14343 -21.06193
-17.8226 18.10858 -21.071
-17.90388 18.07233 -21.08021
-17.99047 18.03472 -21.08954
-18.08218 17.99575 -21.09897
-18.17883 17.95546 -21.10848
-18.28021 17.91387 -21.11805
-18.38614 17.87101 -21.12766
-18.49641 17.82689 -21.13728
-18.61085 17.78155 -21.14691
-18.72924 17.735 -21.15651
-18.85141 17.68727 -21.16608
-18.97716 17.63838 -21.17558
-19.10629 17.58837 -21.185
-19.23861 17.53724 -21.19432
-19.37393 17.48503 -21.20352
-19.51205 17.43176 -21.21257
-19.65279 17.37746 -21.22147
-19.79594 17.32214 -21.23018
-19.94132 17.26583 -21.23869
-20.08873 17.20856 -21.24698
-20.23798 17.15035 -21.25503
-20.38888 17.09122 -21.26281
-20.54122 17.0312 -21.27032
-20.69483 16.97031 -21.27752
-20.8495 16.90858 -21.28439
-21.00505 16.84603 -21.29093
-21.16128 16.78267 -21.2971
-21.31799 16.71855 -21.30289
-21.47499 16.65368 -21.30827
-21.6321 16.58808 -21.31323
-21.78911 16.52178 -21.31775
-21.94584 16.4548 -21.32181
-22.10209 16.38717 -21.32538
-22.25766 16.31892 -21.32845
-22.41237 16.25006 -21.331
-22.56602 16.18061 -21.333
-22.71842 16.11061 -21.33444
-22.86937 16.04008 -21.33529
-23.01868 15.96903 -21.33554
-23.16617 15.8975 -21.33517
-23.31162 15.82551 -21.33415
-23.45486 15.75309 -21.33247
-23.59569 15.68024 -21.3301
-23.73391 15.60701 -21.32703
-23.86934 15.53342 -21.32324
-24.00177 15.45948 -21.3187
-24.13102 15.38523 -21.31339
-24.25689 15.31068 -21.3073
-24.3792 15.23586 -21.30041
-24.49773 15.16079 -21.29269
-24.61232 15.08551 -21.28412
-24.72275 15.01003 -21.27469
-24.82884 14.93437 -21.26437
-24.93039 14.85856 -21.25315
-25.02721 14.78263 -21.241
-25.11911 14.70659 -21.22791
-25.20589 14.63048 -21.21385
-25.28737 14.55431 -21.19881
-25.36334 14.47811 -21.18276
-25.43362 14.40191 -21.16568
-25.498 14.32572 -21.14756
-25.55631 14.24958 -21.12837
-25.60834 14.1735 -21.10809
-25.6539 14.09751 -21.08671
-25.6928 14.02163 -21.0642
-25.72485 13.9459 -21.04054
-25.74042 13.90141 -21.02608
-25.76445 13.82604 -21.00051
-25.7878 13.75104 -20.97367
-25.81046 13.67642 -20.94558
-25.83247 13.60219 -20.91626
-25.85381 13.52836 -20.88574
-25.87449 13.45493 -20.85404
-25.89454 13.38191 -20.82119
-25.91394 13.30932 -20.7872
-25.93272 13.23714 -20.75212
-25.95087 13.1654 -20.71595
-25.96841 13.0941 -20.67872
-25.98535 13.02324 -20.64046
-26.00169 12.95284 -20.60118
-26.01744 12.8829 -20.56092
-26.0326 12.81343 -20.5197
-26.0472 12.74443 -20.47754
-26.06122 12.67591 -20.43447
-26.07469 12.60788 -20.3905
-26.08761 12.54034 -20.34567
-26.09999 12.47331 -20.29999
-26.11183 12.40679 -20.2535
-26.12315 12.34078 -20.20621
-26.13395 12.2753 -20.15815
-26.14424 12.21035 -20.10934
-26.15402 12.14593 -20.0598
-26.16331 12.08206 -20.00957
-26.17211 12.01875 -19.95867
-26.18044 11.95599 -19.90711
-26.18829 11.8938 -19.85492
-26.19568 11.83218 -19.80213
-26.20261 11.77114 -19.74876
-26.2091 11.71069 -19.69483
-26.21514 11.65083 -19.64037
-26.22076 11.59157 -19.5854
-26.22595 11.53292 -19.52995
-26.23073 11.47489 -19.47403
-26.23509 11.41748 -19.41768
-26.23906 11.3607 -19.36092
-26.24264 11.30455 -19.30377
-26.24583 11.24905 -19.24625
-26.24864 11.1942 -19.18839
-26.25109 11.14001 -19.13022
-26.25317 11.08648 -19.07175
-26.2549 11.03362 -19.01301
-26.25629 10.98144 -18.95403
-26.25734 10.92995 -18.89482
-26.25807 10.87915 -18.83542
-26.25847 10.82905 -18.77585
-26.25855 10.77965 -18.71612
-26.25834 10.73097 -18.65627
-26.25782 10.68301 -18.59631
-26.25702 10.63579 -18.53628
-26.25593 10.58929 -18.4762
-26.25457 10.54354 -18.41608
-26.25294 10.49853 -18.35596
-26.25106 10.45428 -18.29585
-26.24892 10.4108 -18.23579
-26.24655 10.36808 -18.17579
-26.24394 10.32614 -18.11588
-26.2411 10.28499 -18.05608
-26.23804 10.24463 -17.99642
-26.23478 10.20507 -17.93692
-26.23131 10.16631 -17.87761
-26.22765 10.12836 -17.81851
-26.22379 10.09124 -17.75963
-26.21977 10.05494 -17.70102
-26.21557 10.01947 -17.64268
-26.2112 9.984846 -17.58465
-26.20668 9.95107 -17.52695
-26.20202 9.918147 -17.4696
-26.19921 9.899181 -17.43603
-26.19457 9.867232 -17.37951
-26.1903 9.83536 -17.3238
-26.18637 9.803575 -17.26887
-26.18277 9.771883 -17.21468
-26.1795 9.740299 -17.16119
-26.17653 9.70883 -17.10836
-26.17387 9.677486 -17.05615
-26.17149 9.646276 -17.00453
-26.16938 9.615211 -16.95347
-26.16754 9.584299 -16.90291
-26.16594 9.55355 -16.85282
-26.16458 9.522975 -16.80317
-26.16345 9.492582 -16.75392
-26.16253 9.46238 -16.70503
-26.1618 9.432383 -16.65645
-26.16127 9.402595 -16.60816
-26.16092 9.373028 -16.56012
-26.16072 9.343692 -16.51229
-26.16068 9.314595 -16.46462
-26.16078 9.285749 -16.41709
-26.16101 9.257162 -16.36965
-26.16135 9.228845 -16.32227
-26.16179 9.200805 -16.2749
-26.16233 9.173055 -16.22751
-26.16295 9.145601 -16.18007
-26.16363 9.118455 -16.13253
-26.16437 9.091627 -16.08486
-26.16515 9.065125 -16.03702
-26.16596 9.03896 -15.98897
-26.16678 9.013139 -15.94067
-26.16762 8.987675 -15.89209
-26.16845 8.962576 -15.84318
-26.16926 8.937851 -15.79391
-26.17004 8.91351 -15.74424
-26.17077 8.889565 -15.69414
-26.17145 8.866021 -15.64356
-26.17207 8.842892 -15.59247
-26.1726 8.820185 -15.54083
-26.17305 8.797911 -15.4886
-26.17339 8.776077 -15.43575
-26.17362 8.754697 -15.38223
-26.17372 8.733777 -15.32801
-26.17367 8.713327 -15.27305
-26.17348 8.693358 -15.21731
-26.17312 8.67388 -15.16075
-26.17259 8.654901 -15.10334
-26.17186 8.636431 -15.04504
-26.17094 8.61848 -14.98581
-26.1698 8.601057 -14.92562
-26.16845 8.584172 -14.86442
-26.16685 8.567836 -14.80217
-26.165 8.552055 -14.73884
-26.16289 8.536843 -14.6744
-26.16051 8.522206 -14.6088
-26.15784 8.508157 -14.542
-26.15487 8.494701 -14.47397
-26.1516 8.481853 -14.40467
-26.148 8.469618 -14.33406
-26.14406 8.458007 -14.26211
-26.13979 8.447032 -14.18877
-26.13515 8.4367 -14.11401
-26.13014 8.427021 -14.03779
-26.12475 8.418005 -13.96007
-26.11896 8.409661 -13.88081
-26.11277 8.402001 -13.79999
-26.10616 8.395032 -13.71755
