-29.45229 16.24728 -3.000087
-29.32258 16.26917 -2.968324
-29.19513 16.29074 -2.936345
-29.06988 16.31199 -2.904173
-28.94675 16.33289 -2.871827
-28.82568 16.35342 -2.839327
-28.70661 16.37355 -2.806694
-28.58946 16.39328 -2.773949
-28.47417 16.41257 -2.741112
-28.36068 16.4314 -2.708204
-28.2489 16.44976 -2.675245
-28.13878 16.46763 -2.642255
-28.03025 16.48498 -2.609255
-27.92324 16.50179 -2.576266
-27.81768 16.51805 -2.543308
-27.71351 16.53372 -2.510402
-27.61066 16.5488 -2.477568
-27.50907 16.56325 -2.444826
-27.40865 16.57706 -2.412198
-27.30936 16.59022 -2.379703
-27.21111 16.60269 -2.347362
-27.11386 16.61445 -2.315195
-27.01751 16.62549 -2.283224
-26.92201 16.63579 -2.251468
-26.8273 16.64531 -2.219949
-26.73329 16.65405 -2.188685
-26.63994 16.66199 -2.157699
-26.54716 16.66909 -2.127011
-26.4549 16.67534 -2.09664
-26.36307 16.68073 -2.066608
-26.27163 16.68522 -2.036935
-26.1805 16.6888 -2.007642
-26.08961 16.69145 -1.978748
-25.99889 16.69315 -1.950275
-25.90828 16.69387 -1.922243
-25.81771 16.69359 -1.894673
-25.72712 16.6923 -1.867584
-25.63643 16.68997 -1.840998
-25.54558 16.68658 -1.814935
-25.45451 16.68212 -1.789415
-25.36313 16.67656 -1.76446
-25.27139 16.66987 -1.740089
-25.17923 16.66205 -1.716323
-25.08656 16.65306 -1.693182
-24.99333 16.64289 -1.670688
-24.89947 16.63151 -1.648859
-24.80491 16.61892 -1.627718
-24.70958 16.60507 -1.607284
-24.61341 16.58996 -1.587579
-24.51635 16.57357 -1.568621
-24.41831 16.55586 -1.550433
-24.31924 16.53683 -1.533034
-24.21906 16.51645 -1.516445
-24.11772 16.4947 -1.500686
-24.01514 16.47156 -1.485778
-23.91125 16.447 -1.471742
-23.80598 16.42101 -1.458598
-23.69928 16.39357 -1.446366
-23.59107 16.36466 -1.435067
-23.48129 16.33425 -1.424721
-23.36986 16.30232 -1.415349
-23.25672 16.26886 -1.406972
-23.14181 16.23384 -1.39961
-23.02505 16.19724 -1.393283
-22.90639 16.15905 -1.388011
-22.78574 16.11923 -1.383817
-22.66304 16.07777 -1.380719
-22.53824 16.03465 -1.378738
-22.41125 15.98985 -1.377896
-22.30957 15.95334 -1.378047
-22.18067 15.90932 -1.378948
-22.05375 15.87118 -1.380337
-21.92875 15.83878 -1.382195
-21.80566 15.812 -1.384505
-21.68443 15.79069 -1.387251
-21.56503 15.77474 -1.390415
-21.44742 15.76399 -1.393981
-21.33157 15.75833 -1.397931
-21.21744 15.75762 -1.402248
-21.10501 15.76173 -1.406915
-20.99422 15.77053 -1.411915
-20.88505 15.78387 -1.417231
-20.77747 15.80164 -1.422845
-20.67143 15.8237 -1.428742
-20.5669 15.84992 -1.434903
-20.46385 15.88016 -1.441312
-20.36224 15.91429 -1.447951
-20.26204 15.95218 -1.454804
-20.16321 15.9937 -1.461853
-20.06572 16.03872 -1.469082
-19.96952 16.0871 -1.476472
-19.8746 16.13871 -1.484008
-19.7809 16.19342 -1.491672
-19.6884 16.2511 -1.499447
-19.59706 16.31161 -1.507315
-19.50684 16.37482 -1.515261
-19.41772 16.4406 -1.523266
-19.32965 16.50882 -1.531314
-19.24259 16.57935 -1.539387
-19.15653 16.65205 -1.547469
-19.07141 16.72679 -1.555543
-18.9872 16.80343 -1.563591
-18.90388 16.88186 -1.571596
-18.8214 16.96192 -1.579541
-18.73972 17.0435 -1.58741
-18.65882 17.12646 -1.595184
-18.57866 17.21067 -1.602847
-18.4992 17.29599 -1.610383
-18.42041 17.38229 -1.617773
-18.34225 17.46945 -1.625001
-18.26469 17.55732 -1.63205
-18.18769 17.64578 -1.638902
-18.11122 17.73469 -1.64554
-18.03523 17.82392 -1.651949
-17.95971 17.91335 -1.658109
-17.88461 18.00282 -1.664005
-17.80989 18.09223 -1.669618
-17.73553 18.18143 -1.674934
-17.66148 18.27028 -1.679933
-17.58771 18.35867 -1.684599
-17.51418 18.44645 -1.688915
-17.44087 18.53349 -1.692863
-17.36773 18.61966 -1.696428
-17.29473 18.70484 -1.699591
-17.22184 18.78888 -1.702336
-17.14902 18.87165 -1.704645
-17.07623 18.95303 -1.706502
-17.00344 19.03287 -1.707888
-16.93062 19.11106 -1.708789
-16.85772 19.18744 -1.709185
-16.78472 19.26191 -1.709061
-16.71157 19.33431 -1.708398
-16.63825 19.40452 -1.707181
-16.56472 19.47241 -1.705391
-16.49094 19.53784 -1.703012
-16.41688 19.60068 -1.700027
-16.3425 19.6608 -1.696419
-16.26777 19.71807 -1.69217
-16.19265 19.77235 -1.687264
-16.11711 19.82352 -1.681683
-16.07246 19.85211 -1.678078
-15.99674 19.89878 -1.67092
-15.92167 19.94355 -1.662147
-15.84723 19.98645 -1.651808
-15.77341 20.02751 -1.639952
-15.7002 20.06677 -1.626628
-15.62758 20.10425 -1.611885
-15.55554 20.13999 -1.595773
-15.48408 20.17402 -1.57834
-15.41317 20.20637 -1.559636
-15.3428 20.23708 -1.53971
-15.27297 20.26616 -1.51861
-15.20366 20.29366 -1.496387
-15.13486 20.31961 -1.473088
-15.06655 20.34404 -1.448764
-14.99873 20.36697 -1.423463
-14.93138 20.38845 -1.397235
-14.86449 20.4085 -1.370128
-14.79805 20.42715 -1.342192
-14.73203 20.44444 -1.313475
-14.66645 20.4604 -1.284028
-14.60127 20.47506 -1.253899
-14.53649 20.48845 -1.223137
-14.47209 20.50059 -1.191791
-14.40807 20.51154 -1.159911
-14.34441 20.5213 -1.127545
-14.2811 20.52993 -1.094743
-14.21812 20.53744 -1.061554
-14.15547 20.54387 -1.028026
-14.09313 20.54926 -0.9942098
-14.03109 20.55363 -0.9601536
-13.96933 20.557 -0.9259066
-13.90785 20.55943 -0.891518
-13.84663 20.56094 -0.8570369
-13.78566 20.56155 -0.8225124
-13.72493 20.56131 -0.7879937
-13.66442 20.56023 -0.7535298
-13.60413 20.55836 -0.7191699
-13.54404 20.55573 -0.6849631
-13.48413 20.55236 -0.6509585
-13.4244 20.54829 -0.6172053
-13.36484 20.54355 -0.5837526
-13.30543 20.53817 -0.5506493
-13.24615 20.53218 -0.5179449
-13.18701 20.52562 -0.4856882
-13.12797 20.51851 -0.4539286
-13.06904 20.51089 -0.4227149
-13.0102 20.50279 -0.3920964
-12.95144 20.49424 -0.3621222
-12.89274 20.48528 -0.3328415
-12.8341 20.47592 -0.3043033
-12.77549 20.46621 -0.2765567
-12.71692 20.45618 -0.249651
-12.65836 20.44586 -0.2236351
-12.5998 20.43527 -0.1985583
-12.54124 20.42446 -0.1744696
-12.48266 20.41345 -0.1514181
-12.42404 20.40228 -0.129453
-12.36537 20.39097 -0.1086235
-12.30665 20.37955 -0.08897853
-12.24786 20.36807 -0.07056731
-12.18898 20.35654 -0.05343896
-12.13002 20.34501 -0.03764259
-12.07094 20.33351 -0.02322732
-12.01174 20.32206 -0.01024227
-11.95242 20.31069 0.001263451
-11.89295 20.29944 0.01124071
-11.83332 20.28835 0.01964038
-11.77352 20.27743 0.02641337
-11.71355 20.26673 0.03151054
-11.65338 20.25626 0.03488276
-11.61788 20.25024 0.03604093
-11.5563 20.24111 0.03705746
-11.4924 20.23398 0.03721672
-11.42627 20.22872 0.03650689
-11.35801 20.22525 0.03491617
-11.28772 20.22344 0.03243273
-11.21549 20.22319 0.0290448
-11.14142 20.22439 0.02474054
-11.06559 20.22693 0.01950815
-10.98811 20.23071 0.01333583
-10.90907 20.23561 0.006211763
-10.82856 20.24153 -0.001875863
-10.74667 20.24837 -0.01093885
-10.66352 20.256 -0.02098901
-10.57918 20.26432 -0.03203814
-10.49375 20.27323 -0.04409807
-10.40732 20.28262 -0.0571806
-10.32 20.29238 -0.07129753
-10.23188 20.30239 -0.08646066
-10.14305 20.31256 -0.1026818
-10.0536 20.32277 -0.1199728
-9.963634 20.33292 -0.1383454
-9.873242 20.3429 -0.1578115
-9.78252 20.35259 -0.1783828
-9.691563 20.3619 -0.2000712
-9.600463 20.37071 -0.2228884
-9.509318 20.37892 -0.2468463
-9.418221 20.38641 -0.2719568
-9.327268 20.39308 -0.2982315
-9.236551 20.39882 -0.3256823
-9.146167 20.40352 -0.3543211
-9.056211 20.40707 -0.3841595
-8.966775 20.40937 -0.4152096
-8.877956 20.41031 -0.4474829
-8.789849 20.40978 -0.4809914
-8.702547 20.40767 -0.5157468
-8.616146 20.40387 -0.5517611
-8.53074 20.39827 -0.5890458
-8.446424 20.39077 -0.627613
-8.363292 20.38126 -0.6674744
-8.281438 20.36963 -0.7086417
-8.200959 20.35577 -0.7511269
-8.121949 20.33958 -0.7949417
-8.044501 20.32093 -0.840098
-7.968712 20.29974 -0.8866074
-7.894675 20.27589 -0.9344819
-7.822484 20.24926 -0.9837333
-7.752236 20.21976 -1.034373
-7.684025 20.18727 -1.086414
-7.617945 20.15169 -1.139866
-7.55409 20.11291 -1.194743
-7.492556 20.07081 -1.251056
-7.433437 20.0253 -1.308817
-7.376829 19.97626 -1.368037
-7.322825 19.92358 -1.428728
-7.27152 19.86717 -1.490902
-7.223009 19.80689 -1.554572
-7.177387 19.74267 -1.619748
-7.134748 19.67437 -1.686442
-7.095187 19.60189 -1.754667
-7.058798 19.52514 -1.824434
-7.025678 19.44399 -1.895756
-6.995918 19.35833 -1.968643
-6.969616 19.26808 -2.043107
-6.946865 19.1731 -2.119161
-6.92776 19.07329 -2.196816
-6.912395 18.96856 -2.276084
-6.900867 18.85878 -2.356977
-6.893268 18.74385 -2.439507
-6.889693 18.62366 -2.523685
-6.890239 18.49811 -2.609524
-6.892522 18.4217 -2.660802
-6.900362 18.29284 -2.745307
-6.913534 18.16923 -2.823615
-6.931914 18.05076 -2.895886
-6.955377 17.93736 -2.962283
-6.983795 17.82891 -3.022968
-7.017047 17.72534 -3.078101
-7.055004 17.62654 -3.127846
-7.097544 17.53241 -3.172362
-7.14454 17.44288 -3.211813
-7.195867 17.35784 -3.24636
-7.2514 17.27719 -3.276164
-7.311014 17.20085 -3.301389
-7.374585 17.12871 -3.322193
-7.441985 17.0607 -3.338741
-7.513092 16.9967 -3.351193
-7.587778 16.93664 -3.359712
-7.66592 16.88041 -3.364458
-7.747391 16.82791 -3.365594
-7.832067 16.77906 -3.363282
-7.919824 16.73376 -3.357682
-8.010534 16.69193 -3.348958
-8.104074 16.65345 -3.33727
-8.200317 16.61824 -3.32278
-8.299141 16.58621 -3.30565
-8.400418 16.55725 -3.286043
-8.504025 16.53129 -3.264118
-8.609834 16.50822 -3.240038
-8.717721 16.48794 -3.213966
-8.827561 16.47038 -3.186062
-8.93923 16.45542 -3.156488
-9.052602 16.44298 -3.125406
-9.167552 16.43295 -3.092978
-9.283954 16.42526 -3.059366
-9.401683 16.41981 -3.02473
-9.520616 16.41649 -2.989233
-9.640624 16.41522 -2.953038
-9.761585 16.4159 -2.916304
-9.883372 16.41845 -2.879194
-10.00586 16.42275 -2.84187
-10.12893 16.42872 -2.804494
-10.25244 16.43627 -2.767227
-10.37629 16.4453 -2.730231
-10.50033 16.45572 -2.693667
-10.62445 16.46744 -2.657697
-10.74852 16.48035 -2.622484
-10.87242 16.49437 -2.588189
-10.99602 16.5094 -2.554973
-11.11919 16.52534 -2.522998
-11.24181 16.54211 -2.492426
-11.36376 16.55961 -2.463419
-11.4849 16.57775 -2.436138
-11.60512 16.59642 -2.410745
-11.72429 16.61555 -2.387402
-11.84229 16.63502 -2.366271
-11.95898 16.65476 -2.347512
-12.07425 16.67466 -2.331289
-12.18796 16.69463 -2.317763
-12.3 16.71457 -2.307094
-12.41024 16.7344 -2.299446
-12.51855 16.75402 -2.29498
-12.62481 16.77333 -2.293857
-12.72889 16.79225 -2.296239
-12.83068 16.81067 -2.302289
-12.93003 16.8285 -2.312167
-13.02683 16.84564 -2.326035
-13.12095 16.86202 -2.344056
-13.21227 16.87752 -2.366391
-13.30066 16.89206 -2.393201
-13.386 16.90554 -2.424648
-13.46816 16.91787 -2.460895
-13.51496 16.92455 -2.484525
-13.59341 16.93466 -2.525275
-13.67164 16.94307 -2.56426
-13.74961 16.9498 -2.601524
-13.82729 16.95489 -2.637111
-13.90468 16.95835 -2.671064
-13.98175 16.96022 -2.703428
-14.05846 16.96053 -2.734244
-14.13481 16.95929 -2.763558
-14.21076 16.95654 -2.791412
-14.2863 16.95231 -2.81785
-14.3614 16.94662 -2.842916
-14.43604 16.9395 -2.866653
-14.51019 16.93097 -2.889105
-14.58384 16.92107 -2.910315
-14.65696 16.90982 -2.930327
-14.72952 16.89725 -2.949184
-14.80151 16.88338 -2.96693
-14.87289 16.86825 -2.983609
-14.94366 16.85188 -2.999264
-15.01378 16.83429 -3.013938
-15.08323 16.81552 -3.027676
-15.15199 16.79559 -3.04052
-15.22004 16.77452 -3.052515
-15.28736 16.75236 -3.063703
-15.35391 16.72911 -3.074129
-15.41968 16.70482 -3.083836
-15.48464 16.67951 -3.092867
-15.54878 16.6532 -3.101267
-15.61207 16.62592 -3.109078
-15.67448 16.5977 -3.116344
-15.736 16.56857 -3.123109
-15.79659 16.53855 -3.129416
-15.85625 16.50767 -3.135309
-15.91494 16.47596 -3.140831
-15.97264 16.44345 -3.146026
-16.02932 16.41015 -3.150938
-16.08498 16.37611 -3.15561
-16.13958 16.34134 -3.160086
-16.19309 16.30588 -3.164408
-16.24551 16.26975 -3.168622
-16.29679 16.23298 -3.172769
-16.34693 16.19559 -3.176894
-16.3959 16.15762 -3.181041
-16.44367 16.11909 -3.185253
-16.49023 16.08002 -3.189573
-16.53554 16.04045 -3.194045
-16.5796 16.0004 -3.198713
-16.62236 15.9599 -3.20362
-16.66382 15.91898 -3.20881
-16.70394 15.87766 -3.214326
-16.74271 15.83597 -3.220211
-16.7801 15.79394 -3.22651
-16.8161 15.75159 -3.233266
-16.85066 15.70896 -3.240523
-16.88378 15.66607 -3.248323
-16.91543 15.62294 -3.256711
-16.94559 15.5796 -3.26573
-16.97424 15.53609 -3.275424
-17.00134 15.49243 -3.285836
-17.02689 15.44864 -3.29701
-17.05085 15.40475 -3.30899
-17.0732 15.3608 -3.321818
-17.09393 15.3168 -3.335538
-17.113 15.27279 -3.350195
-17.13039 15.22878 -3.365831
-17.14609 15.18482 -3.38249
-17.16006 15.14092 -3.400216
-17.17229 15.09712 -3.419052
-17.18276 15.05343 -3.439042
-17.19143 15.0099 -3.46023
-17.19569 14.98437 -3.473271
-17.20109 14.94174 -3.495709
-17.20392 14.90052 -3.517947
-17.20424 14.86069 -3.539979
-17.20209 14.82219 -3.561802
-17.19753 14.78502 -3.583414
-17.19061 14.74912 -3.60481
-17.18137 14.71447 -3.625986
-17.16988 14.68103 -3.64694
-17.15617 14.64878 -3.667667
-17.1403 14.61767 -3.688165
-17.12233 14.58768 -3.708429
-17.10231 14.55878 -3.728456
-17.08027 14.53092 -3.748242
-17.05629 14.50409 -3.767784
-17.0304 14.47823 -3.787078
-17.00266 14.45333 -3.806121
-16.97311 14.42935 -3.824909
-16.94182 14.40625 -3.843439
-16.90883 14.38401 -3.861706
-16.87419 14.36259 -3.879708
-16.83796 14.34195 -3.897441
-16.80018 14.32207 -3.914901
-16.7609 14.30291 -3.932085
-16.72019 14.28444 -3.948989
-16.67808 14.26663 -3.96561
-16.63463 14.24944 -3.981943
-16.58989 14.23284 -3.997986
-16.54391 14.21679 -4.013735
-16.49674 14.20127 -4.029186
-16.44843 14.18625 -4.044336
-16.39905 14.17168 -4.059181
-16.34862 14.15754 -4.073718
-16.29721 14.14379 -4.087943
-16.24487 14.1304 -4.101852
-16.19165 14.11734 -4.115442
-16.1376 14.10458 -4.12871
-16.08277 14.09207 -4.141651
-16.02721 14.07979 -4.154263
-15.97098 14.06771 -4.166541
-15.91412 14.0558 -4.178483
-15.85668 14.04401 -4.190084
-15.79872 14.03232 -4.20134
-15.74029 14.0207 -4.212249
-15.68143 14.00911 -4.222807
-15.62221 13.99751 -4.233011
-15.56266 13.98588 -4.242856
-15.50285 13.97419 -4.252339
-15.44282 13.96239 -4.261457
-15.38263 13.95047 -4.270206
-15.32232 13.93838 -4.278582
-15.26194 13.92608 -4.286582
-15.20155 13.91356 -4.294203
-15.1412 13.90078 -4.30144
-15.08095 13.88769 -4.308291
-15.02083 13.87428 -4.314751
-14.9609 13.86051 -4.320817
-14.90121 13.84633 -4.326486
-14.84182 13.83173 -4.331753
-14.78277 13.81667 -4.336616
-14.72412 13.80112 -4.341071
-14.66591 13.78504 -4.345114
-14.60821 13.7684 -4.348741
-14.55105 13.75116 -4.35195
-14.49449 13.7333 -4.354736
-14.43858 13.71479 -4.357096
-14.38338 13.69558 -4.359027
-14.32893 13.67564 -4.360524
-14.27528 13.65495 -4.361585
-14.22249 13.63347 -4.362205
-14.17061 13.61117 -4.362381
-14.14053 13.59765 -4.362277
-14.09068 13.57488 -4.36254
-14.04276 13.55303 -4.363939
-13.99668 13.53207 -4.366455
-13.95233 13.51202 -4.370069
-13.90963 13.49284 -4.374763
-13.86849 13.47453 -4.380517
-13.8288 13.45707 -4.387312
-13.79047 13.44046 -4.395131
-13.75341 13.42468 -4.403955
-13.71753 13.40972 -4.413764
-13.68273 13.39557 -4.424539
-13.64891 13.38222 -4.436263
-13.61599 13.36965 -4.448916
-13.58387 13.35785 -4.46248
-13.55245 13.34681 -4.476936
-13.52164 13.33652 -4.492264
-13.49135 13.32697 -4.508448
-13.46148 13.31813 -4.525466
-13.43194 13.31002 -4.543303
-13.40263 13.3026 -4.561936
-13.37346 13.29587 -4.58135
-13.34433 13.28981 -4.601524
-13.31516 13.28442 -4.62244
-13.28585 13.27968 -4.644079
-13.25629 13.27558 -4.666423
-13.22641 13.27211 -4.689452
-13.1961 13.26925 -4.713148
-13.16528 13.267 -4.737493
-13.13383 13.26534 -4.762466
-13.10169 13.26425 -4.788051
-13.06874 13.26374 -4.814228
-13.03489 13.26378 -4.840978
-13.00005 13.26437 -4.868282
-12.96413 13.26548 -4.896122
-12.92704 13.26712 -4.924479
-12.88867 13.26927 -4.953334
-12.84893 13.2719 -4.982669
-12.80773 13.27503 -5.012465
-12.76498 13.27862 -5.042703
-12.72058 13.28268 -5.073363
-12.67443 13.28718 -5.104429
-12.62645 13.29211 -5.13588
-12.57654 13.29747 -5.167698
-12.5246 13.30325 -5.199865
-12.47054 13.30942 -5.232361
-12.41427 13.31598 -5.265168
-12.35569 13.32291 -5.298267
-12.29471 13.33021 -5.33164
-12.23123 13.33785 -5.365266
-12.16516 13.34584 -5.399129
-12.09641 13.35416 -5.433209
-12.02488 13.36279 -5.467487
-11.95048 13.37172 -5.501945
-11.87311 13.38094 -5.536563
-11.79268 13.39045 -5.571324
-11.70909 13.40022 -5.606208
-11.62226 13.41024 -5.641197
-11.53208 13.42051 -5.676271
-11.43846 13.43101 -5.711413
-11.34132 13.44173 -5.746603
-11.24054 13.45266 -5.781824
-11.13605 13.46378 -5.817054
-11.02774 13.47509 -5.852277
-10.91553 13.48656 -5.887473
-10.79931 13.49819 -5.922624
-10.679 13.50998 -5.957711
-10.55449 13.52189 -5.992715
-10.4257 13.53393 -6.027617
-10.29254 13.54608 -6.062399
-10.1549 13.55833 -6.097043
-10.0718 13.56558 -6.11735
-9.931831 13.57767 -6.152555
-9.797117 13.58927 -6.189213
-9.667598 13.60037 -6.227303
-9.54322 13.61099 -6.266801
-9.423926 13.62113 -6.307687
-9.309662 13.63078 -6.349939
-9.200372 13.63997 -6.393534
-9.096 13.64869 -6.438452
-8.996491 13.65695 -6.48467
-8.901789 13.66475 -6.532166
-8.811837 13.6721 -6.580919
-8.726583 13.679 -6.630906
-8.645968 13.68546 -6.682106
-8.569939 13.69148 -6.734497
-8.498438 13.69707 -6.788057
-8.431412 13.70223 -6.842765
-8.368803 13.70697 -6.898598
-8.310556 13.71129 -6.955534
-8.256617 13.7152 -7.013553
-8.206928 13.7187 -7.072631
-8.161437 13.7218 -7.132748
-8.120085 13.72449 -7.193882
-8.082817 13.7268 -7.256009
-8.049579 13.72872 -7.319108
-8.020314 13.73025 -7.38316
-7.994967 13.73141 -7.44814
-7.973482 13.73219 -7.514027
-7.955804 13.7326 -7.5808
-7.941877 13.73265 -7.648435
-7.931645 13.73234 -7.716913
-7.925054 13.73168 -7.78621
-7.922047 13.73067 -7.856305
-7.922569 13.72932 -7.927177
-7.926565 13.72762 -7.998803
-7.933978 13.72559 -8.071161
-7.944753 13.72324 -8.14423
-7.958835 13.72056 -8.217987
-7.976168 13.71756 -8.292413
-7.996696 13.71424 -8.367481
-8.020364 13.71062 -8.443175
-8.047116 13.70669 -8.519469
-8.076897 13.70246 -8.596344
-8.109652 13.69794 -8.673776
-8.145324 13.69313 -8.751744
-8.183857 13.68803 -8.830226
-8.225197 13.68266 -8.909201
-8.269288 13.67701 -8.988646
-8.316074 13.67108 -9.06854
-8.3655 13.6649 -9.14886
-8.41751 13.65845 -9.229586
-8.472049 13.65175 -9.310694
-8.52906 13.6448 -9.392164
-8.58849 13.6376 -9.473972
-8.65028 13.63017 -9.5561
-8.714376 13.62249 -9.638523
-8.780725 13.61459 -9.72122
-8.849268 13.60646 -9.804168
-8.91995 13.59811 -9.887347
-8.992716 13.58955 -9.970735
-9.067511 13.58077 -10.05431
-9.144279 13.57179 -10.13805
-9.222962 13.56261 -10.22193
-9.303509 13.55323 -10.30593
-9.385861 13.54366 -10.39004
-9.469965 13.5339 -10.47422
-9.555763 13.52397 -10.55845
-9.643201 13.51385 -10.64272
-9.732222 13.50357 -10.727
-9.82277 13.49312 -10.81127
-9.914792 13.48251 -10.89551
-9.969593 13.47619 -10.94505
-10.06274 13.46522 -11.02785
-10.15508 13.45389 -11.10795
-10.24661 13.4422 -11.18542
-10.33735 13.43016 -11.26033
-10.42731 13.41778 -11.33275
-10.51649 13.40506 -11.40275
-10.60492 13.39202 -11.47041
-10.69261 13.37867 -11.5358
-10.77956 13.365 -11.59899
-10.86579 13.35104 -11.66005
-10.9513 13.33679 -11.71906
-11.03613 13.32225 -11.77608
-11.12026 13.30743 -11.8312
-11.20372 13.29235 -11.88447
-11.28652 13.27701 -11.93599
-11.36866 13.26142 -11.9858
-11.45017 13.24558 -12.034
-11.53105 13.22951 -12.08064
-11.61131 13.21322 -12.12581
-11.69097 13.1967 -12.16958
-11.77004 13.17998 -12.21201
-11.84853 13.16306 -12.25318
-11.92645 13.14594 -12.29317
-12.00381 13.12863 -12.33204
-12.08063 13.11115 -12.36986
-12.15692 13.0935 -12.40671
-12.23268 13.07569 -12.44267
-12.30794 13.05772 -12.47779
-12.3827 13.03961 -12.51217
-12.45697 13.02137 -12.54585
-12.53077 13.00299 -12.57893
-12.60411 12.9845 -12.61148
-12.677 12.96589 -12.64355
-12.74945 12.94718 -12.67523
-12.82147 12.92838 -12.70659
-12.89308 12.90948 -12.7377
-12.96429 12.89051 -12.76864
-13.03511 12.87147 -12.79947
-13.10555 12.85237 -12.83026
-13.17561 12.83321 -12.8611
-13.24533 12.814 -12.89205
-13.3147 12.79476 -12.92318
-13.38374 12.77548 -12.95457
-13.45246 12.75619 -12.98628
-13.52087 12.73688 -13.0184
-13.58899 12.71756 -13.05099
-13.65682 12.69825 -13.08413
-13.72438 12.67895 -13.11788
-13.79167 12.65967 -13.15232
-13.85872 12.64041 -13.18753
-13.92554 12.62119 -13.22357
-13.99212 12.60202 -13.26051
-14.05849 12.58289 -13.29844
-14.12467 12.56383 -13.33741
-14.19065 12.54484 -13.37751
-14.25645 12.52592 -13.4188
-14.32209 12.50708 -13.46136
-14.38757 12.48834 -13.50526
-14.45291 12.4697 -13.55057
-14.51812 12.45117 -13.59737
-14.58321 12.43275 -13.64572
-14.6482 12.41446 -13.6957
-14.71309 12.39631 -13.74738
-14.77789 12.3783 -13.80083
-14.84263 12.36043 -13.85613
-14.9073 12.34273 -13.91335
-14.97193 12.32519 -13.97256
-15.03652 12.30783 -14.03382
-15.10108 12.29065 -14.09723
-15.16564 12.27365 -14.16284
-15.20361 12.26375 -14.20249
-15.26684 12.24762 -14.27047
-15.32742 12.23275 -14.33821
-15.38537 12.21911 -14.4057
-15.44071 12.2067 -14.4729
-15.49345 12.19549 -14.5398
-15.5436 12.18546 -14.60637
-15.59119 12.17659 -14.6726
-15.63622 12.16885 -14.73845
-15.67871 12.16223 -14.80391
-15.71867 12.15671 -14.86895
-15.75612 12.15226 -14.93356
-15.79107 12.14887 -14.9977
-15.82355 12.14651 -15.06136
-15.85356 12.14516 -15.12451
-15.88111 12.14481 -15.18713
-15.90623 12.14542 -15.2492
-15.92893 12.14699 -15.31069
-15.94922 12.14949 -15.37159
-15.96712 12.15289 -15.43187
-15.98264 12.15719 -15.4915
-15.9958 12.16235 -15.55047
-16.00661 12.16835 -15.60875
-16.01508 12.17519 -15.66632
-16.02124 12.18283 -15.72316
-16.02509 12.19125 -15.77924
-16.02666 12.20044 -15.83455
-16.02595 12.21037 -15.88905
-16.02298 12.22102 -15.94273
-16.01776 12.23237 -15.99556
-16.01032 12.2444 -16.04752
-16.00066 12.25709 -16.0986
-15.9888 12.27042 -16.14876
-15.97476 12.28437 -16.19798
-15.95855 12.29891 -16.24624
-15.94018 12.31404 -16.29352
-15.91966 12.32971 -16.3398
-15.89703 12.34592 -16.38505
-15.87228 12.36265 -16.42925
-15.84543 12.37987 -16.47238
-15.81651 12.39756 -16.51441
-15.78551 12.4157 -16.55533
-15.75247 12.43428 -16.5951
-15.71738 12.45326 -16.63371
-15.68028 12.47264 -16.67114
-15.64116 12.49238 -16.70736
-15.60006 12.51247 -16.74235
-15.55697 12.53288 -16.77609
-15.51192 12.55361 -16.80855
-15.46493 12.57461 -16.83971
-15.41599 12.59589 -16.86955
-15.36514 12.6174 -16.89805
-15.31239 12.63914 -16.92518
-15.25775 12.66109 -16.95092
-15.20123 12.68321 -16.97525
-15.14285 12.70549 -16.99815
-15.08263 12.72791 -17.01959
-15.02057 12.75046 -17.03955
-14.9567 12.7731 -17.05801
-14.89103 12.79582 -17.07495
-14.82358 12.81859 -17.09034
-14.75435 12.8414 -17.10415
-14.68337 12.86423 -17.11638
-14.61064 12.88705 -17.12699
-14.53619 12.90984 -17.13596
-14.46003 12.93259 -17.14328
-14.38217 12.95527 -17.14891
-14.30262 12.97786 -17.15283
-14.22141 13.00034 -17.15503
-14.13855 13.02269 -17.15548
-14.05405 13.04489 -17.15415
-14.00358 13.05787 -17.15253
-13.91608 13.07952 -17.14865
-13.82621 13.10046 -17.14362
-13.73407 13.12073 -17.13748
-13.63978 13.14037 -17.13031
-13.54347 13.15942 -17.12215
-13.44524 13.17791 -17.11308
-13.34521 13.19587 -17.10314
-13.2435 13.21336 -17.0924
-13.14023 13.23039 -17.08091
-13.03551 13.24702 -17.06875
-12.92946 13.26327 -17.05595
-12.8222 13.27918 -17.04259
-12.71383 13.2948 -17.02873
-12.60449 13.31015 -17.01441
-12.49428 13.32528 -16.99971
-12.38332 13.34021 -16.98468
-12.27173 13.355 -16.96937
-12.15962 13.36967 -16.95386
-12.04711 13.38426 -16.9382
-11.93432 13.3988 -16.92244
-11.82136 13.41335 -16.90664
-11.70835 13.42792 -16.89088
-11.59542 13.44256 -16.8752
-11.48266 13.45731 -16.85966
-11.3702 13.4722 -16.84432
-11.25816 13.48727 -16.82925
-11.14665 13.50256 -16.8145
-11.03579 13.5181 -16.80013
-10.92569 13.53393 -16.7862
-10.81648 13.55008 -16.77277
-10.70826 13.5666 -16.75989
-10.60116 13.58352 -16.74764
-10.49529 13.60088 -16.73606
-10.39077 13.61871 -16.72521
-10.28772 13.63705 -16.71516
-10.18624 13.65594 -16.70596
-10.08646 13.67542 -16.69768
-9.988497 13.69551 -16.69037
-9.892462 13.71627 -16.68409
-9.798473 13.73772 -16.6789
-9.706648 13.7599 -16.67486
-9.617103 13.78285 -16.67203
-9.529953 13.80661 -16.67046
-9.445315 13.83121 -16.67023
-9.363308 13.85669 -16.67138
-9.284046 13.88308 -16.67397
-9.207644 13.91043 -16.67807
-9.134224 13.93877 -16.68374
-9.063897 13.96813 -16.69102
-8.996781 13.99856 -16.69999
-8.932994 14.0301 -16.7107
-8.872651 14.06276 -16.72321
-8.815868 14.09661 -16.73758
-8.762765 14.13166 -16.75387
-8.713454 14.16796 -16.77214
-8.668054 14.20555 -16.79244
-8.62668 14.24446 -16.81484
-8.589449 14.28472 -16.8394
-8.556479 14.32639 -16.86617
-8.527885 14.36948 -16.89521
-8.503784 14.41405 -16.92658
-8.484292 14.46012 -16.96035
-8.469525 14.50773 -16.99657
-8.459601 14.55693 -17.0353
-8.454636 14.60774 -17.0766
-8.454744 14.6602 -17.12053
-8.460046 14.71436 -17.16714
-8.470656 14.77024 -17.21651
-8.48669 14.82789 -17.26868
-8.508265 14.88733 -17.32371
-8.523593 14.92316 -17.35745
-8.550964 14.98369 -17.41558
-8.577641 15.04241 -17.47354
-8.603658 15.09935 -17.53131
-8.629053 15.15453 -17.58889
-8.653866 15.20799 -17.64628
-8.678131 15.25977 -17.70347
-8.701889 15.30988 -17.76044
-8.725175 15.35836 -17.81719
-8.748028 15.40525 -17.87372
-8.770485 15.45057 -17.93002
-8.792583 15.49435 -17.98607
-8.814362 15.53663 -18.04189
-8.835856 15.57743 -18.09744
-8.857106 15.61679 -18.15274
-8.878147 15.65474 -18.20777
-8.899018 15.6913 -18.26252
-8.919757 15.72651 -18.31699
-8.940399 15.7604 -18.37117
-8.960985 15.793 -18.42506
-8.98155 15.82434 -18.47864
-9.002132 15.85445 -18.53191
-9.022772 15.88336 -18.58486
-9.043501 15.9111 -18.63749
-9.064363 15.93771 -18.68978
-9.085391 15.96321 -18.74174
-9.106625 15.98764 -18.79335
-9.128101 16.01102 -18.84461
-9.149858 16.03339 -18.8955
-9.171933 16.05478 -18.94603
-9.194365 16.07521 -18.99618
-9.217189 16.09472 -19.04595
-9.240444 16.11334 -19.09534
-9.264167 16.13111 -19.14432
-9.288397 16.14804 -19.19291
-9.313169 16.16417 -19.24108
-9.338523 16.17954 -19.28883
-9.364495 16.19417 -19.33616
-9.391124 16.20809 -19.38306
-9.418447 16.22134 -19.42952
-9.446501 16.23394 -19.47554
-9.475324 16.24593 -19.5211
-9.504953 16.25734 -19.5662
-9.535427 16.26819 -19.61083
-9.566782 16.27852 -19.65499
-9.599056 16.28836 -19.69866
-9.632288 16.29774 -19.74185
-9.666514 16.3067 -19.78455
-9.701772 16.31525 -19.82673
-9.738099 16.32343 -19.86841
-9.775534 16.33128 -19.90957
-9.814113 16.33883 -19.95021
-9.853874 16.34609 -19.99032
-9.894855 16.35311 -20.02989
-9.937095 16.35992 -20.06891
-9.980628 16.36654 -20.10738
-10.02549 16.37301 -20.14528
-10.07173 16.37936 -20.18263
-10.11938 16.38562 -20.2194
-10.16846 16.39182 -20.25558
-10.21904 16.39798 -20.29118
-10.27113 16.40415 -20.32618
-10.32478 16.41035 -20.36058
-10.38003 16.41661 -20.39437
-10.43691 16.42297 -20.42755
-10.49546 16.42945 -20.46009
-10.55572 16.43609 -20.49201
-10.61772 16.44291 -20.52329
-10.68151 16.44995 -20.55392
-10.74712 16.45723 -20.58391
-10.81458 16.46479 -20.61323
-10.85516 16.46938 -20.63017
-10.9258 16.4781 -20.65848
-10.9986 16.48843 -20.68624
-11.07351 16.5003 -20.71346
-11.15043 16.51365 -20.74013
-11.22931 16.52841 -20.76627
-11.31006 16.54454 -20.79189
-11.39263 16.56196 -20.81699
-11.47693 16.58062 -20.84158
-11.56289 16.60044 -20.86567
-11.65045 16.62138 -20.88926
-11.73953 16.64337 -20.91237
-11.83006 16.66634 -20.93501
-11.92196 16.69024 -20.95717
-12.01517 16.715 -20.97887
-12.10961 16.74057 -21.00012
-12.20522 16.76687 -21.02092
-12.30191 16.79386 -21.04128
-12.39962 16.82146 -21.06121
-12.49828 16.84961 -21.08072
-12.59781 16.87826 -21.09981
-12.69814 16.90734 -21.11849
-12.79921 16.93679 -21.13677
-12.90093 16.96655 -21.15466
-13.00323 16.99655 -21.17217
-13.10606 17.02674 -21.1893
-13.20932 17.05705 -21.20606
-13.31296 17.08743 -21.22246
-13.4169 17.1178 -21.2385
-13.52106 17.14811 -21.2542
-13.62538 17.1783 -21.26957
-13.72978 17.2083 -21.2846
-13.8342 17.23805 -21.29931
-13.93855 17.2675 -21.3137
-14.04278 17.29657 -21.32779
-14.1468 17.32521 -21.34158
-14.25054 17.35336 -21.35508
-14.35394 17.38095 -21.36829
-14.45692 17.40792 -21.38123
-14.5594 17.43422 -21.3939
-14.66133 17.45977 -21.40631
-14.76261 17.48452 -21.41847
-14.8632 17.5084 -21.43038
-14.963 17.53136 -21.44205
-15.06195 17.55333 -21.4535
-15.15999 17.57425 -21.46473
-15.25702 17.59406 -21.47574
-15.35299 17.6127 -21.48655
-15.44783 17.6301 -21.49715
-15.54145 17.6462 -21.50757
-15.6338 17.66095 -21.51781
-15.72479 17.67427 -21.52786
-15.81435 17.68612 -21.53776
-15.90242 17.69642 -21.54749
-15.98892 17.70511 -21.55707
-16.07377 17.71214 -21.56651
-16.15692 17.71744 -21.57582
-16.23828 17.72095 -21.58499
-16.31779 17.7226 -21.59404
-16.39537 17.72235 -21.60299
-16.47094 17.72011 -21.61182
-16.54445 17.71584 -21.62056
-16.61581 17.70947 -21.62921
-16.68496 17.70094 -21.63778
-16.75182 17.69019 -21.64627
-16.81632 17.67715 -21.6547
-16.87839 17.66177 -21.66307
-16.93796 17.64398 -21.67139
-16.99495 17.62371 -21.67967
-17.0493 17.60092 -21.68791
-17.10093 17.57554 -21.69613
-17.13 17.55937 -21.70095
-17.18186 17.53111 -21.70872
-17.24012 17.50287 -21.71563
-17.30457 17.47464 -21.72171
-17.37504 17.44638 -21.72696
-17.45131 17.41808 -21.7314
-17.53321 17.38972 -21.73503
-17.62051 17.36128 -21.73787
-17.71303 17.33274 -21.73992
-17.81058 17.30408 -21.74121
-17.91296 17.27528 -21.74173
-18.01996 17.24632 -21.7415
-18.1314 17.21718 -21.74054
-18.24707 17.18783 -21.73885
-18.36679 17.15827 -21.73644
-18.49035 17.12846 -21.73333
-18.61755 17.09839 -21.72952
-18.74821 17.06804 -21.72503
-18.88212 17.03739 -21.71987
-19.01908 17.00641 -21.71405
-19.15891 16.9751 -21.70758
-19.3014 16.94342 -21.70047
-19.44636 16.91136 -21.69273
-19.59359 16.87889 -21.68438
-19.74289 16.84601 -21.67542
-19.89407 16.81268 -21.66587
-20.04693 16.77889 -21.65573
-20.20128 16.74461 -21.64502
-20.35691 16.70984 -21.63375
-20.51364 16.67454 -21.62193
-20.67126 16.63869 -21.60958
-20.82957 16.60229 -21.59669
-20.98839 16.56529 -21.58329
-21.14751 16.5277 -21.56938
-21.30674 16.48948 -21.55498
-21.46588 16.45062 -21.54009
-21.62474 16.4111 -21.52473
-21.78311 16.37088 -21.50891
-21.94081 16.32997 -21.49264
-22.09763 16.28833 -21.47593
-22.25338 16.24595 -21.45879
-22.40786 16.2028 -21.44123
-22.56087 16.15887 -21.42327
-22.71223 16.11413 -21.40491
-22.86173 16.06857 -21.38618
-23.00917 16.02216 -21.36706
-23.15436 15.97489 -21.34759
-23.2971 15.92673 -21.32776
-23.4372 15.87767 -21.3076
-23.57445 15.82768 -21.2871
-23.70867 15.77675 -21.26629
-23.83966 15.72485 -21.24518
-23.96721 15.67196 -21.22376
-24.09114 15.61807 -21.20207
-24.21124 15.56315 -21.1801
-24.32732 15.50719 -21.15787
-24.43918 15.45016 -21.13538
-24.54663 15.39204 -21.11266
-24.64947 15.33281 -21.08971
-24.7475 15.27246 -21.06654
-24.84053 15.21097 -21.04316
-24.92836 15.1483 -21.01959
-25.01079 15.08445 -20.99584
-25.08762 15.01939 -20.9719
-25.15867 14.9531 -20.94781
-25.22373 14.88557 -20.92357
-25.2826 14.81677 -20.89919
-25.3351 14.74668 -20.87467
-25.38102 14.67528 -20.85004
-25.42016 14.60256 -20.82531
-25.45234 14.52849 -20.80047
-25.46793 14.48427 -20.78582
-25.49204 14.40859 -20.76037
-25.51563 14.33268 -20.7339
-25.53869 14.25658 -20.7064
-25.56123 14.1803 -20.67791
-25.58326 14.10387 -20.64844
-25.60477 14.02731 -20.61801
-25.62578 13.95065 -20.58663
-25.64627 13.87392 -20.55432
-25.66627 13.79713 -20.52109
-25.68576 13.72032 -20.48697
-25.70477 13.6435 -20.45197
-25.72327 13.5667 -20.41611
-25.74129 13.48995 -20.3794
-25.75882 13.41328 -20.34186
-25.77586 13.33669 -20.30351
-25.79243 13.26023 -20.26436
-25.80852 13.18391 -20.22444
-25.82413 13.10775 -20.18376
-25.83928 13.0318 -20.14232
-25.85396 12.95605 -20.10017
-25.86817 12.88056 -20.0573
-25.88193 12.80532 -20.01373
-25.89523 12.73038 -19.96949
-25.90807 12.65576 -19.92459
-25.92046 12.58147 -19.87904
-25.93241 12.50755 -19.83287
-25.94391 12.43402 -19.78609
-25.95497 12.3609 -19.73871
-25.9656 12.28822 -19.69076
-25.97579 12.21601 -19.64225
-25.98554 12.14428 -19.5932
-25.99487 12.07306 -19.54362
-26.00378 12.00239 -19.49353
-26.01227 11.93227 -19.44294
-26.02034 11.86273 -19.39189
-26.02799 11.79381 -19.34037
-26.03523 11.72552 -19.28841
-26.04206 11.65789 -19.23603
-26.04849 11.59095 -19.18324
-26.05452 11.52471 -19.13006
-26.06015 11.45921 -19.07651
-26.06539 11.39446 -19.02259
-26.07023 11.3305 -18.96834
-26.07469 11.26734 -18.91376
-26.07875 11.20501 -18.85888
-26.08245 11.14354 -18.80371
-26.08575 11.08295 -18.74826
-26.08869 11.02326 -18.69255
-26.09125 10.9645 -18.63661
-26.09344 10.90669 -18.58044
-26.09527 10.84987 -18.52407
-26.09674 10.79404 -18.46751
-26.09785 10.73925 -18.41078
-26.0986 10.6855 -18.35389
-26.099 10.63283 -18.29686
-26.09905 10.58126 -18.23971
-26.09875 10.53082 -18.18246
-26.09812 10.48152 -18.12512
-26.09714 10.4334 -18.06771
-26.09583 10.38648 -18.01024
-26.09418 10.34079 -17.95273
-26.09221 10.29634 -17.89521
-26.08991 10.25316 -17.83768
-26.08728 10.21128 -17.78016
-26.08434 10.17072 -17.72268
-26.08108 10.13151 -17.66524
-26.07751 10.09367 -17.60786
-26.07363 10.05722 -17.55057
-26.06944 10.02219 -17.49337
-26.06494 9.98861 -17.43628
-26.06216 9.969539 -17.40276
-26.05683 9.938651 -17.34657
-26.0505 9.909924 -17.29184
-26.04319 9.883304 -17.2385
-26.03492 9.858741 -17.18651
-26.02574 9.836185 -17.13581
-26.01566 9.815584 -17.08633
-26.00472 9.796888 -17.03803
-25.99293 9.780045 -16.99086
-25.98034 9.765001 -16.94474
-25.96696 9.751711 -16.89962
-25.95282 9.740118 -16.85546
-25.93795 9.730175 -16.81218
-25.92239 9.721828 -16.76974
-25.90615 9.715029 -16.72808
-25.88926 9.709724 -16.68713
-25.87176 9.705862 -16.64686
-25.85366 9.703394 -16.60719
-25.835 9.702268 -16.56807
-25.8158 9.702431 -16.52944
-25.7961 9.703834 -16.49125
-25.77592 9.706425 -16.45345
-25.75528 9.710154 -16.41596
-25.73422 9.714968 -16.37875
-25.71276 9.720818 -16.34175
-25.69093 9.727651 -16.3049
-25.66876 9.735416 -16.26814
-25.64627 9.744064 -16.23143
-25.6235 9.753541 -16.19471
-25.60046 9.763798 -16.15791
-25.5772 9.774783 -16.12098
-25.55373 9.786445 -16.08387
-25.53008 9.798733 -16.04651
-25.50628 9.811596 -16.00886
-25.48237 9.824983 -15.97085
-25.45835 9.838841 -15.93242
-25.43428 9.853121 -15.89353
-25.41016 9.867771 -15.85411
-25.38603 9.882741 -15.81411
-25.36192 9.897979 -15.77347
-25.33785 9.913433 -15.73214
-25.31385 9.929053 -15.69005
-25.28996 9.944789 -15.64716
-25.26619 9.960588 -15.60339
-25.24257 9.976398 -15.55871
-25.21914 9.99217 -15.51305
-25.19591 10.00785 -15.46635
-25.17292 10.02339 -15.41856
-25.1502 10.03874 -15.36962
-25.12777 10.05385 -15.31947
-25.10566 10.06866 -15.26806
-25.08389 10.08313 -15.21533
-25.06251 10.0972 -15.16123
-25.04152 10.11082 -15.10569
-25.02097 10.12394 -15.04867
-25.00087 10.13651 -14.9901
-24.98126 10.14849 -14.92992
-24.96216 10.1598 -14.86809
-24.9436 10.17042 -14.80454
-24.92562 10.18028 -14.73922
-24.90822 10.18934 -14.67207
-24.89145 10.19754 -14.60304
-24.87534 10.20483 -14.53206
-24.8599 10.21116 -14.45908
-24.84516 10.21648 -14.38405
-24.83117 10.22075 -14.3069
-24.81793 10.22389 -14.22759
