-30.72401 16.11988 -3.386734
-30.59236 16.14471 -3.348207
-30.46064 16.1695 -3.309143
-30.32886 16.19421 -3.269578
-30.19701 16.21882 -3.229551
-30.06511 16.24329 -3.189096
-29.93315 16.2676 -3.148251
-29.80114 16.2917 -3.107052
-29.66907 16.31558 -3.065536
-29.53696 16.33919 -3.02374
-29.4048 16.36251 -2.981699
-29.27261 16.38551 -2.939452
-29.14037 16.40814 -2.897034
-29.00809 16.43039 -2.854483
-28.87578 16.45222 -2.811834
-28.74344 16.4736 -2.769125
-28.61106 16.49449 -2.726391
-28.47867 16.51487 -2.68367
-28.34624 16.53471 -2.640999
-28.2138 16.55396 -2.598413
-28.08134 16.57261 -2.555951
-27.94886 16.59062 -2.513647
-27.81637 16.60795 -2.471539
-27.68386 16.62458 -2.429664
-27.55136 16.64048 -2.388058
-27.41884 16.65561 -2.346758
-27.28632 16.66994 -2.3058
-27.1538 16.68344 -2.265221
-27.02129 16.69607 -2.225058
-26.88878 16.70782 -2.185347
-26.75628 16.71864 -2.146125
-26.62379 16.7285 -2.107429
-26.49131 16.73738 -2.069295
-26.35884 16.74524 -2.03176
-26.2264 16.75204 -1.99486
-26.09398 16.75777 -1.958633
-25.96158 16.76238 -1.923114
-25.82921 16.76584 -1.888341
-25.69687 16.76813 -1.854349
-25.56456 16.76921 -1.821177
-25.43228 16.76905 -1.78886
-25.30004 16.76762 -1.757434
-25.16784 16.76488 -1.726938
-25.03569 16.76081 -1.697406
-24.90358 16.75538 -1.668877
-24.77151 16.74854 -1.641386
-24.6395 16.74028 -1.61497
-24.50754 16.73055 -1.589666
-24.37564 16.71934 -1.56551
-24.2438 16.7066 -1.54254
-24.11201 16.6923 -1.520791
-23.98029 16.67642 -1.5003
-23.84864 16.65892 -1.481105
-23.71705 16.63976 -1.463241
-23.58554 16.61893 -1.446745
-23.45411 16.59638 -1.431654
-23.32275 16.57209 -1.418005
-23.19147 16.54602 -1.405834
-23.06027 16.51815 -1.395178
-22.92916 16.48843 -1.386073
-22.79813 16.45685 -1.378556
-22.6672 16.42336 -1.372664
-22.53636 16.38794 -1.368433
-22.40561 16.35055 -1.3659
-22.27496 16.31116 -1.365102
-22.14442 16.26975 -1.366075
-22.01398 16.22627 -1.368856
-21.88364 16.18071 -1.373482
-21.75342 16.13302 -1.379989
-21.65084 16.09391 -1.386468
-21.52239 16.04657 -1.395348
-21.39717 16.00541 -1.404022
-21.27509 15.97029 -1.41249
-21.1561 15.94106 -1.420753
-21.04011 15.91759 -1.428808
-20.92705 15.89973 -1.436656
-20.81686 15.88735 -1.444298
-20.70947 15.88031 -1.451731
-20.60479 15.87847 -1.458957
-20.50276 15.88169 -1.465974
-20.40331 15.88982 -1.472783
-20.30637 15.90274 -1.479382
-20.21185 15.9203 -1.485773
-20.11971 15.94235 -1.491953
-20.02985 15.96877 -1.497924
-19.94221 15.99941 -1.503685
-19.85672 16.03413 -1.509235
-19.7733 16.0728 -1.514574
-19.69189 16.11526 -1.519702
-19.61241 16.1614 -1.524618
-19.5348 16.21105 -1.529322
-19.45897 16.26409 -1.533814
-19.38486 16.32037 -1.538094
-19.3124 16.37976 -1.54216
-19.2415 16.44212 -1.546014
-19.17212 16.5073 -1.549653
-19.10416 16.57517 -1.553079
-19.03757 16.64558 -1.556291
-18.97226 16.7184 -1.559288
-18.90817 16.79349 -1.56207
-18.84523 16.87071 -1.564636
-18.78335 16.94992 -1.566988
-18.72248 17.03098 -1.569123
-18.66254 17.11374 -1.571042
-18.60345 17.19808 -1.572745
-18.54516 17.28385 -1.574231
-18.48758 17.37091 -1.575499
-18.43064 17.45912 -1.57655
-18.37427 17.54834 -1.577383
-18.31841 17.63844 -1.577998
-18.26297 17.72927 -1.578394
-18.20789 17.82069 -1.578572
-18.15309 17.91257 -1.57853
-18.09851 18.00476 -1.578269
-18.04407 18.09712 -1.577787
-17.9897 18.18953 -1.577086
-17.93533 18.28182 -1.576164
-17.88088 18.37388 -1.575022
-17.8263 18.46555 -1.573658
-17.77149 18.55669 -1.572072
-17.7164 18.64718 -1.570265
-17.66095 18.73686 -1.568236
-17.60507 18.8256 -1.565984
-17.54868 18.91327 -1.563509
-17.49172 18.9997 -1.560811
-17.43412 19.08479 -1.557889
-17.3758 19.16837 -1.554744
-17.31668 19.25031 -1.551375
-17.25671 19.33047 -1.547781
-17.1958 19.40872 -1.543962
-17.1339 19.4849 -1.539918
-17.07091 19.55889 -1.535649
-17.00678 19.63054 -1.531154
-16.94143 19.69972 -1.526432
-16.87479 19.76628 -1.521484
-16.80678 19.83009 -1.51631
-16.73735 19.891 -1.510908
-16.6664 19.94888 -1.505279
-16.59389 20.00358 -1.499422
-16.51972 20.05496 -1.493337
-16.47529 20.08359 -1.48965
-16.39942 20.13036 -1.482626
-16.32389 20.17543 -1.47425
-16.24871 20.21883 -1.464562
-16.17386 20.26057 -1.453605
-16.09935 20.30069 -1.441419
-16.02517 20.33921 -1.428047
-15.95131 20.37616 -1.413529
-15.87777 20.41157 -1.397908
-15.80455 20.44545 -1.381224
-15.73165 20.47783 -1.363519
-15.65906 20.50875 -1.344835
-15.58678 20.53822 -1.325212
-15.5148 20.56628 -1.304694
-15.44313 20.59294 -1.28332
-15.37175 20.61824 -1.261133
-15.30066 20.64219 -1.238173
-15.22987 20.66483 -1.214483
-15.15936 20.68619 -1.190104
-15.08914 20.70627 -1.165076
-15.01919 20.72512 -1.139443
-14.94952 20.74276 -1.113245
-14.88013 20.75921 -1.086523
-14.811 20.7745 -1.05932
-14.74214 20.78866 -1.031676
-14.67354 20.8017 -1.003633
-14.6052 20.81367 -0.9752324
-14.53711 20.82457 -0.9465159
-14.46928 20.83444 -0.9175249
-14.40169 20.84331 -0.8883007
-14.33434 20.85119 -0.8588849
-14.26724 20.85812 -0.8293189
-14.20037 20.86412 -0.7996442
-14.13374 20.86922 -0.7699021
-14.06734 20.87344 -0.7401344
-14.00116 20.87681 -0.7103821
-13.93521 20.87935 -0.6806871
-13.86947 20.88109 -0.6510906
-13.80395 20.88206 -0.6216341
-13.73865 20.88228 -0.5923592
-13.67355 20.88177 -0.5633072
-13.60865 20.88057 -0.5345196
-13.54396 20.87869 -0.506038
-13.47947 20.87617 -0.4779037
-13.41516 20.87303 -0.4501582
-13.35106 20.8693 -0.4228429
-13.28713 20.86499 -0.3959995
-13.22339 20.86014 -0.3696692
-13.15983 20.85478 -0.3438936
-13.09645 20.84892 -0.3187141
-13.03324 20.84259 -0.2941722
-12.9702 20.83583 -0.2703094
-12.90733 20.82865 -0.2471671
-12.84461 20.82109 -0.2247867
-12.78206 20.81315 -0.2032098
-12.71966 20.80489 -0.1824778
-12.65741 20.79631 -0.1626322
-12.59531 20.78744 -0.1437144
-12.53336 20.77832 -0.1257659
-12.47154 20.76896 -0.1088281
-12.40987 20.75939 -0.09294255
-12.34832 20.74964 -0.07815068
-12.28691 20.73973 -0.06449395
-12.22562 20.72969 -0.05201382
-12.16446 20.71954 -0.04075176
-12.10342 20.70932 -0.03074922
-12.04249 20.69904 -0.02204768
-11.98167 20.68873 -0.01468858
-11.92096 20.67842 -0.008713405
-11.86036 20.66813 -0.004163603
-11.79986 20.65789 -0.001080643
-11.76432 20.6519 3.102422E-05
-11.70279 20.64261 0.001145724
-11.63907 20.63499 0.001595741
-11.57323 20.62894 0.001363651
-11.50538 20.62436 0.0004320283
-11.4356 20.62116 -0.001216551
-11.36398 20.61923 -0.003599512
-11.29062 20.61848 -0.006734278
-11.21561 20.61881 -0.01063828
-11.13904 20.62012 -0.01532893
-11.06099 20.62231 -0.02082366
-10.98157 20.62527 -0.02713989
-10.90085 20.62893 -0.03429506
-10.81894 20.63316 -0.04230657
-10.73593 20.63788 -0.05119187
-10.6519 20.64298 -0.06096837
-10.56694 20.64837 -0.07165349
-10.48116 20.65395 -0.08326466
-10.39463 20.65961 -0.0958193
-10.30745 20.66527 -0.1093348
-10.21972 20.67082 -0.1238287
-10.13152 20.67616 -0.1393183
-10.04294 20.6812 -0.1558211
-9.954076 20.68583 -0.1733545
-9.86502 20.68995 -0.1919359
-9.775862 20.69348 -0.2115827
-9.686693 20.6963 -0.2323124
-9.597604 20.69832 -0.2541424
-9.508687 20.69944 -0.2770901
-9.420033 20.69957 -0.301173
-9.331733 20.69859 -0.3264084
-9.243878 20.69642 -0.3528139
-9.156559 20.69296 -0.3804067
-9.069868 20.6881 -0.4092044
-8.983896 20.68175 -0.4392243
-8.898734 20.67381 -0.470484
-8.814474 20.66418 -0.5030007
-8.731207 20.65276 -0.536792
-8.649023 20.63945 -0.5718753
-8.568015 20.62416 -0.608268
-8.488273 20.60678 -0.6459875
-8.409888 20.58722 -0.6850511
-8.332952 20.56537 -0.7254764
-8.257558 20.54114 -0.7672809
-8.183794 20.51443 -0.8104819
-8.111753 20.48514 -0.8550968
-8.041525 20.45317 -0.901143
-7.973202 20.41842 -0.9486381
-7.906876 20.3808 -0.9975993
-7.842637 20.34021 -1.048044
-7.780577 20.29654 -1.09999
-7.720787 20.24969 -1.153455
-7.663357 20.19958 -1.208455
-7.608381 20.14609 -1.265009
-7.555949 20.08913 -1.323133
-7.506151 20.02861 -1.382845
-7.45908 19.96442 -1.444164
-7.414826 19.89647 -1.507105
-7.37348 19.82464 -1.571687
-7.335135 19.74886 -1.637926
-7.299881 19.66901 -1.705841
-7.267809 19.585 -1.775449
-7.23901 19.49674 -1.846766
-7.213576 19.40411 -1.919812
-7.191599 19.30703 -1.994602
-7.173169 19.20538 -2.071155
-7.158377 19.09909 -2.149487
-7.147316 18.98804 -2.229617
-7.140075 18.87213 -2.311562
-7.136746 18.75128 -2.395339
-7.137422 18.62537 -2.480965
-7.139726 18.5489 -2.532208
-7.1473 18.42014 -2.616635
-7.159687 18.2968 -2.694707
-7.176775 18.17879 -2.766593
-7.198456 18.06601 -2.832458
-7.224618 17.95835 -2.892468
-7.255153 17.85573 -2.94679
-7.289949 17.75804 -2.995589
-7.328899 17.66518 -3.039033
-7.37189 17.57705 -3.077287
-7.418813 17.49355 -3.110518
-7.469558 17.41458 -3.138892
-7.524015 17.34005 -3.162575
-7.582075 17.26985 -3.181733
-7.643627 17.20388 -3.196533
-7.708561 17.14205 -3.207142
-7.776768 17.08426 -3.213724
-7.848136 17.0304 -3.216446
-7.922557 16.98038 -3.215476
-7.99992 16.93409 -3.210978
-8.080115 16.89145 -3.203119
-8.163033 16.85234 -3.192066
-8.248564 16.81667 -3.177985
-8.336596 16.78434 -3.161042
-8.427021 16.75526 -3.141402
-8.519729 16.72931 -3.119234
-8.614609 16.70641 -3.094702
-8.711551 16.68644 -3.067973
-8.810446 16.66932 -3.039213
-8.911182 16.65495 -3.008589
-9.013653 16.64322 -2.976266
-9.117744 16.63403 -2.942411
-9.22335 16.62729 -2.907191
-9.330358 16.62289 -2.870771
-9.438658 16.62074 -2.833318
-9.54814 16.62074 -2.794998
-9.658695 16.62278 -2.755978
-9.770213 16.62678 -2.716422
-9.882585 16.63262 -2.676499
-9.995698 16.64021 -2.636373
-10.10944 16.64945 -2.596212
-10.22371 16.66025 -2.556181
-10.33839 16.67249 -2.516448
-10.45338 16.68609 -2.477177
-10.56856 16.70094 -2.438535
-10.68382 16.71694 -2.400689
-10.79905 16.734 -2.363805
-10.91414 16.75201 -2.328049
-11.02899 16.77088 -2.293587
-11.14348 16.7905 -2.260586
-11.25751 16.81078 -2.229211
-11.37096 16.83161 -2.19963
-11.48372 16.8529 -2.172008
-11.59568 16.87455 -2.146511
-11.70674 16.89646 -2.123307
-11.81677 16.91853 -2.10256
-11.92569 16.94066 -2.084438
-12.03336 16.96275 -2.069106
-12.13969 16.9847 -2.056731
-12.24456 17.00641 -2.04748
-12.34787 17.02778 -2.041517
-12.44949 17.04872 -2.039011
-12.54933 17.06912 -2.040125
-12.64728 17.08888 -2.045029
-12.74322 17.10791 -2.053886
-12.83704 17.12611 -2.066864
-12.92863 17.14337 -2.084129
-13.01789 17.15959 -2.105847
-13.1047 17.17469 -2.132185
-13.18895 17.18855 -2.163308
-13.27054 17.20108 -2.199383
-13.31724 17.20779 -2.222986
-13.39594 17.21762 -2.264042
-13.47486 17.22521 -2.303934
-13.55398 17.2306 -2.34269
-13.63326 17.23383 -2.380333
-13.71267 17.23494 -2.416892
-13.79216 17.23397 -2.452391
-13.8717 17.23098 -2.486858
-13.95125 17.226 -2.520317
-14.03078 17.21907 -2.552795
-14.11025 17.21025 -2.584318
-14.18963 17.19956 -2.614912
-14.26887 17.18706 -2.644603
-14.34795 17.17278 -2.673416
-14.42682 17.15678 -2.701379
-14.50545 17.1391 -2.728517
-14.5838 17.11976 -2.754856
-14.66184 17.09883 -2.780422
-14.73952 17.07634 -2.805241
-14.81682 17.05234 -2.82934
-14.89369 17.02687 -2.852743
-14.97011 16.99997 -2.875478
-15.04602 16.97168 -2.89757
-15.12141 16.94205 -2.919045
-15.19622 16.91113 -2.939929
-15.27043 16.87894 -2.960249
-15.34399 16.84555 -2.980031
-15.41688 16.81098 -2.999299
-15.48905 16.77529 -3.018081
-15.56046 16.73852 -3.036403
-15.63109 16.7007 -3.05429
-15.7009 16.66189 -3.071769
-15.76984 16.62212 -3.088864
-15.83789 16.58145 -3.105604
-15.905 16.5399 -3.122013
-15.97114 16.49753 -3.138118
-16.03627 16.45437 -3.153944
-16.10036 16.41048 -3.169518
-16.16336 16.36589 -3.184866
-16.22526 16.32065 -3.200014
-16.28599 16.2748 -3.214987
-16.34554 16.22838 -3.229812
-16.40387 16.18144 -3.244515
-16.46092 16.13401 -3.259122
-16.51669 16.08615 -3.273659
-16.57111 16.0379 -3.288151
-16.62416 15.98929 -3.302625
-16.67581 15.94037 -3.317108
-16.72601 15.89119 -3.331624
-16.77473 15.84178 -3.346201
-16.82193 15.7922 -3.360863
-16.86757 15.74248 -3.375638
-16.91163 15.69267 -3.390551
-16.95406 15.6428 -3.405627
-16.99482 15.59293 -3.420894
-17.03389 15.54309 -3.436378
-17.07121 15.49334 -3.452103
-17.10677 15.4437 -3.468097
-17.14051 15.39423 -3.484385
-17.17241 15.34497 -3.500993
-17.20243 15.29596 -3.517947
-17.23053 15.24724 -3.535274
-17.25667 15.19886 -3.552999
-17.28082 15.15086 -3.571149
-17.30294 15.10328 -3.589749
-17.323 15.05617 -3.608826
-17.34095 15.00957 -3.628405
-17.35677 14.96352 -3.648512
-17.37042 14.91807 -3.669174
-17.38185 14.87325 -3.690417
-17.39103 14.82912 -3.712267
-17.39537 14.80349 -3.725414
-17.40072 14.76088 -3.747739
-17.4034 14.71971 -3.769638
-17.40347 14.67996 -3.791115
-17.40097 14.64158 -3.812171
-17.39597 14.60454 -3.832812
-17.38852 14.56882 -3.853039
-17.37866 14.53437 -3.872856
-17.36647 14.50116 -3.892265
-17.35198 14.46916 -3.911269
-17.33525 14.43833 -3.929872
-17.31635 14.40865 -3.948076
-17.29531 14.38007 -3.965884
-17.27221 14.35256 -3.983299
-17.24708 14.32609 -4.000325
-17.21999 14.30063 -4.016963
-17.19098 14.27614 -4.033218
-17.16011 14.25259 -4.049093
-17.12745 14.22993 -4.064589
-17.09303 14.20815 -4.07971
-17.05692 14.18721 -4.094459
-17.01916 14.16707 -4.108839
-16.97982 14.14769 -4.122853
-16.93894 14.12906 -4.136504
-16.89658 14.11112 -4.149795
-16.8528 14.09385 -4.162728
-16.80765 14.07721 -4.175307
-16.76118 14.06117 -4.187536
-16.71344 14.04569 -4.199415
-16.6645 14.03075 -4.21095
-16.6144 14.01631 -4.222142
-16.5632 14.00233 -4.232995
-16.51095 13.98878 -4.243511
-16.45771 13.97562 -4.253694
-16.40353 13.96283 -4.263546
-16.34846 13.95037 -4.273071
-16.29257 13.9382 -4.282271
-16.2359 13.92629 -4.29115
-16.1785 13.91461 -4.29971
-16.12043 13.90313 -4.307954
-16.06175 13.8918 -4.315886
-16.00251 13.8806 -4.323508
-15.94277 13.86949 -4.330823
-15.88257 13.85844 -4.337835
-15.82197 13.84741 -4.344545
-15.76102 13.83638 -4.350958
-15.69979 13.8253 -4.357076
-15.63832 13.81414 -4.362902
-15.57666 13.80287 -4.368439
-15.51488 13.79146 -4.37369
-15.45302 13.77987 -4.378657
-15.39115 13.76806 -4.383345
-15.3293 13.75601 -4.387756
-15.26755 13.74368 -4.391892
-15.20593 13.73104 -4.395758
-15.14451 13.71805 -4.399355
-15.08335 13.70467 -4.402687
-15.02248 13.69089 -4.405756
-14.96197 13.67665 -4.408566
-14.90188 13.66193 -4.41112
-14.84225 13.64669 -4.413421
-14.78314 13.6309 -4.415471
-14.72461 13.61453 -4.417274
-14.6667 13.59754 -4.418832
-14.60947 13.57989 -4.420149
-14.55299 13.56156 -4.421227
-14.49729 13.54252 -4.422069
-14.44243 13.52271 -4.422679
-14.38848 13.50212 -4.423059
-14.33547 13.48071 -4.423213
-14.28348 13.45845 -4.423142
-14.25338 13.44493 -4.422998
-14.20334 13.4221 -4.423163
-14.15484 13.40007 -4.424273
-14.1078 13.37883 -4.426312
-14.06214 13.35837 -4.429269
-14.01778 13.33869 -4.43313
-13.97463 13.31977 -4.437881
-13.9326 13.3016 -4.443511
-13.89162 13.28418 -4.450005
-13.85161 13.26751 -4.45735
-13.81248 13.25156 -4.465534
-13.77414 13.23634 -4.474543
-13.73652 13.22182 -4.484364
-13.69953 13.20802 -4.494984
-13.66309 13.19491 -4.50639
-13.62712 13.18248 -4.518568
-13.59153 13.17074 -4.531506
-13.55623 13.15967 -4.545189
-13.52116 13.14925 -4.559607
-13.48622 13.13949 -4.574744
-13.45133 13.13038 -4.590588
-13.41641 13.1219 -4.607126
-13.38137 13.11405 -4.624345
-13.34614 13.10681 -4.642231
-13.31062 13.10019 -4.660771
-13.27474 13.09417 -4.679953
-13.23842 13.08874 -4.699762
-13.20157 13.08389 -4.720186
-13.1641 13.07962 -4.741213
-13.12594 13.07592 -4.762827
-13.087 13.07277 -4.785018
-13.0472 13.07018 -4.80777
-13.00646 13.06812 -4.831072
-12.96469 13.0666 -4.85491
-12.92181 13.0656 -4.879271
-12.87773 13.06512 -4.904141
-12.83239 13.06514 -4.929508
-12.78568 13.06566 -4.955359
-12.73753 13.06667 -4.981679
-12.68786 13.06816 -5.008458
-12.63657 13.07012 -5.03568
-12.5836 13.07255 -5.063333
-12.52886 13.07543 -5.091403
-12.47226 13.07876 -5.119879
-12.41372 13.08253 -5.148745
-12.35316 13.08672 -5.17799
-12.29049 13.09134 -5.207601
-12.22564 13.09636 -5.237563
-12.15851 13.10179 -5.267864
-12.08903 13.10762 -5.298491
-12.01712 13.11383 -5.32943
-11.94268 13.12041 -5.360669
-11.86564 13.12737 -5.392194
-11.78592 13.13469 -5.423993
-11.70343 13.14235 -5.456052
-11.61809 13.15036 -5.488357
-11.52981 13.15871 -5.520896
-11.43852 13.16738 -5.553656
-11.34412 13.17637 -5.586623
-11.24654 13.18566 -5.619784
-11.1457 13.19526 -5.653127
-11.04151 13.20515 -5.686638
-10.93389 13.21532 -5.720304
-10.82275 13.22576 -5.754111
-10.70801 13.23647 -5.788047
-10.58959 13.24744 -5.822098
-10.46742 13.25865 -5.856252
-10.34139 13.2701 -5.890495
-10.21143 13.28179 -5.924814
-10.07747 13.29369 -5.959195
-9.939402 13.30581 -5.993627
-9.856235 13.31304 -6.0139
-9.716643 13.32518 -6.049058
-9.58304 13.33692 -6.085576
-9.455348 13.34826 -6.123435
-9.333488 13.35921 -6.162616
-9.217387 13.36976 -6.2031
-9.106965 13.37991 -6.244867
-9.002147 13.38968 -6.287899
-8.902853 13.39906 -6.332176
-8.809009 13.40805 -6.37768
-8.720534 13.41666 -6.424392
-8.637356 13.42488 -6.472291
-8.559395 13.43272 -6.521358
-8.486574 13.44019 -6.571576
-8.418818 13.44728 -6.622924
-8.356047 13.454 -6.675384
-8.298184 13.46035 -6.728937
-8.245155 13.46633 -6.783562
-8.196882 13.47194 -6.839242
-8.153286 13.47719 -6.895957
-8.114291 13.48207 -6.953687
-8.079821 13.48659 -7.012414
-8.049798 13.49076 -7.072119
-8.024144 13.49457 -7.132782
-8.002785 13.49802 -7.194385
-7.98564 13.50112 -7.256908
-7.972635 13.50388 -7.320333
-7.963691 13.50628 -7.384639
-7.958733 13.50834 -7.449808
-7.957682 13.51006 -7.515821
-7.960461 13.51143 -7.582658
-7.966994 13.51247 -7.650301
-7.977204 13.51317 -7.718731
-7.991014 13.51354 -7.787928
-8.008347 13.51357 -7.857872
-8.029124 13.51327 -7.928546
-8.05327 13.51264 -7.999929
-8.080709 13.51169 -8.072003
-8.111361 13.51041 -8.14475
-8.145149 13.50882 -8.218147
-8.181998 13.5069 -8.292179
-8.221831 13.50466 -8.366825
-8.26457 13.50211 -8.442066
-8.310139 13.49925 -8.517882
-8.358459 13.49607 -8.594256
-8.409455 13.49259 -8.671168
-8.463048 13.4888 -8.748597
-8.519163 13.4847 -8.826528
-8.577721 13.48031 -8.904937
-8.638646 13.47561 -8.983809
-8.701861 13.47061 -9.063122
-8.767289 13.46532 -9.142857
-8.834853 13.45973 -9.222997
-8.904475 13.45386 -9.303521
-8.97608 13.44769 -9.384412
-9.049588 13.44124 -9.465648
-9.124925 13.43449 -9.547212
-9.202011 13.42747 -9.629083
-9.280772 13.42017 -9.711244
-9.361128 13.41259 -9.793674
-9.443005 13.40473 -9.876356
-9.526323 13.39659 -9.95927
-9.611007 13.38819 -10.0424
-9.69698 13.37951 -10.12571
-9.784163 13.37057 -10.20921
-9.87248 13.36136 -10.29286
-9.961855 13.35188 -10.37664
-10.05221 13.34215 -10.46054
-10.14347 13.33215 -10.54454
-10.23555 13.3219 -10.62862
-10.32838 13.31139 -10.71276
-10.38332 13.30509 -10.76227
-10.47621 13.2938 -10.84516
-10.56777 13.2815 -10.92551
-10.65803 13.26822 -11.00339
-10.74701 13.254 -11.07886
-10.83474 13.23884 -11.15199
-10.92125 13.22279 -11.22285
-11.00657 13.20588 -11.29151
-11.09071 13.18811 -11.35803
-11.17372 13.16953 -11.42249
-11.25561 13.15016 -11.48494
-11.33641 13.13003 -11.54546
-11.41615 13.10916 -11.60412
-11.49485 13.08758 -11.66098
-11.57255 13.06532 -11.7161
-11.64927 13.0424 -11.76956
-11.72503 13.01885 -11.82143
-11.79986 12.9947 -11.87176
-11.87379 12.96997 -11.92064
-11.94685 12.9447 -11.96812
-12.01906 12.9189 -12.01427
-12.09045 12.89261 -12.05917
-12.16105 12.86585 -12.10287
-12.23088 12.83865 -12.14545
-12.29997 12.81103 -12.18697
-12.36834 12.78303 -12.2275
-12.43603 12.75467 -12.26711
-12.50306 12.72597 -12.30587
-12.56946 12.69696 -12.34384
-12.63525 12.66768 -12.38109
-12.70046 12.63814 -12.41768
-12.76511 12.60837 -12.4537
-12.82924 12.5784 -12.48919
-12.89288 12.54826 -12.52423
-12.95604 12.51798 -12.5589
-13.01875 12.48757 -12.59324
-13.08105 12.45707 -12.62734
-13.14295 12.42651 -12.66126
-13.20449 12.3959 -12.69506
-13.26569 12.36529 -12.72882
-13.32657 12.33468 -12.7626
-13.38718 12.30412 -12.79647
-13.44752 12.27363 -12.8305
-13.50763 12.24324 -12.86475
-13.56754 12.21296 -12.8993
-13.62727 12.18283 -12.9342
-13.68685 12.15288 -12.96953
-13.74631 12.12313 -13.00535
-13.80567 12.09361 -13.04173
-13.86495 12.06435 -13.07874
-13.9242 12.03537 -13.11645
-13.98342 12.0067 -13.15492
-14.04266 11.97836 -13.19423
-14.10193 11.95039 -13.23443
-14.16127 11.92281 -13.2756
-14.22069 11.89564 -13.3178
-14.28023 11.86892 -13.3611
-14.33992 11.84267 -13.40557
-14.39977 11.81692 -13.45127
-14.45983 11.79169 -13.49828
-14.5201 11.76701 -13.54665
-14.58063 11.74291 -13.59647
-14.64144 11.71941 -13.64779
-14.70254 11.69655 -13.70068
-14.76399 11.67434 -13.75522
-14.82578 11.65282 -13.81146
-14.88797 11.63201 -13.86947
-14.95056 11.61194 -13.92933
-15.01359 11.59263 -13.9911
-15.07709 11.57412 -14.05484
-15.14108 11.55642 -14.12064
-15.17896 11.54641 -14.16032
-15.2421 11.5307 -14.22844
-15.30242 11.51709 -14.29661
-15.35995 11.50553 -14.36479
-15.41469 11.49598 -14.43295
-15.46668 11.4884 -14.50107
-15.51594 11.48273 -14.56912
-15.56248 11.47894 -14.63705
-15.60631 11.47697 -14.70484
-15.64748 11.47679 -14.77246
-15.68598 11.47834 -14.83989
-15.72184 11.48159 -14.90708
-15.75509 11.48648 -14.974
-15.78574 11.49297 -15.04064
-15.81381 11.50102 -15.10695
-15.83932 11.51058 -15.17291
-15.86229 11.52161 -15.23848
-15.88274 11.53406 -15.30363
-15.9007 11.54789 -15.36833
-15.91617 11.56304 -15.43256
-15.92919 11.57948 -15.49628
-15.93976 11.59717 -15.55946
-15.94792 11.61604 -15.62207
-15.95367 11.63607 -15.68407
-15.95704 11.6572 -15.74545
-15.95806 11.67939 -15.80616
-15.95673 11.7026 -15.86618
-15.95308 11.72678 -15.92547
-15.94713 11.75188 -15.98401
-15.9389 11.77785 -16.04176
-15.92841 11.80467 -16.09869
-15.91568 11.83227 -16.15478
-15.90072 11.86061 -16.20998
-15.88356 11.88966 -16.26428
-15.86423 11.91935 -16.31764
-15.84272 11.94966 -16.37002
-15.81908 11.98052 -16.42141
-15.79331 12.01191 -16.47176
-15.76544 12.04376 -16.52104
-15.73549 12.07605 -16.56924
-15.70348 12.10871 -16.6163
-15.66942 12.14171 -16.66222
-15.63333 12.17501 -16.70694
-15.59525 12.20855 -16.75045
-15.55518 12.24229 -16.79271
-15.51314 12.27619 -16.83369
-15.46917 12.3102 -16.87336
-15.42326 12.34427 -16.91168
-15.37546 12.37837 -16.94864
-15.32577 12.41244 -16.98419
-15.27421 12.44644 -17.01831
-15.22081 12.48033 -17.05097
-15.16558 12.51406 -17.08213
-15.10855 12.54758 -17.11177
-15.04973 12.58085 -17.13985
-14.98915 12.61382 -17.16634
-14.92682 12.64646 -17.19121
-14.86276 12.67871 -17.21444
-14.797 12.71052 -17.23598
-14.72955 12.74186 -17.25582
-14.66044 12.77268 -17.27391
-14.58967 12.80294 -17.29023
-14.51729 12.83258 -17.30475
-14.44329 12.86156 -17.31743
-14.36771 12.88984 -17.32825
-14.29056 12.91738 -17.33717
-14.21186 12.94412 -17.34417
-14.13163 12.97003 -17.34921
-14.0499 12.99505 -17.35226
-13.96667 13.01914 -17.35329
-13.88198 13.04226 -17.35228
-13.83148 13.05539 -17.35071
-13.74405 13.07716 -17.34683
-13.65437 13.09848 -17.34178
-13.56254 13.11938 -17.33563
-13.46869 13.13988 -17.32844
-13.37292 13.16001 -17.32026
-13.27535 13.1798 -17.31115
-13.17609 13.19929 -17.30118
-13.07526 13.2185 -17.2904
-12.97296 13.23747 -17.27887
-12.86931 13.25621 -17.26665
-12.76443 13.27477 -17.25381
-12.65841 13.29317 -17.24039
-12.55139 13.31143 -17.22646
-12.44347 13.3296 -17.21208
-12.33476 13.3477 -17.19731
-12.22537 13.36575 -17.18221
-12.11543 13.38379 -17.16683
-12.00503 13.40185 -17.15124
-11.8943 13.41996 -17.13549
-11.78335 13.43815 -17.11965
-11.67229 13.45644 -17.10377
-11.56123 13.47487 -17.08792
-11.45028 13.49347 -17.07215
-11.33957 13.51226 -17.05651
-11.22919 13.53127 -17.04108
-11.11927 13.55054 -17.02592
-11.00992 13.5701 -17.01107
-10.90125 13.58996 -16.9966
-10.79336 13.61017 -16.98256
-10.68639 13.63076 -16.96903
-10.58043 13.65174 -16.95605
-10.4756 13.67316 -16.94369
-10.37201 13.69503 -16.93201
-10.26979 13.7174 -16.92106
-10.16903 13.74029 -16.91091
-10.06985 13.76373 -16.9016
-9.972364 13.78775 -16.89321
-9.876689 13.81238 -16.8858
-9.782933 13.83765 -16.87942
-9.691211 13.86358 -16.87412
-9.601633 13.89021 -16.86998
-9.514315 13.91757 -16.86705
-9.429368 13.94569 -16.86538
-9.346906 13.97459 -16.86505
-9.267039 14.00431 -16.8661
-9.189883 14.03488 -16.8686
-9.115549 14.06632 -16.87261
-9.044151 14.09866 -16.87818
-8.975801 14.13194 -16.88537
-8.910611 14.16618 -16.89425
-8.848697 14.20142 -16.90488
-8.790167 14.23768 -16.91731
-8.735137 14.27499 -16.9316
-8.68372 14.31338 -16.94781
-8.636026 14.35289 -16.966
-8.592172 14.39353 -16.98623
-8.552266 14.43535 -17.00857
-8.516424 14.47836 -17.03306
-8.484758 14.52261 -17.05977
-8.457381 14.56811 -17.08876
-8.434406 14.61491 -17.12008
-8.415946 14.66302 -17.1538
-8.402111 14.71248 -17.18998
-8.393018 14.76332 -17.22867
-8.388777 14.81556 -17.26994
-8.389501 14.86924 -17.31384
-8.395303 14.92439 -17.36043
-8.406298 14.98104 -17.40978
-8.422595 15.0392 -17.46194
-8.44431 15.09893 -17.51696
-8.459661 15.1348 -17.5507
-8.488158 15.19627 -17.60882
-8.51817 15.25778 -17.66675
-8.549667 15.3193 -17.72447
-8.582624 15.38081 -17.78198
-8.617015 15.44229 -17.83928
-8.652808 15.50371 -17.89636
-8.689983 15.56505 -17.95321
-8.728508 15.62628 -18.00983
-8.768358 15.68739 -18.0662
-8.809508 15.74835 -18.12233
-8.851928 15.80914 -18.1782
-8.895592 15.86973 -18.23381
-8.940475 15.9301 -18.28915
-8.986548 15.99022 -18.34422
-9.033784 16.05009 -18.39901
-9.082159 16.10966 -18.45351
-9.131643 16.16892 -18.50772
-9.18221 16.22785 -18.56162
-9.233835 16.28642 -18.61523
-9.286489 16.34461 -18.66851
-9.340146 16.40239 -18.72148
-9.394778 16.45975 -18.77412
-9.45036 16.51665 -18.82643
-9.506865 16.57308 -18.8784
-9.564263 16.62901 -18.93002
-9.622532 16.68443 -18.9813
-9.681642 16.7393 -19.03221
-9.741566 16.7936 -19.08276
-9.802279 16.84731 -19.13293
-9.863752 16.90042 -19.18273
-9.92596 16.95288 -19.23214
-9.988876 17.00468 -19.28116
-10.05247 17.05581 -19.32978
-10.11672 17.10623 -19.378
-10.1816 17.15591 -19.4258
-10.24708 17.20485 -19.47319
-10.31313 17.25301 -19.52015
-10.37972 17.30038 -19.56669
-10.44684 17.34692 -19.61278
-10.51445 17.39262 -19.65844
-10.58252 17.43745 -19.70364
-10.65103 17.48139 -19.74838
-10.71996 17.52442 -19.79266
-10.78927 17.56651 -19.83647
-10.85894 17.60763 -19.87981
-10.92894 17.64778 -19.92266
-10.99924 17.68692 -19.96502
-11.06983 17.72503 -20.00689
-11.14066 17.76208 -20.04825
-11.21172 17.79807 -20.08911
-11.28297 17.83295 -20.12945
-11.3544 17.86671 -20.16926
-11.42597 17.89932 -20.20855
-11.49765 17.93077 -20.2473
-11.56943 17.96102 -20.28551
-11.64127 17.99006 -20.32318
-11.71314 18.01786 -20.36028
-11.78503 18.0444 -20.39683
-11.85689 18.06965 -20.43281
-11.92872 18.0936 -20.46821
-12.00047 18.11622 -20.50303
-12.07212 18.13748 -20.53727
-12.14365 18.15737 -20.57091
-12.21502 18.17585 -20.60395
-12.28622 18.19291 -20.63638
-12.35721 18.20853 -20.6682
-12.42797 18.22268 -20.6994
-12.49847 18.23533 -20.72997
-12.56869 18.24647 -20.75991
-12.63859 18.25606 -20.78921
-12.67955 18.26098 -20.80615
-12.74931 18.26882 -20.83393
-12.81951 18.27654 -20.86009
-12.89013 18.28413 -20.88469
-12.96115 18.29157 -20.90775
-13.03254 18.29885 -20.92931
-13.10428 18.30597 -20.94942
-13.17636 18.3129 -20.96811
-13.24875 18.31965 -20.98542
-13.32143 18.32619 -21.00139
-13.39438 18.33252 -21.01605
-13.46758 18.33863 -21.02946
-13.541 18.3445 -21.04164
-13.61463 18.35012 -21.05262
-13.68843 18.35549 -21.06247
-13.7624 18.36058 -21.0712
-13.83651 18.36539 -21.07886
-13.91074 18.36991 -21.08548
-13.98506 18.37413 -21.09112
-14.05946 18.37803 -21.09579
-14.13391 18.3816 -21.09955
-14.2084 18.38484 -21.10243
-14.28289 18.38772 -21.10448
-14.35737 18.39024 -21.10572
-14.43182 18.39239 -21.10619
-14.50622 18.39416 -21.10595
-14.58054 18.39553 -21.10501
-14.65477 18.39649 -21.10343
-14.72887 18.39704 -21.10124
-14.80284 18.39716 -21.09848
-14.87665 18.39683 -21.09519
-14.95027 18.39606 -21.09141
-15.02369 18.39482 -21.08717
-15.09688 18.3931 -21.08251
-15.16982 18.3909 -21.07748
-15.2425 18.3882 -21.07211
-15.31489 18.38499 -21.06643
-15.38696 18.38127 -21.0605
-15.4587 18.37701 -21.05434
-15.53009 18.3722 -21.048
-15.60109 18.36684 -21.04152
-15.67171 18.36092 -21.03492
-15.7419 18.35442 -21.02826
-15.81165 18.34733 -21.02156
-15.88094 18.33964 -21.01487
-15.94975 18.33134 -21.00823
-16.01805 18.32241 -21.00167
-16.08582 18.31285 -20.99524
-16.15304 18.30265 -20.98898
-16.2197 18.29179 -20.9829
-16.28576 18.28026 -20.97708
-16.35122 18.26805 -20.97153
-16.41603 18.25515 -20.96629
-16.48019 18.24154 -20.96141
-16.54368 18.22723 -20.95692
-16.60646 18.21218 -20.95287
-16.66853 18.19641 -20.94929
-16.72985 18.17988 -20.94621
-16.79041 18.16259 -20.94368
-16.85019 18.14454 -20.94174
-16.90916 18.1257 -20.94042
-16.9673 18.10606 -20.93977
-17.0246 18.08562 -20.93982
-17.08102 18.06437 -20.94061
-17.13655 18.04229 -20.94218
-17.19117 18.01937 -20.94457
-17.24485 17.9956 -20.94781
-17.29757 17.97096 -20.95194
-17.34932 17.94546 -20.95702
-17.40007 17.91907 -20.96306
-17.44979 17.89178 -20.97011
-17.47856 17.8753 -20.97474
-17.53047 17.8467 -20.983
-17.5889 17.81745 -20.99138
-17.65363 17.78755 -20.99987
-17.72448 17.75699 -21.00843
-17.80124 17.72578 -21.01707
-17.88371 17.69392 -21.02576
-17.97168 17.6614 -21.03448
-18.06498 17.62823 -21.04322
-18.16338 17.5944 -21.05196
-18.26669 17.55992 -21.06068
-18.37472 17.52478 -21.06936
-18.48726 17.48898 -21.078
-18.60411 17.45252 -21.08657
-18.72507 17.41541 -21.09505
-18.84995 17.37764 -21.10342
-18.97853 17.33921 -21.11168
-19.11064 17.30012 -21.11979
-19.24605 17.26037 -21.12776
-19.38458 17.21996 -21.13555
-19.52602 17.17889 -21.14315
-19.67017 17.13715 -21.15055
-19.81684 17.09476 -21.15772
-19.96582 17.0517 -21.16465
-20.11692 17.00797 -21.17132
-20.26993 16.96359 -21.17772
-20.42465 16.91854 -21.18382
-20.58089 16.87282 -21.18962
-20.73844 16.82644 -21.19509
-20.89711 16.77939 -21.20021
-21.05669 16.73168 -21.20498
-21.21699 16.6833 -21.20936
-21.3778 16.63425 -21.21335
-21.53893 16.58454 -21.21693
-21.70017 16.53415 -21.22008
-21.86133 16.4831 -21.22278
-22.0222 16.43137 -21.22502
-22.18259 16.37898 -21.22677
-22.3423 16.32591 -21.22803
-22.50112 16.27217 -21.22877
-22.65886 16.21777 -21.22898
-22.81531 16.16269 -21.22864
-22.97028 16.10693 -21.22773
-23.12357 16.0505 -21.22624
-23.27498 15.9934 -21.22414
-23.4243 15.93563 -21.22143
-23.57134 15.87718 -21.21808
-23.71589 15.81805 -21.21408
-23.85777 15.75825 -21.20941
-23.99676 15.69777 -21.20405
-24.13267 15.63661 -21.19798
-24.2653 15.57478 -21.19119
-24.39445 15.51226 -21.18367
-24.51991 15.44907 -21.17539
-24.64149 15.3852 -21.16633
-24.75899 15.32065 -21.15649
-24.87221 15.25542 -21.14583
-24.98095 15.18951 -21.13435
-25.08501 15.12291 -21.12203
-25.18419 15.05564 -21.10885
-25.27828 14.98768 -21.0948
-25.3671 14.91904 -21.07985
-25.45043 14.84971 -21.06398
-25.52809 14.7797 -21.0472
-25.59986 14.70901 -21.02946
-25.66556 14.63763 -21.01076
-25.72497 14.56557 -20.99109
-25.77791 14.49282 -20.97042
-25.82416 14.41938 -20.94873
-25.86354 14.34525 -20.92601
-25.89584 14.27044 -20.90224
-25.91145 14.22611 -20.88777
-25.93542 14.15049 -20.86226
-25.95857 14.07475 -20.8356
-25.98093 13.99894 -20.80781
-26.00249 13.92305 -20.7789
-26.02328 13.84713 -20.74891
-26.04331 13.77117 -20.71784
-26.06259 13.69522 -20.68573
-26.08112 13.61929 -20.65258
-26.09892 13.54339 -20.61843
-26.116 13.46756 -20.58329
-26.13239 13.39181 -20.54717
-26.14807 13.31616 -20.51012
-26.16306 13.24064 -20.47213
-26.17739 13.16527 -20.43323
-26.19106 13.09006 -20.39345
-26.20408 13.01504 -20.3528
-26.21646 12.94022 -20.31131
-26.22822 12.86564 -20.26899
-26.23936 12.79131 -20.22586
-26.2499 12.71726 -20.18195
-26.25985 12.64349 -20.13727
-26.26922 12.57005 -20.09185
-26.27802 12.49693 -20.0457
-26.28627 12.42418 -19.99885
-26.29397 12.35181 -19.95132
-26.30114 12.27983 -19.90312
-26.30778 12.20827 -19.85428
-26.31392 12.13716 -19.80482
-26.31956 12.06651 -19.75475
-26.32472 11.99635 -19.70411
-26.3294 11.92669 -19.6529
-26.33361 11.85755 -19.60115
-26.33737 11.78897 -19.54888
-26.3407 11.72095 -19.49611
-26.34359 11.65352 -19.44286
-26.34607 11.5867 -19.38915
-26.34814 11.52052 -19.33501
-26.34982 11.45499 -19.28044
-26.35112 11.39013 -19.22548
-26.35204 11.32597 -19.17013
-26.35261 11.26253 -19.11443
-26.35283 11.19983 -19.05839
-26.35271 11.13788 -19.00204
-26.35227 11.07671 -18.94538
-26.35152 11.01635 -18.88846
-26.35046 10.95681 -18.83127
-26.34912 10.89811 -18.77385
-26.3475 10.84028 -18.71622
-26.34561 10.78333 -18.65839
-26.34347 10.72729 -18.60038
-26.34108 10.67218 -18.54222
-26.33846 10.61801 -18.48393
-26.33562 10.56482 -18.42553
-26.33258 10.51262 -18.36703
-26.32933 10.46144 -18.30846
-26.3259 10.41128 -18.24984
-26.3223 10.36219 -18.19118
-26.31854 10.31417 -18.13251
-26.31462 10.26724 -18.07386
-26.31057 10.22144 -18.01523
-26.30639 10.17677 -17.95665
-26.30209 10.13327 -17.89814
-26.29769 10.09095 -17.83972
-26.2932 10.04983 -17.78141
-26.28862 10.00993 -17.72323
-26.28398 9.971283 -17.66521
-26.27928 9.933901 -17.60735
-26.27453 9.897806 -17.54969
-26.26974 9.863021 -17.49224
-26.26494 9.829566 -17.43502
-26.26211 9.810514 -17.40148
-26.25735 9.77879 -17.34492
-26.25271 9.747583 -17.28912
-26.24818 9.716892 -17.23401
-26.24376 9.686711 -17.17958
-26.23944 9.657041 -17.1258
-26.23522 9.627873 -17.07261
-26.23109 9.599208 -17.01999
-26.22705 9.571042 -16.9679
-26.22308 9.54337 -16.9163
-26.2192 9.516191 -16.86516
-26.21538 9.4895 -16.81444
-26.21163 9.463296 -16.76411
-26.20794 9.437572 -16.71413
-26.20431 9.412329 -16.66447
-26.20073 9.387561 -16.61508
-26.19719 9.363264 -16.56594
-26.1937 9.339438 -16.517
-26.19024 9.316078 -16.46824
-26.18681 9.29318 -16.41961
-26.1834 9.270741 -16.37108
-26.18002 9.248758 -16.32261
-26.17665 9.227229 -16.27417
-26.17329 9.20615 -16.22573
-26.16994 9.185516 -16.17723
-26.16658 9.165326 -16.12866
-26.16322 9.145576 -16.07998
-26.15985 9.126263 -16.03114
-26.15646 9.107382 -15.98211
-26.15305 9.088931 -15.93286
-26.14961 9.070908 -15.88334
-26.14615 9.053308 -15.83354
-26.14264 9.036128 -15.7834
-26.1391 9.019366 -15.73289
-26.13551 9.003017 -15.68198
-26.13187 8.98708 -15.63063
-26.12817 8.971548 -15.57881
-26.12441 8.956422 -15.52647
-26.12058 8.941696 -15.47359
-26.11668 8.927368 -15.42013
-26.1127 8.913433 -15.36604
-26.10864 8.899891 -15.31131
-26.1045 8.886736 -15.25588
-26.10026 8.873964 -15.19972
-26.09592 8.861574 -15.1428
-26.09148 8.849563 -15.08509
-26.08693 8.837926 -15.02654
-26.08227 8.826661 -14.96712
-26.07749 8.815764 -14.90679
-26.07258 8.805231 -14.84552
-26.06755 8.795062 -14.78328
-26.06238 8.78525 -14.72002
-26.05708 8.775793 -14.65571
-26.05163 8.766687 -14.59031
-26.04603 8.757932 -14.5238
-26.04028 8.749521 -14.45612
-26.03437 8.741452 -14.38726
-26.02829 8.733723 -14.31716
-26.02205 8.726329 -14.2458
-26.01563 8.719267 -14.17314
-26.00903 8.712535 -14.09914
-26.00224 8.706128 -14.02377
-25.99527 8.700044 -13.94699
-25.9881 8.69428 -13.86876
-25.98073 8.68883 -13.78906
-25.97316 8.683696 -13.70783
-25.96537 8.678869 -13.62506
