-30.74451 16.37843 -3.665717
-30.61316 16.40235 -3.626999
-30.48188 16.42584 -3.587666
-30.35065 16.4489 -3.547756
-30.21949 16.4715 -3.507309
-30.08838 16.49362 -3.466364
-29.95733 16.51524 -3.424959
-29.82634 16.53635 -3.383134
-29.69539 16.55691 -3.340927
-29.5645 16.57692 -3.298379
-29.43366 16.59635 -3.255527
-29.30288 16.61518 -3.212411
-29.17214 16.63339 -3.16907
-29.04144 16.65096 -3.125543
-28.9108 16.66788 -3.081869
-28.78019 16.68412 -3.038088
-28.64964 16.69966 -2.994237
-28.51912 16.71448 -2.950357
-28.38864 16.72857 -2.906486
-28.25821 16.7419 -2.862664
-28.12781 16.75445 -2.818929
-27.99745 16.7662 -2.775321
-27.86713 16.77713 -2.731878
-27.73684 16.78723 -2.68864
-27.60658 16.79647 -2.645645
-27.47636 16.80483 -2.602934
-27.34616 16.8123 -2.560544
-27.216 16.81885 -2.518515
-27.08586 16.82446 -2.476886
-26.95576 16.82912 -2.435696
-26.82567 16.8328 -2.394984
-26.69561 16.83548 -2.354789
-26.56558 16.83714 -2.31515
-26.43556 16.83777 -2.276107
-26.30557 16.83734 -2.237698
-26.17559 16.83584 -2.199963
-26.04564 16.83324 -2.162939
-25.9157 16.82952 -2.126668
-25.78578 16.82467 -2.091187
-25.65587 16.81866 -2.056535
-25.52597 16.81147 -2.022752
-25.39609 16.80309 -1.989877
-25.26621 16.79349 -1.957948
-25.13635 16.78266 -1.927006
-25.00649 16.77057 -1.897089
-24.87664 16.7572 -1.868235
-24.74679 16.74254 -1.840484
-24.61695 16.72656 -1.813876
-24.48711 16.70925 -1.788448
-24.35728 16.69059 -1.764241
-24.22744 16.67054 -1.741294
-24.0976 16.6491 -1.719644
-23.96776 16.62625 -1.699332
-23.83792 16.60196 -1.680397
-23.70807 16.57622 -1.662876
-23.57821 16.549 -1.646811
-23.44835 16.52028 -1.632239
-23.31848 16.49006 -1.6192
-23.1886 16.45829 -1.607733
-23.05871 16.42497 -1.597876
-22.9288 16.39008 -1.589669
-22.79888 16.3536 -1.583152
-22.66895 16.31549 -1.578362
-22.539 16.27576 -1.575339
-22.40903 16.23437 -1.574123
-22.27905 16.1913 -1.574752
-22.14904 16.14654 -1.577265
-22.01901 16.10007 -1.581701
-21.88896 16.05186 -1.5881
-21.78643 16.01262 -1.594552
-21.65781 15.96512 -1.603291
-21.5321 15.92347 -1.611547
-21.40922 15.88754 -1.619328
-21.28912 15.85719 -1.626642
-21.17173 15.83231 -1.633496
-21.05698 15.81275 -1.639899
-20.94483 15.79839 -1.645857
-20.8352 15.78911 -1.651379
-20.72803 15.78476 -1.656473
-20.62327 15.78522 -1.661146
-20.52084 15.79036 -1.665406
-20.42068 15.80004 -1.669261
-20.32275 15.81415 -1.672718
-20.22696 15.83255 -1.675786
-20.13327 15.8551 -1.678471
-20.0416 15.88168 -1.680783
-19.95189 15.91216 -1.682727
-19.8641 15.94641 -1.684314
-19.77814 15.9843 -1.685549
-19.69396 16.0257 -1.68644
-19.6115 16.07048 -1.686997
-19.53069 16.1185 -1.687225
-19.45147 16.16965 -1.687134
-19.37379 16.22378 -1.68673
-19.29757 16.28077 -1.686022
-19.22276 16.34048 -1.685017
-19.14929 16.4028 -1.683723
-19.0771 16.46758 -1.682147
-19.00613 16.53471 -1.680299
-18.93632 16.60404 -1.678184
-18.8676 16.67545 -1.675812
-18.79992 16.74881 -1.673189
-18.73321 16.82398 -1.670323
-18.6674 16.90084 -1.667223
-18.60244 16.97927 -1.663896
-18.53827 17.05912 -1.66035
-18.47482 17.14026 -1.656592
-18.41202 17.22258 -1.652631
-18.34982 17.30593 -1.648473
-18.28816 17.39019 -1.644127
-18.22698 17.47523 -1.639601
-18.1662 17.56092 -1.634901
-18.10577 17.64713 -1.630037
-18.04563 17.73372 -1.625016
-17.98571 17.82057 -1.619845
-17.92595 17.90755 -1.614532
-17.86629 17.99452 -1.609085
-17.80667 18.08136 -1.603512
-17.74703 18.16794 -1.597821
-17.6873 18.25413 -1.592018
-17.62742 18.3398 -1.586113
-17.56733 18.42481 -1.580112
-17.50697 18.50904 -1.574024
-17.44627 18.59236 -1.567856
-17.38517 18.67463 -1.561616
-17.32361 18.75573 -1.555312
-17.26153 18.83553 -1.548951
-17.19887 18.9139 -1.542542
-17.13556 18.9907 -1.536091
-17.07154 19.06581 -1.529607
-17.00675 19.1391 -1.523098
-16.94113 19.21043 -1.516571
-16.87461 19.27968 -1.510034
-16.80714 19.34672 -1.503494
-16.73865 19.41142 -1.49696
-16.66907 19.47364 -1.49044
-16.59835 19.53326 -1.48394
-16.52642 19.59014 -1.477469
-16.45323 19.64417 -1.471034
-16.37871 19.69519 -1.464644
-16.33422 19.72376 -1.460908
-16.25822 19.7707 -1.45411
-16.18231 19.81625 -1.446402
-16.10649 19.86043 -1.437813
-16.03077 19.90326 -1.428371
-15.95514 19.94476 -1.418104
-15.87962 19.98495 -1.407043
-15.8042 20.02383 -1.395214
-15.7289 20.06142 -1.382647
-15.65371 20.09776 -1.369369
-15.57864 20.13284 -1.35541
-15.5037 20.16668 -1.340799
-15.42887 20.1993 -1.325563
-15.35419 20.23073 -1.309731
-15.27963 20.26097 -1.293332
-15.20521 20.29003 -1.276395
-15.13094 20.31795 -1.258947
-15.05681 20.34473 -1.241018
-14.98283 20.37039 -1.222636
-14.90901 20.39495 -1.20383
-14.83534 20.41842 -1.184627
-14.76184 20.44082 -1.165057
-14.6885 20.46217 -1.145149
-14.61533 20.48248 -1.12493
-14.54233 20.50176 -1.104429
-14.46952 20.52005 -1.083676
-14.39688 20.53734 -1.062697
-14.32443 20.55367 -1.041523
-14.25217 20.56904 -1.020181
-14.1801 20.58347 -0.9987
-14.10823 20.59698 -0.9771088
-14.03656 20.60958 -0.9554358
-13.96509 20.62129 -0.9337096
-13.89383 20.63213 -0.9119585
-13.82279 20.64211 -0.8902112
-13.75196 20.65126 -0.8684964
-13.68135 20.65958 -0.8468424
-13.61097 20.66709 -0.8252779
-13.54081 20.67381 -0.8038313
-13.47089 20.67976 -0.7825314
-13.40121 20.68495 -0.7614066
-13.33176 20.6894 -0.7404855
-13.26256 20.69313 -0.7197966
-13.1936 20.69615 -0.6993684
-13.1249 20.69847 -0.6792296
-13.05645 20.70012 -0.6594086
-12.98827 20.70111 -0.639934
-12.92034 20.70146 -0.6208345
-12.85269 20.70118 -0.6021384
-12.7853 20.70029 -0.5838744
-12.71819 20.69881 -0.5660711
-12.65136 20.69675 -0.5487569
-12.58482 20.69413 -0.5319604
-12.51856 20.69097 -0.5157103
-12.45259 20.68728 -0.5000349
-12.38691 20.68308 -0.484963
-12.32154 20.67839 -0.4705229
-12.25646 20.67321 -0.4567434
-12.1917 20.66758 -0.4436528
-12.12724 20.6615 -0.4312799
-12.0631 20.65499 -0.4196531
-11.99928 20.64807 -0.4088009
-11.93577 20.64075 -0.398752
-11.8726 20.63306 -0.3895349
-11.80976 20.625 -0.3811781
-11.74724 20.6166 -0.3737102
-11.68507 20.60786 -0.3671598
-11.62324 20.59882 -0.3615553
-11.56175 20.58947 -0.3569253
-11.50062 20.57984 -0.3532985
-11.43983 20.56995 -0.3507033
-11.40424 20.56402 -0.3496701
-11.34274 20.55463 -0.3482381
-11.27909 20.54672 -0.3468487
-11.21337 20.54019 -0.3455372
-11.14567 20.53495 -0.3443392
-11.07609 20.53091 -0.3432903
-11.00471 20.52798 -0.3424262
-10.93163 20.52605 -0.3417823
-10.85693 20.52504 -0.3413942
-10.78071 20.52486 -0.3412975
-10.70306 20.52541 -0.3415278
-10.62405 20.5266 -0.3421205
-10.54379 20.52833 -0.3431114
-10.46237 20.53051 -0.344536
-10.37987 20.53305 -0.3464298
-10.29638 20.53586 -0.3488284
-10.21199 20.53884 -0.3517675
-10.12681 20.5419 -0.3552824
-10.0409 20.54495 -0.3594089
-9.954366 20.54788 -0.3641824
-9.867297 20.55062 -0.3696387
-9.779782 20.55307 -0.3758132
-9.691909 20.55512 -0.3827414
-9.603769 20.5567 -0.3904591
-9.515453 20.5577 -0.3990017
-9.42705 20.55804 -0.4084047
-9.33865 20.55761 -0.4187039
-9.250341 20.55634 -0.4299347
-9.162216 20.55412 -0.4421327
-9.074363 20.55085 -0.4553335
-8.986873 20.54646 -0.4695727
-8.899835 20.54084 -0.4848858
-8.813338 20.5339 -0.5013084
-8.727475 20.52555 -0.5188761
-8.642334 20.51569 -0.5376244
-8.558003 20.50424 -0.5575889
-8.474576 20.49109 -0.5788053
-8.39214 20.47616 -0.6013089
-8.310785 20.45935 -0.6251355
-8.230602 20.44057 -0.6503205
-8.151681 20.41972 -0.6768996
-8.074111 20.39672 -0.7049083
-7.997982 20.37146 -0.7343822
-7.923384 20.34386 -0.765357
-7.850408 20.31383 -0.797868
-7.779142 20.28126 -0.831951
-7.709677 20.24607 -0.8676413
-7.642103 20.20816 -0.9049748
-7.576509 20.16745 -0.9439869
-7.512986 20.12383 -0.9847132
-7.451624 20.07721 -1.027189
-7.392511 20.0275 -1.071451
-7.335739 19.97461 -1.117533
-7.281397 19.91845 -1.165471
-7.229576 19.85891 -1.215302
-7.180364 19.79591 -1.26706
-7.133852 19.72936 -1.320782
-7.09013 19.65916 -1.376502
-7.049287 19.58521 -1.434257
-7.011415 19.50743 -1.494081
-6.976601 19.42572 -1.556011
-6.944937 19.33999 -1.620082
-6.916512 19.25015 -1.68633
-6.891416 19.15609 -1.754789
-6.869739 19.05774 -1.825497
-6.851571 18.95499 -1.898488
-6.837002 18.84775 -1.973797
-6.826122 18.73594 -2.051461
-6.819021 18.61944 -2.131515
-6.815788 18.49818 -2.213995
-6.816514 18.37206 -2.298936
-6.818826 18.29556 -2.350069
-6.826711 18.16697 -2.434607
-6.840017 18.04414 -2.513009
-6.858616 17.92697 -2.585438
-6.882381 17.81535 -2.652051
-6.911183 17.70917 -2.713009
-6.944897 17.60831 -2.768471
-6.983392 17.51267 -2.818599
-7.026542 17.42215 -2.863551
-7.074218 17.33662 -2.903488
-7.126294 17.25599 -2.938568
-7.182641 17.18014 -2.968954
-7.243132 17.10896 -2.994802
-7.307639 17.04235 -3.016276
-7.376033 16.98019 -3.033532
-7.448189 16.92237 -3.046733
-7.523977 16.8688 -3.056037
-7.603269 16.81935 -3.061605
-7.685939 16.77391 -3.063596
-7.771859 16.73239 -3.06217
-7.8609 16.69466 -3.057487
-7.952935 16.66063 -3.049707
-8.047836 16.63017 -3.03899
-8.145475 16.60319 -3.025496
-8.245727 16.57957 -3.009385
-8.348459 16.55919 -2.990816
-8.453548 16.54197 -2.969949
-8.560865 16.52778 -2.946944
-8.670281 16.51651 -2.921962
-8.781669 16.50806 -2.895162
-8.894901 16.50231 -2.866703
-9.009851 16.49916 -2.836746
-9.126389 16.4985 -2.805451
-9.244388 16.50022 -2.772978
-9.36372 16.50421 -2.739486
-9.484258 16.51035 -2.705134
-9.605873 16.51855 -2.670085
-9.728439 16.52869 -2.634496
-9.851828 16.54066 -2.598528
-9.975911 16.55435 -2.562341
-10.10056 16.56966 -2.526094
-10.22565 16.58647 -2.489949
-10.35105 16.60468 -2.454063
-10.47663 16.62417 -2.418597
-10.60227 16.64484 -2.383713
-10.72784 16.66658 -2.349567
-10.85321 16.68927 -2.316322
-10.97825 16.71281 -2.284137
-11.10284 16.73709 -2.253171
-11.22684 16.76201 -2.223585
-11.35013 16.78744 -2.195538
-11.47259 16.81329 -2.169191
-11.59408 16.83943 -2.144702
-11.71447 16.86577 -2.122233
-11.83365 16.8922 -2.101943
-11.95147 16.9186 -2.083991
-12.06782 16.94486 -2.068538
-12.18256 16.97088 -2.055744
-12.29557 16.99655 -2.045768
-12.40672 17.02175 -2.038771
-12.51589 17.04638 -2.034912
-12.62293 17.07033 -2.034351
-12.72773 17.09349 -2.037247
-12.83017 17.11575 -2.043762
-12.9301 17.13701 -2.054054
-13.02741 17.15714 -2.068284
-13.12196 17.17604 -2.086611
-13.21363 17.19361 -2.109196
-13.30229 17.20974 -2.136198
-13.38781 17.2243 -2.167777
-13.47007 17.23721 -2.204093
-13.51688 17.24398 -2.227734
-13.59525 17.25382 -2.268697
-13.6732 17.26143 -2.308312
-13.75072 17.26685 -2.346613
-13.8278 17.27012 -2.383629
-13.90441 17.27129 -2.419393
-13.98054 17.27039 -2.453936
-14.05617 17.26748 -2.487289
-14.13128 17.26259 -2.519483
-14.20585 17.25576 -2.550551
-14.27988 17.24705 -2.580523
-14.35333 17.23648 -2.609431
-14.42619 17.22411 -2.637305
-14.49845 17.20998 -2.664179
-14.57008 17.19412 -2.690082
-14.64107 17.17659 -2.715046
-14.7114 17.15742 -2.739103
-14.78106 17.13666 -2.762283
-14.85001 17.11435 -2.784619
-14.91826 17.09053 -2.806142
-14.98578 17.06525 -2.826883
-15.05255 17.03854 -2.846874
-15.11856 17.01046 -2.866145
-15.18378 16.98104 -2.884728
-15.2482 16.95033 -2.902655
-15.3118 16.91836 -2.919957
-15.37457 16.88518 -2.936665
-15.43648 16.85084 -2.952811
-15.49752 16.81538 -2.968426
-15.55767 16.77883 -2.983542
-15.61692 16.74125 -2.998189
-15.67524 16.70267 -3.012399
-15.73262 16.66314 -3.026205
-15.78903 16.6227 -3.039636
-15.84448 16.58139 -3.052724
-15.89892 16.53926 -3.065501
-15.95236 16.49634 -3.077998
-16.00476 16.45269 -3.090247
-16.05611 16.40833 -3.102278
-16.1064 16.36333 -3.114124
-16.15561 16.31771 -3.125815
-16.20371 16.27153 -3.137383
-16.25069 16.22482 -3.14886
-16.29654 16.17762 -3.160276
-16.34123 16.12998 -3.171663
-16.38476 16.08195 -3.183053
-16.42709 16.03356 -3.194476
-16.46821 15.98486 -3.205965
-16.50811 15.93589 -3.21755
-16.54677 15.88669 -3.229263
-16.58417 15.8373 -3.241136
-16.62029 15.78778 -3.253199
-16.65511 15.73815 -3.265484
-16.68862 15.68847 -3.278023
-16.7208 15.63877 -3.290847
-16.75163 15.5891 -3.303986
-16.78109 15.53951 -3.317473
-16.80917 15.49002 -3.33134
-16.83585 15.4407 -3.345616
-16.8611 15.39157 -3.360334
-16.88492 15.34268 -3.375526
-16.90729 15.29408 -3.391222
-16.92818 15.24581 -3.407453
-16.94759 15.19791 -3.424252
-16.96548 15.15042 -3.441649
-16.98185 15.10338 -3.459676
-16.99668 15.05684 -3.478364
-17.00994 15.01085 -3.497746
-17.02163 14.96543 -3.517851
-17.03172 14.92064 -3.538711
-17.04019 14.87652 -3.560359
-17.04442 14.8509 -3.573474
-17.05005 14.80817 -3.595794
-17.05356 14.76663 -3.61768
-17.05498 14.72628 -3.639136
-17.05436 14.68707 -3.660165
-17.05173 14.64899 -3.680769
-17.04714 14.612 -3.700953
-17.04062 14.57608 -3.720718
-17.0322 14.54121 -3.74007
-17.02193 14.50735 -3.75901
-17.00984 14.47448 -3.777541
-16.99598 14.44257 -3.795669
-16.98038 14.41159 -3.813394
-16.96307 14.38153 -3.830721
-16.9441 14.35234 -3.847652
-16.9235 14.32402 -3.864192
-16.90132 14.29652 -3.880343
-16.87759 14.26982 -3.896108
-16.85234 14.24389 -3.911491
-16.82563 14.21872 -3.926495
-16.79747 14.19426 -3.941122
-16.76793 14.1705 -3.955377
-16.73702 14.14741 -3.969262
-16.70479 14.12496 -3.982781
-16.67127 14.10312 -3.995937
-16.63651 14.08187 -4.008733
-16.60055 14.06118 -4.021172
-16.56341 14.04102 -4.033257
-16.52515 14.02137 -4.044992
-16.48579 14.0022 -4.056381
-16.44538 13.98349 -4.067425
-16.40395 13.9652 -4.078129
-16.36154 13.94731 -4.088495
-16.31819 13.92979 -4.098527
-16.27394 13.91262 -4.108228
-16.22882 13.89577 -4.117601
-16.18288 13.87921 -4.126649
-16.13615 13.86292 -4.135376
-16.08867 13.84687 -4.143785
-16.04048 13.83103 -4.151879
-15.99161 13.81538 -4.15966
-15.94211 13.79988 -4.167134
-15.89201 13.78452 -4.174302
-15.84135 13.76926 -4.181168
-15.79016 13.75408 -4.187735
-15.7385 13.73895 -4.194006
-15.68638 13.72385 -4.199985
-15.63386 13.70875 -4.205674
-15.58097 13.69361 -4.211077
-15.52775 13.67843 -4.216197
-15.47424 13.66316 -4.221037
-15.42047 13.64778 -4.225602
-15.36648 13.63227 -4.229893
-15.31231 13.61659 -4.233913
-15.258 13.60072 -4.237667
-15.20359 13.58464 -4.241157
-15.14911 13.56832 -4.244387
-15.09461 13.55172 -4.24736
-15.04012 13.53483 -4.250078
-14.98567 13.51762 -4.252546
-14.93132 13.50006 -4.254766
-14.87708 13.48212 -4.256742
-14.82302 13.46378 -4.258476
-14.76915 13.445 -4.259973
-14.71552 13.42578 -4.261234
-14.66217 13.40606 -4.262265
-14.60913 13.38584 -4.263066
-14.55645 13.36508 -4.263643
-14.50416 13.34375 -4.263998
-14.4523 13.32184 -4.264134
-14.40091 13.29931 -4.264055
-14.37091 13.28575 -4.263908
-14.32093 13.26313 -4.264156
-14.27261 13.24171 -4.265509
-14.22588 13.22147 -4.267948
-14.18064 13.2024 -4.271456
-14.1368 13.18446 -4.276015
-14.09428 13.16766 -4.281607
-14.053 13.15195 -4.288215
-14.01287 13.13733 -4.29582
-13.97379 13.12376 -4.304405
-13.93569 13.11124 -4.313951
-13.89848 13.09974 -4.324442
-13.86206 13.08924 -4.335859
-13.82637 13.07971 -4.348184
-13.7913 13.07115 -4.3614
-13.75677 13.06353 -4.375488
-13.72269 13.05682 -4.390431
-13.68899 13.05101 -4.406211
-13.65557 13.04608 -4.422811
-13.62234 13.04201 -4.440211
-13.58922 13.03877 -4.458395
-13.55613 13.03635 -4.477345
-13.52297 13.03472 -4.497042
-13.48966 13.03387 -4.517469
-13.45611 13.03378 -4.538608
-13.42225 13.03442 -4.560441
-13.38797 13.03577 -4.582951
-13.35319 13.03782 -4.60612
-13.31783 13.04054 -4.629929
-13.28181 13.04392 -4.654361
-13.24502 13.04792 -4.679398
-13.2074 13.05254 -4.705022
-13.16884 13.05775 -4.731216
-13.12928 13.06353 -4.757961
-13.0886 13.06987 -4.78524
-13.04675 13.07673 -4.813035
-13.00361 13.0841 -4.841327
-12.95912 13.09197 -4.8701
-12.91318 13.1003 -4.899335
-12.8657 13.10908 -4.929014
-12.8166 13.11829 -4.95912
-12.7658 13.1279 -4.989635
-12.7132 13.13791 -5.020542
-12.65873 13.14828 -5.051821
-12.60228 13.159 -5.083455
-12.54379 13.17004 -5.115426
-12.48315 13.18139 -5.147717
-12.42029 13.19303 -5.180311
-12.35511 13.20493 -5.213188
-12.28754 13.21708 -5.246331
-12.21748 13.22945 -5.279721
-12.14485 13.24202 -5.313343
-12.06956 13.25478 -5.347177
-11.99153 13.2677 -5.381206
-11.91066 13.28076 -5.415412
-11.82688 13.29394 -5.449777
-11.74009 13.30723 -5.484282
-11.65021 13.32059 -5.518911
-11.55716 13.33402 -5.553646
-11.46084 13.34749 -5.588468
-11.36117 13.36098 -5.62336
-11.25806 13.37447 -5.658304
-11.15143 13.38794 -5.693283
-11.04119 13.40136 -5.728277
-10.92726 13.41473 -5.76327
-10.80954 13.42801 -5.798244
-10.68795 13.44119 -5.83318
-10.56241 13.45425 -5.868061
-10.43282 13.46716 -5.90287
-10.29911 13.47991 -5.937587
-10.16118 13.49248 -5.972196
-10.07804 13.49977 -5.992498
-9.938138 13.51185 -6.027615
-9.803629 13.52339 -6.064012
-9.674447 13.5344 -6.101672
-9.550533 13.54488 -6.14058
-9.431828 13.55485 -6.180716
-9.318274 13.56431 -6.222065
-9.209809 13.57326 -6.264611
-9.106375 13.58171 -6.308336
-9.007911 13.58967 -6.353224
-8.914359 13.59715 -6.399258
-8.825657 13.60414 -6.44642
-8.741749 13.61066 -6.494695
-8.662573 13.61671 -6.544064
-8.58807 13.62229 -6.594513
-8.518181 13.62742 -6.646024
-8.452846 13.6321 -6.698579
-8.392005 13.63634 -6.752162
-8.335599 13.64013 -6.806757
-8.283568 13.6435 -6.862348
-8.235854 13.64643 -6.918915
-8.192396 13.64895 -6.976444
-8.153135 13.65105 -7.034916
-8.118011 13.65275 -7.094316
-8.086966 13.65404 -7.154627
-8.059937 13.65494 -7.215833
-8.036868 13.65544 -7.277915
-8.017698 13.65557 -7.340857
-8.002368 13.65531 -7.404643
-7.990818 13.65469 -7.469255
-7.982987 13.65369 -7.534678
-7.978818 13.65234 -7.600893
-7.978251 13.65063 -7.667885
-7.981225 13.64858 -7.735637
-7.987682 13.64619 -7.804131
-7.997562 13.64346 -7.873351
-8.010806 13.6404 -7.94328
-8.027352 13.63701 -8.013901
-8.047143 13.63331 -8.085198
-8.07012 13.6293 -8.157154
-8.09622 13.62498 -8.229753
-8.125386 13.62037 -8.302976
-8.157559 13.61546 -8.376807
-8.192679 13.61026 -8.45123
-8.230685 13.60479 -8.526229
-8.271519 13.59903 -8.601785
-8.315121 13.59301 -8.677882
-8.36143 13.58673 -8.754503
-8.41039 13.58019 -8.831634
-8.461939 13.5734 -8.909253
-8.516016 13.56636 -8.987349
-8.572564 13.55909 -9.065899
-8.631523 13.55158 -9.144892
-8.692834 13.54385 -9.224307
-8.756436 13.5359 -9.304131
-8.82227 13.52773 -9.384342
-8.890277 13.51936 -9.464929
-8.960397 13.51078 -9.545872
-9.032571 13.502 -9.627154
-9.106737 13.49304 -9.708759
-9.182838 13.48389 -9.79067
-9.260816 13.47457 -9.872871
-9.340607 13.46507 -9.955344
-9.422155 13.4554 -10.03807
-9.505399 13.44558 -10.12104
-9.590281 13.4356 -10.20423
-9.676739 13.42548 -10.28763
-9.764714 13.41521 -10.37121
-9.854149 13.40481 -10.45497
-9.94498 13.39428 -10.53888
-10.03715 13.38362 -10.62293
-10.09198 13.3773 -10.67243
-10.18497 13.36593 -10.7554
-10.27685 13.35339 -10.83599
-10.36763 13.33973 -10.91427
-10.45733 13.32497 -10.99029
-10.54597 13.30914 -11.06412
-10.63357 13.29227 -11.13582
-10.72016 13.27441 -11.20546
-10.80574 13.25557 -11.27309
-10.89036 13.23579 -11.33879
-10.97402 13.2151 -11.40261
-11.05674 13.19353 -11.46461
-11.13856 13.17111 -11.52486
-11.21948 13.14788 -11.58342
-11.29953 13.12386 -11.64035
-11.37872 13.09909 -11.69573
-11.45709 13.0736 -11.74959
-11.53464 13.04742 -11.80203
-11.61141 13.02058 -11.85308
-11.68741 12.99311 -11.90283
-11.76266 12.96505 -11.95132
-11.83718 12.93642 -11.99863
-11.91099 12.90726 -12.04481
-11.98412 12.8776 -12.08993
-12.05659 12.84747 -12.13405
-12.12841 12.81689 -12.17723
-12.19961 12.78591 -12.21954
-12.2702 12.75456 -12.26104
-12.34021 12.72285 -12.30179
-12.40966 12.69084 -12.34186
-12.47857 12.65854 -12.3813
-12.54695 12.62599 -12.42018
-12.61484 12.59322 -12.45857
-12.68225 12.56027 -12.49652
-12.7492 12.52715 -12.5341
-12.81571 12.49391 -12.57137
-12.88181 12.46058 -12.60839
-12.9475 12.42718 -12.64523
-13.01283 12.39376 -12.68195
-13.0778 12.36033 -12.71861
-13.14243 12.32693 -12.75528
-13.20675 12.2936 -12.79201
-13.27078 12.26036 -12.82887
-13.33453 12.22725 -12.86593
-13.39803 12.19429 -12.90324
-13.46131 12.16152 -12.94086
-13.52437 12.12897 -12.97887
-13.58724 12.09667 -13.01732
-13.64994 12.06466 -13.05628
-13.7125 12.03296 -13.09581
-13.77493 12.0016 -13.13597
-13.83725 11.97062 -13.17682
-13.89948 11.94005 -13.21844
-13.96165 11.90992 -13.26087
-14.02377 11.88025 -13.30418
-14.08587 11.85109 -13.34844
-14.14797 11.82247 -13.39371
-14.21008 11.7944 -13.44005
-14.27224 11.76694 -13.48752
-14.33445 11.7401 -13.53618
-14.39674 11.71392 -13.58611
-14.45912 11.68843 -13.63736
-14.52163 11.66366 -13.68999
-14.58428 11.63965 -13.74407
-14.6471 11.61642 -13.79966
-14.71009 11.594 -13.85683
-14.77329 11.57243 -13.91562
-14.83672 11.55175 -13.97612
-14.90038 11.53196 -14.03838
-14.96432 11.51313 -14.10246
-15.02854 11.49526 -14.16843
-15.06646 11.48522 -14.20814
-15.12971 11.4694 -14.27619
-15.19036 11.45546 -14.34413
-15.24842 11.44337 -14.41194
-15.30391 11.43309 -14.47959
-15.35685 11.42457 -14.54706
-15.40724 11.41778 -14.61432
-15.4551 11.41267 -14.68134
-15.50044 11.40922 -14.74811
-15.54327 11.40738 -14.81458
-15.58362 11.40711 -14.88074
-15.62148 11.40837 -14.94655
-15.65689 11.41113 -15.012
-15.68984 11.41535 -15.07705
-15.72036 11.42098 -15.14168
-15.74845 11.42798 -15.20586
-15.77413 11.43633 -15.26957
-15.79742 11.44598 -15.33278
-15.81832 11.45688 -15.39546
-15.83685 11.46901 -15.45758
-15.85302 11.48232 -15.51913
-15.86686 11.49678 -15.58007
-15.87836 11.51234 -15.64037
-15.88755 11.52897 -15.70002
-15.89444 11.54663 -15.75898
-15.89903 11.56527 -15.81723
-15.90135 11.58487 -15.87474
-15.90141 11.60537 -15.93149
-15.89923 11.62675 -15.98744
-15.8948 11.64896 -16.04257
-15.88816 11.67197 -16.09686
-15.8793 11.69573 -16.15028
-15.86826 11.72021 -16.2028
-15.85503 11.74536 -16.2544
-15.83963 11.77115 -16.30505
-15.82208 11.79755 -16.35472
-15.80239 11.8245 -16.40339
-15.78057 11.85198 -16.45103
-15.75664 11.87994 -16.49761
-15.73061 11.90834 -16.54311
-15.70249 11.93715 -16.5875
-15.6723 11.96632 -16.63075
-15.64005 11.99583 -16.67284
-15.60575 12.02562 -16.71375
-15.56942 12.05566 -16.75343
-15.53107 12.08591 -16.79188
-15.49072 12.11633 -16.82906
-15.44837 12.14689 -16.86495
-15.40404 12.17754 -16.89951
-15.35775 12.20825 -16.93273
-15.30951 12.23897 -16.96457
-15.25932 12.26967 -16.99502
-15.20722 12.30031 -17.02404
-15.1532 12.33085 -17.0516
-15.09728 12.36125 -17.07769
-15.03948 12.39147 -17.10227
-14.97981 12.42147 -17.12531
-14.91828 12.45122 -17.1468
-14.85491 12.48067 -17.16671
-14.7897 12.50979 -17.185
-14.72268 12.53854 -17.20165
-14.65385 12.56688 -17.21664
-14.58324 12.59476 -17.22994
-14.51085 12.62216 -17.24152
-14.43669 12.64903 -17.25136
-14.36079 12.67533 -17.25943
-14.28315 12.70103 -17.2657
-14.20378 12.72608 -17.27014
-14.12271 12.75044 -17.27274
-14.03994 12.77409 -17.27346
-13.95549 12.79697 -17.27228
-13.90503 12.81006 -17.27069
-13.81751 12.83199 -17.26685
-13.72757 12.85376 -17.26192
-13.63532 12.8754 -17.25596
-13.54088 12.89693 -17.24904
-13.44438 12.91837 -17.24119
-13.34592 12.93973 -17.2325
-13.24563 12.96105 -17.223
-13.14362 12.98233 -17.21276
-13.04001 13.00361 -17.20184
-12.93492 13.0249 -17.19028
-12.82847 13.04622 -17.17815
-12.72077 13.06759 -17.16551
-12.61194 13.08904 -17.15242
-12.50211 13.11059 -17.13892
-12.39138 13.13225 -17.12507
-12.27987 13.15405 -17.11094
-12.16771 13.176 -17.09658
-12.05501 13.19814 -17.08206
-11.94189 13.22047 -17.06741
-11.82846 13.24302 -17.0527
-11.71485 13.26582 -17.038
-11.60117 13.28887 -17.02335
-11.48754 13.31221 -17.00881
-11.37408 13.33585 -16.99445
-11.2609 13.35982 -16.9803
-11.14813 13.38413 -16.96645
-11.03587 13.4088 -16.95293
-10.92425 13.43386 -16.93982
-10.81339 13.45933 -16.92715
-10.70341 13.48523 -16.915
-10.59441 13.51157 -16.90342
-10.48653 13.53839 -16.89247
-10.37987 13.56569 -16.8822
-10.27456 13.59351 -16.87267
-10.1707 13.62186 -16.86393
-10.06843 13.65076 -16.85606
-9.967862 13.68023 -16.84909
-9.869104 13.7103 -16.84309
-9.772283 13.74098 -16.83812
-9.67751 13.7723 -16.83422
-9.584908 13.80427 -16.83147
-9.494593 13.83692 -16.82992
-9.406682 13.87027 -16.82962
-9.321294 13.90434 -16.83063
-9.238545 13.93915 -16.83301
-9.158555 13.97472 -16.83681
-9.08144 14.01107 -16.8421
-9.007319 14.04822 -16.84892
-8.93631 14.0862 -16.85734
-8.868527 14.12502 -16.86741
-8.804094 14.1647 -16.8792
-8.743124 14.20527 -16.89275
-8.685736 14.24674 -16.90812
-8.632049 14.28914 -16.92538
-8.582179 14.33249 -16.94457
-8.536245 14.37681 -16.96576
-8.494364 14.42211 -16.989
-8.456653 14.46843 -17.01435
-8.423231 14.51577 -17.04187
-8.394217 14.56417 -17.07161
-8.369726 14.61364 -17.10363
-8.349878 14.6642 -17.13799
-8.334789 14.71588 -17.17475
-8.324577 14.76869 -17.21395
-8.319362 14.82265 -17.25567
-8.319259 14.8778 -17.29995
-8.324387 14.93413 -17.34685
-8.334863 14.99169 -17.39643
-8.350805 15.05049 -17.44875
-8.372334 15.11054 -17.50387
-8.387653 15.14647 -17.53762
-8.416254 15.20776 -17.59576
-8.446568 15.26872 -17.65376
-8.478561 15.32935 -17.7116
-8.512205 15.38963 -17.76928
-8.547462 15.44955 -17.82679
-8.584303 15.50909 -17.88411
-8.622694 15.56824 -17.94125
-8.662601 15.62699 -17.9982
-8.703993 15.68534 -18.05494
-8.746837 15.74325 -18.11146
-8.7911 15.80073 -18.16777
-8.836749 15.85775 -18.22385
-8.883752 15.91431 -18.2797
-8.932076 15.9704 -18.3353
-8.981688 16.02599 -18.39065
-9.032557 16.08109 -18.44575
-9.084647 16.13567 -18.50057
-9.137929 16.18972 -18.55512
-9.192369 16.24323 -18.60939
-9.247931 16.2962 -18.66337
-9.304588 16.34859 -18.71705
-9.362303 16.40041 -18.77043
-9.421045 16.45164 -18.82348
-9.480782 16.50226 -18.87622
-9.541479 16.55227 -18.92863
-9.603106 16.60166 -18.9807
-9.665627 16.6504 -19.03242
-9.729013 16.69848 -19.08379
-9.79323 16.7459 -19.13479
-9.858244 16.79265 -19.18543
-9.924023 16.8387 -19.23569
-9.990536 16.88404 -19.28556
-10.05775 16.92867 -19.33504
-10.12563 16.97257 -19.38412
-10.19414 17.01573 -19.43279
-10.26325 17.05813 -19.48104
-10.33294 17.09977 -19.52887
-10.40316 17.14062 -19.57626
-10.47388 17.18068 -19.62321
-10.54508 17.21994 -19.66972
-10.61671 17.25838 -19.71576
-10.68875 17.29598 -19.76134
-10.76116 17.33275 -19.80645
-10.83392 17.36865 -19.85108
-10.90698 17.40369 -19.89522
-10.98031 17.43785 -19.93887
-11.05389 17.47111 -19.982
-11.12767 17.50347 -20.02463
-11.20164 17.5349 -20.06674
-11.27574 17.56541 -20.10831
-11.34996 17.59497 -20.14936
-11.42426 17.62357 -20.18985
-11.4986 17.6512 -20.2298
-11.57296 17.67785 -20.26919
-11.64729 17.70351 -20.308
-11.72158 17.72815 -20.34625
-11.79578 17.75178 -20.38391
-11.86986 17.77437 -20.42098
-11.94379 17.79591 -20.45744
-12.01754 17.8164 -20.49331
-12.09108 17.83581 -20.52855
-12.16436 17.85414 -20.56317
-12.23737 17.87138 -20.59716
-12.31006 17.8875 -20.63052
-12.3824 17.9025 -20.66322
-12.45437 17.91637 -20.69527
-12.52592 17.92909 -20.72666
-12.59703 17.94065 -20.75738
-12.66766 17.95104 -20.78741
-12.73778 17.96024 -20.81677
-12.77878 17.9651 -20.83371
-12.84853 17.97331 -20.86159
-12.91871 17.98215 -20.88804
-12.98929 17.99157 -20.91311
-13.06025 18.00154 -20.93682
-13.13157 18.01202 -20.95922
-13.20323 18.023 -20.98032
-13.27521 18.03442 -21.00018
-13.34749 18.04626 -21.0188
-13.42004 18.05849 -21.03624
-13.49285 18.07108 -21.05252
-13.5659 18.08398 -21.06769
-13.63916 18.09717 -21.08176
-13.71261 18.11061 -21.09477
-13.78624 18.12428 -21.10676
-13.86001 18.13814 -21.11776
-13.93392 18.15215 -21.1278
-14.00793 18.16628 -21.13691
-14.08203 18.18051 -21.14513
-14.1562 18.19479 -21.15249
-14.23042 18.2091 -21.15903
-14.30466 18.22339 -21.16477
-14.3789 18.23765 -21.16976
-14.45313 18.25183 -21.17401
-14.52732 18.2659 -21.17757
-14.60144 18.27983 -21.18047
-14.67549 18.29359 -21.18274
-14.74944 18.30714 -21.18442
-14.82327 18.32045 -21.18553
-14.89695 18.3335 -21.18611
-14.97046 18.34623 -21.1862
-15.0438 18.35863 -21.18582
-15.11692 18.37065 -21.18501
-15.18982 18.38227 -21.18381
-15.26247 18.39346 -21.18224
-15.33485 18.40418 -21.18034
-15.40694 18.41439 -21.17813
-15.47872 18.42406 -21.17567
-15.55016 18.43317 -21.17297
-15.62125 18.44168 -21.17007
-15.69197 18.44955 -21.16701
-15.76229 18.45676 -21.16381
-15.8322 18.46326 -21.16051
-15.90167 18.46903 -21.15714
-15.97068 18.47404 -21.15373
-16.03921 18.47824 -21.15033
-16.10723 18.48162 -21.14695
-16.17474 18.48413 -21.14364
-16.24171 18.48574 -21.14043
-16.30811 18.48642 -21.13735
-16.37393 18.48614 -21.13443
-16.43913 18.48486 -21.1317
-16.50372 18.48255 -21.12921
-16.56765 18.47917 -21.12697
-16.63092 18.4747 -21.12503
-16.6935 18.46911 -21.12342
-16.75537 18.46235 -21.12217
-16.8165 18.4544 -21.12132
-16.87688 18.44522 -21.12088
-16.93649 18.43478 -21.12091
-16.9953 18.42305 -21.12144
-17.0533 18.40999 -21.12248
-17.11046 18.39558 -21.12409
-17.16676 18.37977 -21.12629
-17.22219 18.36254 -21.12911
-17.27671 18.34385 -21.13259
-17.33031 18.32367 -21.13676
-17.38297 18.30196 -21.14166
-17.43467 18.2787 -21.14731
-17.48538 18.25385 -21.15375
-17.53509 18.22738 -21.16101
-17.56386 18.21103 -21.16568
-17.61567 18.18217 -21.17395
-17.67377 18.15212 -21.18234
-17.73799 18.12092 -21.19085
-17.80812 18.08857 -21.19945
-17.88396 18.05509 -21.20813
-17.96534 18.02049 -21.21687
-18.05204 17.98479 -21.22566
-18.14389 17.94801 -21.23446
-18.24068 17.91015 -21.24328
-18.34222 17.87123 -21.25209
-18.44832 17.83127 -21.26087
-18.55878 17.79029 -21.2696
-18.67342 17.74829 -21.27827
-18.79202 17.70529 -21.28687
-18.91441 17.6613 -21.29537
-19.04039 17.61635 -21.30375
-19.16977 17.57044 -21.31199
-19.30235 17.5236 -21.3201
-19.43793 17.47583 -21.32803
-19.57632 17.42715 -21.33578
-19.71734 17.37757 -21.34332
-19.86078 17.32711 -21.35065
-20.00646 17.27579 -21.35774
-20.15417 17.22362 -21.36458
-20.30373 17.1706 -21.37115
-20.45494 17.11677 -21.37742
-20.60761 17.06213 -21.38339
-20.76154 17.0067 -21.38903
-20.91654 16.95049 -21.39433
-21.07242 16.89352 -21.39928
-21.22898 16.8358 -21.40385
-21.38603 16.77735 -21.40802
-21.54338 16.71818 -21.41178
-21.70082 16.6583 -21.41511
-21.85818 16.59774 -21.418
-22.01525 16.5365 -21.42042
-22.17183 16.4746 -21.42236
-22.32775 16.41206 -21.4238
-22.4828 16.34889 -21.42472
-22.63678 16.2851 -21.42511
-22.78951 16.22071 -21.42495
-22.9408 16.15574 -21.42422
-23.09044 16.09019 -21.4229
-23.23824 16.02409 -21.42098
-23.38401 15.95745 -21.41844
-23.52757 15.89028 -21.41526
-23.6687 15.8226 -21.41142
-23.80722 15.75442 -21.40691
-23.94294 15.68576 -21.40171
-24.07566 15.61663 -21.3958
-24.20519 15.54704 -21.38916
-24.33133 15.47702 -21.38178
-24.45389 15.40658 -21.37364
-24.57268 15.33573 -21.36472
-24.68751 15.26448 -21.355
-24.79817 15.19285 -21.34447
-24.90447 15.12086 -21.33311
-25.00623 15.04852 -21.3209
-25.10325 14.97584 -21.30783
-25.19533 14.90284 -21.29387
-25.28228 14.82954 -21.27901
-25.36391 14.75595 -21.26323
-25.44002 14.68208 -21.24652
-25.51042 14.60795 -21.22885
-25.57491 14.53357 -21.21021
-25.63331 14.45896 -21.19058
-25.68541 14.38413 -21.16995
-25.73103 14.3091 -21.14829
-25.76997 14.23389 -21.1256
-25.80204 14.1585 -21.10184
-25.81762 14.11407 -21.08736
-25.8415 14.03852 -21.06171
-25.86441 13.96299 -21.03461
-25.88637 13.88751 -21.00611
-25.90739 13.81209 -20.97622
-25.92749 13.73675 -20.94498
-25.94668 13.6615 -20.91241
-25.96499 13.58637 -20.87855
-25.98242 13.51137 -20.84342
-25.99899 13.43652 -20.80705
-26.01472 13.36183 -20.76947
-26.02963 13.28733 -20.73071
-26.04373 13.21302 -20.6908
-26.05704 13.13893 -20.64977
-26.06957 13.06508 -20.60764
-26.08135 12.99147 -20.56445
-26.09238 12.91814 -20.52022
-26.10268 12.84509 -20.47498
-26.11227 12.77234 -20.42876
-26.12117 12.69991 -20.38158
-26.12939 12.62782 -20.33349
-26.13695 12.55609 -20.28451
-26.14386 12.48472 -20.23466
-26.15014 12.41375 -20.18397
-26.15581 12.34318 -20.13247
-26.16088 12.27303 -20.0802
-26.16537 12.20332 -20.02718
-26.16929 12.13407 -19.97344
-26.17267 12.0653 -19.91901
-26.17552 11.99702 -19.86391
-26.17785 11.92924 -19.80818
-26.17968 11.862 -19.75184
-26.18103 11.79529 -19.69492
-26.18191 11.72915 -19.63746
-26.18234 11.66358 -19.57948
-26.18233 11.59862 -19.521
-26.18191 11.53426 -19.46207
-26.18108 11.47053 -19.4027
-26.17987 11.40745 -19.34293
-26.17829 11.34503 -19.28278
-26.17636 11.28329 -19.22228
-26.17408 11.22226 -19.16147
-26.17149 11.16193 -19.10036
-26.16859 11.10234 -19.039
-26.16541 11.0435 -18.9774
-26.16195 10.98543 -18.9156
-26.15824 10.92814 -18.85363
-26.15429 10.87165 -18.79151
-26.15011 10.81598 -18.72927
-26.14572 10.76115 -18.66695
-26.14115 10.70717 -18.60456
-26.1364 10.65406 -18.54215
-26.13149 10.60184 -18.47973
-26.12644 10.55052 -18.41734
-26.12127 10.50013 -18.35501
-26.11598 10.45067 -18.29276
-26.1106 10.40217 -18.23062
-26.10514 10.35465 -18.16862
-26.09963 10.30811 -18.1068
-26.09406 10.26258 -18.04518
-26.08848 10.21808 -17.98378
-26.08287 10.17462 -17.92264
-26.07727 10.13222 -17.86178
-26.0717 10.09089 -17.80124
-26.06615 10.05066 -17.74105
-26.06067 10.01154 -17.68122
-26.05524 9.973552 -17.6218
-26.04991 9.936707 -17.5628
-26.04468 9.901023 -17.50427
-26.03956 9.866521 -17.44622
-26.03458 9.833215 -17.38868
-26.03172 9.814187 -17.35509
-26.02726 9.78238 -17.29862
-26.02351 9.750928 -17.24306
-26.02045 9.719834 -17.18838
-26.01805 9.689097 -17.13454
-26.01629 9.658722 -17.08148
-26.01515 9.628708 -17.02918
-26.01461 9.599056 -16.97759
-26.01464 9.56977 -16.92667
-26.01522 9.540848 -16.87638
-26.01633 9.512295 -16.82667
-26.01795 9.48411 -16.77751
-26.02005 9.456296 -16.72887
-26.02262 9.428855 -16.68068
-26.02562 9.401786 -16.63292
-26.02905 9.375092 -16.58555
-26.03286 9.348773 -16.53852
-26.03705 9.322834 -16.49179
-26.04159 9.297274 -16.44532
-26.04646 9.272094 -16.39908
-26.05164 9.247296 -16.35301
-26.05709 9.222882 -16.30708
-26.06281 9.198853 -16.26126
-26.06877 9.175212 -16.21548
-26.07495 9.151958 -16.16973
-26.08132 9.129094 -16.12395
-26.08786 9.106621 -16.0781
-26.09455 9.08454 -16.03215
-26.10136 9.062855 -15.98606
-26.10828 9.041564 -15.93977
-26.11529 9.02067 -15.89326
-26.12235 9.000175 -15.84647
-26.12945 8.98008 -15.79938
-26.13657 8.960386 -15.75194
-26.14368 8.941094 -15.7041
-26.15076 8.922209 -15.65583
-26.15779 8.903728 -15.60709
-26.16474 8.885655 -15.55783
-26.1716 8.867991 -15.50802
-26.17834 8.850738 -15.45761
-26.18494 8.833895 -15.40656
-26.19137 8.817467 -15.35484
-26.19762 8.801453 -15.30239
-26.20366 8.785855 -15.24919
-26.20947 8.770676 -15.19519
-26.21503 8.755915 -15.14034
-26.22031 8.741574 -15.08461
-26.22529 8.727657 -15.02796
-26.22996 8.714164 -14.97035
-26.23428 8.701095 -14.91173
-26.23824 8.688453 -14.85207
-26.24181 8.676238 -14.79132
-26.24497 8.664454 -14.72944
-26.2477 8.653099 -14.66639
-26.24997 8.642179 -14.60214
-26.25177 8.631692 -14.53663
-26.25307 8.62164 -14.46984
-26.25385 8.612026 -14.40171
-26.25409 8.60285 -14.33221
-26.25376 8.594113 -14.2613
-26.25284 8.585819 -14.18893
-26.25131 8.577967 -14.11507
-26.24915 8.57056 -14.03967
-26.24633 8.563598 -13.96269
-26.24284 8.557084 -13.8841
-26.23865 8.551019 -13.80385
-26.23373 8.545403 -13.7219
