-30.79744 16.11302 -3.571922
-30.6662 16.13775 -3.533773
-30.53506 16.16239 -3.495243
-30.40403 16.18692 -3.456365
-30.2731 16.21131 -3.41717
-30.14227 16.23552 -3.37769
-30.01153 16.25953 -3.337957
-29.88088 16.2833 -3.298002
-29.75032 16.30682 -3.257858
-29.61985 16.33003 -3.217556
-29.48946 16.35292 -3.177129
-29.35915 16.37545 -3.136608
-29.22892 16.3976 -3.096024
-29.09877 16.41934 -3.05541
-28.96869 16.44062 -3.014797
-28.83869 16.46143 -2.974218
-28.70875 16.48173 -2.933703
-28.57888 16.5015 -2.893286
-28.44906 16.5207 -2.852997
-28.31932 16.5393 -2.812869
-28.18962 16.55727 -2.772934
-28.05999 16.57459 -2.733222
-27.93041 16.59122 -2.693767
-27.80087 16.60712 -2.654599
-27.67139 16.62228 -2.615751
-27.54195 16.63667 -2.577255
-27.41255 16.65024 -2.539141
-27.28319 16.66297 -2.501443
-27.15387 16.67483 -2.464192
-27.02458 16.68579 -2.42742
-26.89532 16.69582 -2.391158
-26.76609 16.7049 -2.355439
-26.63689 16.71297 -2.320294
-26.50772 16.72003 -2.285755
-26.37856 16.72604 -2.251854
-26.24942 16.73096 -2.218622
-26.1203 16.73478 -2.186093
-25.9912 16.73745 -2.154296
-25.8621 16.73895 -2.123265
-25.73301 16.73924 -2.093031
-25.60393 16.73831 -2.063625
-25.47485 16.73611 -2.03508
-25.34577 16.73261 -2.007428
-25.21668 16.7278 -1.9807
-25.0876 16.72162 -1.954928
-24.9585 16.71407 -1.930144
-24.8294 16.7051 -1.906379
-24.70028 16.69468 -1.883667
-24.57115 16.68279 -1.862038
-24.442 16.6694 -1.841523
-24.31283 16.65447 -1.822156
-24.18363 16.63797 -1.803968
-24.05441 16.61988 -1.786991
-23.92516 16.60016 -1.771256
-23.79588 16.57878 -1.756795
-23.66657 16.55572 -1.743641
-23.53722 16.53094 -1.731824
-23.40783 16.50441 -1.721378
-23.2784 16.4761 -1.712333
-23.14892 16.44599 -1.704721
-23.0194 16.41404 -1.698575
-22.88983 16.38022 -1.693926
-22.7602 16.3445 -1.690805
-22.63053 16.30685 -1.689246
-22.50079 16.26725 -1.689279
-22.37099 16.22565 -1.690936
-22.24114 16.18203 -1.69425
-22.11122 16.13637 -1.699251
-21.98122 16.08862 -1.705973
-21.8787 16.0495 -1.712504
-21.75011 16.00213 -1.720993
-21.62446 15.9609 -1.72851
-21.50168 15.92565 -1.735077
-21.38172 15.89626 -1.740715
-21.2645 15.87257 -1.745447
-21.14997 15.85446 -1.749295
-21.03806 15.84179 -1.752281
-20.9287 15.83441 -1.754426
-20.82185 15.83219 -1.755754
-20.71742 15.83499 -1.756285
-20.61536 15.84268 -1.756042
-20.51561 15.85511 -1.755047
-20.4181 15.87215 -1.753322
-20.32277 15.89366 -1.750889
-20.22955 15.91949 -1.74777
-20.13838 15.94952 -1.743987
-20.0492 15.98361 -1.739562
-19.96195 16.02161 -1.734517
-19.87656 16.06339 -1.728875
-19.79296 16.10881 -1.722656
-19.7111 16.15773 -1.715884
-19.63091 16.21002 -1.708579
-19.55233 16.26553 -1.700765
-19.4753 16.32413 -1.692464
-19.39974 16.38568 -1.683696
-19.32561 16.45004 -1.674485
-19.25282 16.51707 -1.664852
-19.18133 16.58664 -1.654819
-19.11107 16.65861 -1.644409
-19.04197 16.73283 -1.633644
-18.97397 16.80918 -1.622544
-18.90701 16.8875 -1.611133
-18.84102 16.96768 -1.599433
-18.77595 17.04956 -1.587465
-18.71172 17.13301 -1.575251
-18.64827 17.21789 -1.562814
-18.58555 17.30406 -1.550176
-18.52349 17.39138 -1.537358
-18.46202 17.47972 -1.524383
-18.40108 17.56894 -1.511272
-18.3406 17.6589 -1.498048
-18.28053 17.74946 -1.484733
-18.22081 17.84049 -1.471349
-18.16135 17.93184 -1.457917
-18.10212 18.02338 -1.44446
-18.04303 18.11496 -1.431
-17.98403 18.20646 -1.417558
-17.92506 18.29773 -1.404158
-17.86604 18.38864 -1.39082
-17.80692 18.47904 -1.377567
-17.74764 18.5688 -1.364421
-17.68813 18.65778 -1.351405
-17.62832 18.74585 -1.338539
-17.56816 18.83285 -1.325846
-17.50758 18.91867 -1.313348
-17.44651 19.00315 -1.301067
-17.3849 19.08616 -1.289025
-17.32268 19.16757 -1.277244
-17.25979 19.24722 -1.265747
-17.19615 19.325 -1.254554
-17.13172 19.40075 -1.243689
-17.06643 19.47434 -1.233173
-17.00021 19.54563 -1.223028
-16.933 19.61449 -1.213276
-16.86474 19.68077 -1.20394
-16.79536 19.74434 -1.195041
-16.72479 19.80506 -1.186601
-16.65299 19.86278 -1.178643
-16.57988 19.91738 -1.171187
-16.5054 19.96872 -1.164258
-16.46092 19.99733 -1.160435
-16.38485 20.04415 -1.153598
-16.30872 20.08937 -1.145775
-16.23253 20.133 -1.136996
-16.15631 20.17508 -1.127293
-16.08005 20.21561 -1.116695
-16.00376 20.25464 -1.105235
-15.92746 20.29217 -1.092942
-15.85114 20.32824 -1.079848
-15.77483 20.36287 -1.065983
-15.69852 20.39607 -1.051378
-15.62223 20.42787 -1.036064
-15.54596 20.4583 -1.020072
-15.46972 20.48738 -1.003431
-15.39352 20.51512 -0.9861744
-15.31737 20.54156 -0.9683313
-15.24127 20.56672 -0.9499329
-15.16523 20.59061 -0.9310099
-15.08927 20.61327 -0.9115931
-15.01339 20.63471 -0.8917136
-14.9376 20.65496 -0.8714017
-14.8619 20.67404 -0.8506884
-14.78631 20.69198 -0.8296045
-14.71083 20.70879 -0.8081808
-14.63548 20.7245 -0.7864479
-14.56025 20.73913 -0.7644368
-14.48516 20.75271 -0.7421781
-14.41021 20.76526 -0.7197027
-14.33542 20.77679 -0.6970413
-14.26079 20.78735 -0.6742247
-14.18633 20.79693 -0.6512837
-14.11205 20.80558 -0.6282491
-14.03796 20.81332 -0.6051517
-13.96406 20.82016 -0.5820221
-13.89036 20.82612 -0.5588913
-13.81687 20.83124 -0.5357899
-13.74361 20.83553 -0.5127488
-13.67057 20.83902 -0.4897988
-13.59776 20.84173 -0.4669705
-13.52521 20.84369 -0.4442948
-13.4529 20.84491 -0.4218025
-13.38085 20.84542 -0.3995244
-13.30907 20.84524 -0.3774912
-13.23757 20.8444 -0.3557337
-13.16635 20.84291 -0.3342826
-13.09543 20.84081 -0.3131689
-13.0248 20.83811 -0.2924232
-12.95449 20.83483 -0.2720762
-12.88449 20.83101 -0.2521589
-12.81482 20.82666 -0.232702
-12.74548 20.8218 -0.2137362
-12.67649 20.81646 -0.1952924
-12.60784 20.81067 -0.1774012
-12.53955 20.80443 -0.1600935
-12.47163 20.79779 -0.1434001
-12.40409 20.79075 -0.1273518
-12.33692 20.78335 -0.1119792
-12.27015 20.7756 -0.09731331
-12.20378 20.76754 -0.08338474
-12.13781 20.75917 -0.07022434
-12.07226 20.75053 -0.05786287
-12.00714 20.74163 -0.0463311
-11.94244 20.73251 -0.03565983
-11.87819 20.72318 -0.02587983
-11.81438 20.71367 -0.01702187
-11.75103 20.704 -0.009116733
-11.68815 20.69418 -0.002195199
-11.62574 20.68426 0.003711954
-11.56381 20.67424 0.008573949
-11.50237 20.66415 0.01236001
-11.44142 20.65401 0.01503935
-11.4058 20.64804 0.01608613
-11.34432 20.63861 0.01716945
-11.28073 20.63057 0.01752652
-11.21511 20.62383 0.0171417
-11.14756 20.6183 0.01599938
-11.07815 20.61389 0.01408392
-11.00699 20.61051 0.01137969
-10.93416 20.60807 0.007871062
-10.85974 20.60647 0.003542408
-10.78383 20.60564 -0.001621899
-10.70652 20.60547 -0.007637493
-10.62789 20.60587 -0.01452
-10.54804 20.60676 -0.02228505
-10.46705 20.60804 -0.03094828
-10.38501 20.60963 -0.04052531
-10.302 20.61143 -0.05103176
-10.21813 20.61335 -0.06248328
-10.13347 20.6153 -0.07489549
-10.04812 20.61719 -0.08828401
-9.962163 20.61894 -0.1026645
-9.875688 20.62044 -0.1180525
-9.788784 20.62161 -0.1344637
-9.701541 20.62236 -0.1519138
-9.614047 20.62259 -0.1704184
-9.52639 20.62222 -0.189993
-9.43866 20.62116 -0.2106533
-9.350945 20.61931 -0.232415
-9.263333 20.61658 -0.2552937
-9.175915 20.61289 -0.279305
-9.088778 20.60814 -0.3044645
-9.00201 20.60224 -0.330788
-8.915701 20.5951 -0.3582908
-8.82994 20.58664 -0.3869888
-8.744814 20.57675 -0.4168976
-8.660414 20.56535 -0.4480328
-8.576826 20.55235 -0.48041
-8.494141 20.53766 -0.5140448
-8.412447 20.52119 -0.5489529
-8.331833 20.50284 -0.5851499
-8.252387 20.48252 -0.6226513
-8.174197 20.46016 -0.661473
-8.097354 20.43564 -0.7016305
-8.021945 20.40889 -0.7431394
-7.948059 20.37981 -0.7860153
-7.875785 20.34831 -0.830274
-7.805211 20.3143 -0.8759309
-7.736427 20.2777 -0.9230017
-7.669521 20.2384 -0.9715021
-7.604581 20.19632 -1.021448
-7.541697 20.15137 -1.072854
-7.480957 20.10346 -1.125737
-7.42245 20.0525 -1.180112
-7.366264 19.99839 -1.235995
-7.312488 19.94104 -1.293401
-7.261211 19.88037 -1.352346
-7.212523 19.81629 -1.412845
-7.16651 19.7487 -1.474915
-7.123263 19.67751 -1.538571
-7.082869 19.60263 -1.603828
-7.045418 19.52397 -1.670702
-7.010997 19.44144 -1.739209
-6.979697 19.35496 -1.809365
-6.951605 19.26442 -1.881184
-6.926811 19.16974 -1.954683
-6.905403 19.07083 -2.029877
-6.887469 18.96759 -2.106782
-6.873099 18.85994 -2.185414
-6.862381 18.74778 -2.265788
-6.855403 18.63103 -2.347919
-6.852256 18.50959 -2.431824
-6.853027 18.38338 -2.517519
-6.855346 18.30686 -2.568773
-6.863131 18.17804 -2.653236
-6.876139 18.05454 -2.731417
-6.894249 17.93625 -2.803482
-6.917339 17.82309 -2.869593
-6.945287 17.71496 -2.929915
-6.977971 17.61176 -2.984613
-7.015268 17.51339 -3.03385
-7.057058 17.41976 -3.077791
-7.103218 17.33078 -3.1166
-7.153625 17.24634 -3.15044
-7.208158 17.16635 -3.179476
-7.266695 17.09072 -3.203872
-7.329114 17.01935 -3.223793
-7.395293 16.95214 -3.239403
-7.46511 16.88899 -3.250865
-7.538444 16.82982 -3.258344
-7.61517 16.77452 -3.262003
-7.695169 16.72299 -3.262008
-7.778318 16.67515 -3.258522
-7.864495 16.6309 -3.25171
-7.953578 16.59013 -3.241735
-8.045445 16.55276 -3.228762
-8.139974 16.51868 -3.212955
-8.237043 16.4878 -3.194478
-8.336531 16.46003 -3.173495
-8.438313 16.43527 -3.15017
-8.542271 16.41342 -3.124668
-8.64828 16.39438 -3.097152
-8.756219 16.37807 -3.067788
-8.865967 16.36438 -3.036738
-8.977401 16.35321 -3.004167
-9.090399 16.34448 -2.97024
-9.204838 16.33808 -2.93512
-9.320599 16.33393 -2.898972
-9.437556 16.33191 -2.861959
-9.555591 16.33194 -2.824246
-9.67458 16.33393 -2.785998
-9.7944 16.33776 -2.747377
-9.914932 16.34336 -2.708549
-10.03605 16.35061 -2.669677
-10.15764 16.35944 -2.630926
-10.27957 16.36973 -2.59246
-10.40172 16.3814 -2.554443
-10.52397 16.39434 -2.517039
-10.6462 16.40847 -2.480412
-10.76829 16.42368 -2.444726
-10.89011 16.43988 -2.410146
-11.01154 16.45697 -2.376836
-11.13246 16.47486 -2.34496
-11.25276 16.49345 -2.314682
-11.3723 16.51265 -2.286165
-11.49096 16.53235 -2.259576
-11.60862 16.55247 -2.235076
-11.72517 16.5729 -2.212831
-11.84047 16.59355 -2.193006
-11.95441 16.61432 -2.175763
-12.06687 16.63513 -2.161267
-12.17771 16.65586 -2.149683
-12.28683 16.67643 -2.141173
-12.39409 16.69673 -2.135904
-12.49939 16.71668 -2.134038
-12.60258 16.73618 -2.13574
-12.70356 16.75513 -2.141174
-12.8022 16.77343 -2.150504
-12.89838 16.79099 -2.163894
-12.99197 16.80771 -2.181509
-13.08286 16.8235 -2.203513
-13.17092 16.83826 -2.230069
-13.25604 16.85189 -2.261342
-13.33808 16.86429 -2.297497
-13.38486 16.87099 -2.321112
-13.46337 16.8811 -2.362011
-13.54177 16.88952 -2.401438
-13.62004 16.89627 -2.43943
-13.69813 16.90138 -2.476019
-13.77604 16.90487 -2.511242
-13.85372 16.90677 -2.545134
-13.93116 16.90712 -2.57773
-14.00833 16.90593 -2.609064
-14.0852 16.90323 -2.639172
-14.16174 16.89905 -2.668089
-14.23793 16.89342 -2.695849
-14.31375 16.88636 -2.722488
-14.38916 16.8779 -2.748041
-14.46414 16.86808 -2.772542
-14.53867 16.8569 -2.796027
-14.61271 16.84441 -2.818532
-14.68625 16.83063 -2.840089
-14.75924 16.81558 -2.860736
-14.83168 16.7993 -2.880506
-14.90353 16.78181 -2.899436
-14.97476 16.76313 -2.917559
-15.04535 16.7433 -2.934911
-15.11528 16.72234 -2.951526
-15.18451 16.70028 -2.967441
-15.25302 16.67714 -2.982689
-15.32078 16.65296 -2.997307
-15.38778 16.62776 -3.011328
-15.45397 16.60156 -3.024788
-15.51933 16.57439 -3.037722
-15.58385 16.54629 -3.050165
-15.64748 16.51727 -3.062152
-15.71021 16.48737 -3.073718
-15.77201 16.45661 -3.084898
-15.83286 16.42501 -3.095727
-15.89271 16.39262 -3.10624
-15.95156 16.35944 -3.116472
-16.00937 16.32552 -3.126457
-16.06612 16.29087 -3.136232
-16.12178 16.25552 -3.145831
-16.17632 16.21951 -3.155289
-16.22972 16.18285 -3.164641
-16.28195 16.14558 -3.173923
-16.33299 16.10772 -3.183168
-16.38281 16.0693 -3.192412
-16.43137 16.03035 -3.201691
-16.47867 15.99088 -3.211038
-16.52466 15.95094 -3.22049
-16.56933 15.91054 -3.230081
-16.61264 15.86972 -3.239846
-16.65458 15.8285 -3.24982
-16.69511 15.78691 -3.260038
-16.7342 15.74497 -3.270536
-16.77184 15.70271 -3.281348
-16.80799 15.66016 -3.292509
-16.84263 15.61735 -3.304054
-16.87573 15.5743 -3.316018
-16.90727 15.53105 -3.328437
-16.93722 15.48761 -3.341345
-16.96555 15.44401 -3.354777
-16.99224 15.40028 -3.368768
-17.01726 15.35645 -3.383354
-17.04058 15.31255 -3.398569
-17.06218 15.2686 -3.414449
-17.08203 15.22463 -3.431028
-17.10011 15.18066 -3.448341
-17.11638 15.13673 -3.466423
-17.13083 15.09286 -3.48531
-17.14342 15.04908 -3.505036
-17.15414 15.0054 -3.525637
-17.16294 14.96188 -3.547147
-17.16722 14.93635 -3.56024
-17.17279 14.89362 -3.582679
-17.17614 14.85212 -3.604915
-17.17729 14.81182 -3.626946
-17.1763 14.77269 -3.648768
-17.17321 14.7347 -3.670378
-17.16805 14.69783 -3.691771
-17.16087 14.66205 -3.712945
-17.1517 14.62732 -3.733896
-17.1406 14.59363 -3.754619
-17.1276 14.56095 -3.775113
-17.11274 14.52924 -3.795373
-17.09606 14.49849 -3.815396
-17.07761 14.46865 -3.835177
-17.05743 14.43972 -3.854714
-17.03555 14.41165 -3.874003
-17.01202 14.38442 -3.89304
-16.98688 14.35801 -3.911823
-16.96017 14.33239 -3.930346
-16.93193 14.30752 -3.948607
-16.90221 14.28338 -3.966603
-16.87104 14.25995 -3.984329
-16.83846 14.2372 -4.001782
-16.80453 14.21509 -4.018959
-16.76927 14.19361 -4.035856
-16.73273 14.17272 -4.052469
-16.69495 14.1524 -4.068795
-16.65597 14.13262 -4.08483
-16.61584 14.11335 -4.100572
-16.57458 14.09456 -4.116015
-16.53226 14.07624 -4.131157
-16.4889 14.05834 -4.145994
-16.44455 14.04085 -4.160523
-16.39925 14.02373 -4.174739
-16.35304 14.00696 -4.188641
-16.30596 13.99051 -4.202222
-16.25805 13.97435 -4.215482
-16.20936 13.95845 -4.228415
-16.15992 13.9428 -4.241019
-16.10978 13.92736 -4.253289
-16.05897 13.9121 -4.265223
-16.00755 13.89699 -4.276816
-15.95554 13.88202 -4.288065
-15.903 13.86714 -4.298966
-15.84995 13.85234 -4.309517
-15.79646 13.83759 -4.319713
-15.74254 13.82285 -4.32955
-15.68826 13.8081 -4.339026
-15.63363 13.79332 -4.348137
-15.57872 13.77848 -4.356879
-15.52356 13.76355 -4.365248
-15.46819 13.74849 -4.373242
-15.41265 13.73329 -4.380856
-15.35699 13.71792 -4.388087
-15.30124 13.70235 -4.394931
-15.24544 13.68655 -4.401386
-15.18964 13.67049 -4.407446
-15.13388 13.65415 -4.41311
-15.0782 13.63751 -4.418373
-15.02264 13.62052 -4.423231
-14.96725 13.60317 -4.427681
-14.91205 13.58543 -4.43172
-14.8571 13.56726 -4.435344
-14.80243 13.54865 -4.43855
-14.7481 13.52957 -4.441333
-14.69413 13.50998 -4.44369
-14.64057 13.48987 -4.445619
-14.58745 13.46919 -4.447114
-14.53484 13.44794 -4.448174
-14.48275 13.42606 -4.448793
-14.43124 13.40356 -4.448969
-14.40122 13.39001 -4.448864
-14.3512 13.36728 -4.449195
-14.30276 13.34558 -4.450794
-14.25582 13.32488 -4.453638
-14.21029 13.30516 -4.457705
-14.1661 13.28642 -4.462972
-14.12315 13.26863 -4.469417
-14.08137 13.25178 -4.477016
-14.04067 13.23587 -4.485747
-14.00096 13.22086 -4.495589
-13.96216 13.20675 -4.506517
-13.92419 13.19352 -4.51851
-13.88696 13.18116 -4.531544
-13.85039 13.16965 -4.545599
-13.81439 13.15898 -4.560648
-13.77889 13.14913 -4.576674
-13.74379 13.14008 -4.593649
-13.70901 13.13183 -4.611554
-13.67447 13.12436 -4.630365
-13.64009 13.11765 -4.65006
-13.60577 13.11169 -4.670616
-13.57144 13.10646 -4.69201
-13.53702 13.10194 -4.71422
-13.50241 13.09813 -4.737223
-13.46753 13.09501 -4.760997
-13.43231 13.09256 -4.785519
-13.39665 13.09077 -4.810766
-13.36047 13.08962 -4.836716
-13.32368 13.0891 -4.863346
-13.28622 13.08919 -4.890634
-13.24798 13.08988 -4.918557
-13.20888 13.09116 -4.947093
-13.16885 13.093 -4.976218
-13.12779 13.09539 -5.00591
-13.08563 13.09833 -5.036147
-13.04228 13.10178 -5.066906
-12.99765 13.10575 -5.098164
-12.95166 13.1102 -5.1299
-12.90422 13.11514 -5.162089
-12.85526 13.12054 -5.194709
-12.80469 13.12639 -5.227739
-12.75242 13.13267 -5.261156
-12.69837 13.13937 -5.294935
-12.64246 13.14648 -5.329057
-12.5846 13.15397 -5.363496
-12.52471 13.16184 -5.398232
-12.4627 13.17007 -5.433241
-12.3985 13.17864 -5.468501
-12.332 13.18754 -5.503989
-12.26314 13.19675 -5.539682
-12.19183 13.20627 -5.575559
-12.11798 13.21606 -5.611596
-12.04151 13.22613 -5.64777
-11.96233 13.23645 -5.68406
-11.88037 13.24701 -5.720442
-11.79553 13.2578 -5.756895
-11.70774 13.26879 -5.793394
-11.61691 13.27998 -5.829918
-11.52295 13.29135 -5.866444
-11.42578 13.30289 -5.90295
-11.32532 13.31457 -5.939413
-11.22148 13.32639 -5.975811
-11.11417 13.33833 -6.012119
-11.00333 13.35037 -6.048317
-10.88885 13.3625 -6.084382
-10.77066 13.37471 -6.120289
-10.64867 13.38698 -6.156019
-10.5228 13.39929 -6.191548
-10.39297 13.41163 -6.226852
-10.25908 13.42399 -6.26191
-10.12106 13.43635 -6.296699
-10.0379 13.44362 -6.31703
-9.898125 13.45562 -6.352131
-9.763966 13.46696 -6.388481
-9.635359 13.47764 -6.426064
-9.512239 13.48767 -6.464864
-9.394542 13.49706 -6.504866
-9.282198 13.50582 -6.546053
-9.175142 13.51396 -6.58841
-9.07331 13.52149 -6.63192
-8.976632 13.52843 -6.676568
-8.885043 13.53477 -6.722338
-8.798476 13.54053 -6.769214
-8.716867 13.54573 -6.81718
-8.640149 13.55037 -6.86622
-8.568254 13.55445 -6.916319
-8.501118 13.558 -6.96746
-8.438671 13.56102 -7.019628
-8.380851 13.56352 -7.072806
-8.32759 13.56551 -7.126979
-8.27882 13.567 -7.182131
-8.234477 13.568 -7.238246
-8.194494 13.56851 -7.295309
-8.158805 13.56856 -7.353302
-8.127343 13.56815 -7.412211
-8.100041 13.56729 -7.47202
-8.076835 13.56599 -7.532712
-8.057656 13.56426 -7.594272
-8.04244 13.56211 -7.656684
-8.03112 13.55955 -7.719932
-8.023629 13.55659 -7.783999
-8.019901 13.55324 -7.848871
-8.019871 13.54951 -7.914532
-8.02347 13.54541 -7.980964
-8.030634 13.54095 -8.048154
-8.041295 13.53614 -8.116083
-8.055388 13.53098 -8.184738
-8.072847 13.5255 -8.254102
-8.093605 13.5197 -8.324159
-8.117595 13.51358 -8.394892
-8.144752 13.50716 -8.466287
-8.175009 13.50046 -8.538327
-8.208299 13.49347 -8.610997
-8.244557 13.48621 -8.68428
-8.283716 13.4787 -8.758162
-8.32571 13.47093 -8.832625
-8.370473 13.46292 -8.907654
-8.417938 13.45467 -8.983232
-8.46804 13.44621 -9.059345
-8.520709 13.43754 -9.135977
-8.575883 13.42866 -9.213111
-8.633493 13.4196 -9.290732
-8.693475 13.41035 -9.368823
-8.755761 13.40093 -9.447369
-8.820285 13.39135 -9.526353
-8.886981 13.38162 -9.605761
-8.955783 13.37175 -9.685575
-9.026623 13.36174 -9.765781
-9.099437 13.35161 -9.846362
-9.174157 13.34138 -9.927303
-9.250717 13.33104 -10.00859
-9.329051 13.3206 -10.0902
-9.409093 13.31009 -10.17212
-9.490777 13.29951 -10.25434
-9.574036 13.28886 -10.33684
-9.658802 13.27816 -10.41961
-9.745012 13.26742 -10.50262
-9.832599 13.25664 -10.58586
-9.921494 13.24585 -10.66932
-10.01163 13.23504 -10.75298
-10.10295 13.22423 -10.83683
-10.19538 13.21343 -10.92085
-10.25024 13.20708 -10.97034
-10.34315 13.19592 -11.05328
-10.43478 13.184 -11.13378
-10.52514 13.17135 -11.21191
-10.61427 13.15798 -11.28772
-10.70219 13.14392 -11.36129
-10.78892 13.12918 -11.43267
-10.8745 13.11379 -11.50194
-10.95894 13.09776 -11.56915
-11.04227 13.08112 -11.63437
-11.12452 13.06388 -11.69767
-11.20572 13.04606 -11.75912
-11.28588 13.02768 -11.81876
-11.36504 13.00877 -11.87668
-11.44321 12.98933 -11.93293
-11.52043 12.9694 -11.98758
-11.59673 12.94898 -12.04069
-11.67212 12.92811 -12.09233
-11.74663 12.90679 -12.14256
-11.82028 12.88505 -12.19144
-11.89311 12.86291 -12.23905
-11.96514 12.84039 -12.28545
-12.0364 12.8175 -12.33069
-12.1069 12.79427 -12.37485
-12.17668 12.77071 -12.41798
-12.24576 12.74685 -12.46016
-12.31416 12.72271 -12.50145
-12.38192 12.6983 -12.54191
-12.44905 12.67364 -12.58161
-12.51559 12.64875 -12.62061
-12.58155 12.62366 -12.65898
-12.64697 12.59838 -12.69677
-12.71187 12.57293 -12.73406
-12.77627 12.54733 -12.77091
-12.8402 12.5216 -12.80739
-12.90369 12.49577 -12.84355
-12.96676 12.46984 -12.87947
-13.02944 12.44384 -12.9152
-13.09175 12.41779 -12.95082
-13.15372 12.3917 -12.98638
-13.21537 12.36561 -13.02195
-13.27673 12.33952 -13.0576
-13.33783 12.31346 -13.09339
-13.39868 12.28744 -13.12938
-13.45933 12.26149 -13.16565
-13.51978 12.23562 -13.20224
-13.58007 12.20986 -13.23924
-13.64022 12.18422 -13.27669
-13.70026 12.15872 -13.31468
-13.76022 12.13339 -13.35325
-13.82011 12.10824 -13.39248
-13.87997 12.08329 -13.43244
-13.93981 12.05856 -13.47318
-13.99968 12.03407 -13.51476
-14.05958 12.00985 -13.55726
-14.11955 11.9859 -13.60074
-14.17962 11.96225 -13.64527
-14.2398 11.93892 -13.6909
-14.30012 11.91593 -13.7377
-14.36061 11.89329 -13.78574
-14.4213 11.87103 -13.83508
-14.48221 11.84917 -13.88579
-14.54336 11.82772 -13.93792
-14.60478 11.80672 -13.99155
-14.6665 11.78616 -14.04674
-14.72855 11.76608 -14.10356
-14.79094 11.74649 -14.16206
-14.8537 11.72742 -14.22231
-14.91686 11.70888 -14.28438
-14.98045 11.69089 -14.34834
-15.04448 11.67347 -14.41424
-15.08237 11.6635 -14.45394
-15.14564 11.64771 -14.52195
-15.20635 11.63385 -14.58979
-15.26451 11.62188 -14.65742
-15.32014 11.61176 -14.72484
-15.37324 11.60346 -14.79201
-15.42383 11.59693 -14.8589
-15.47193 11.59213 -14.9255
-15.51753 11.58902 -14.99178
-15.56067 11.58756 -15.05772
-15.60134 11.58771 -15.12328
-15.63957 11.58943 -15.18845
-15.67535 11.59268 -15.25321
-15.70872 11.59742 -15.31752
-15.73967 11.60361 -15.38137
-15.76822 11.6112 -15.44472
-15.79438 11.62017 -15.50756
-15.81817 11.63046 -15.56986
-15.8396 11.64204 -15.63159
-15.85868 11.65487 -15.69274
-15.87542 11.6689 -15.75327
-15.88983 11.6841 -15.81316
-15.90193 11.70043 -15.87239
-15.91173 11.71784 -15.93094
-15.91924 11.7363 -15.98877
-15.92448 11.75576 -16.04587
-15.92745 11.77619 -16.10221
-15.92817 11.79754 -16.15777
-15.92665 11.81978 -16.21251
-15.9229 11.84286 -16.26643
-15.91694 11.86674 -16.31948
-15.90878 11.89138 -16.37166
-15.89843 11.91675 -16.42292
-15.8859 11.9428 -16.47326
-15.87121 11.9695 -16.52264
-15.85436 11.99679 -16.57105
-15.83538 12.02465 -16.61845
-15.81426 12.05303 -16.66482
-15.79103 12.08188 -16.71013
-15.7657 12.11118 -16.75438
-15.73827 12.14088 -16.79751
-15.70877 12.17094 -16.83953
-15.6772 12.20131 -16.88039
-15.64358 12.23197 -16.92008
-15.60792 12.26286 -16.95857
-15.57022 12.29396 -16.99583
-15.53051 12.32521 -17.03185
-15.4888 12.35657 -17.0666
-15.44509 12.38802 -17.10005
-15.39941 12.4195 -17.13217
-15.35175 12.45098 -17.16295
-15.30214 12.48242 -17.19237
-15.25059 12.51377 -17.22038
-15.19711 12.54499 -17.24698
-15.14171 12.57605 -17.27214
-15.08441 12.60691 -17.29582
-15.02521 12.63752 -17.31802
-14.96413 12.66784 -17.3387
-14.90118 12.69784 -17.35783
-14.83637 12.72748 -17.37541
-14.76973 12.7567 -17.39139
-14.70125 12.78548 -17.40575
-14.63095 12.81377 -17.41848
-14.55884 12.84153 -17.42955
-14.48494 12.86873 -17.43893
-14.40926 12.89531 -17.4466
-14.3318 12.92125 -17.45253
-14.25259 12.9465 -17.4567
-14.17164 12.97101 -17.45908
-14.08895 12.99476 -17.45966
-14.00454 13.0177 -17.4584
-13.95409 13.0308 -17.45679
-13.86664 13.05255 -17.45282
-13.77691 13.07378 -17.44749
-13.68502 13.09453 -17.44087
-13.59107 13.11484 -17.43303
-13.49518 13.13473 -17.42404
-13.39746 13.15423 -17.41395
-13.29803 13.17338 -17.40283
-13.19699 13.1922 -17.39075
-13.09448 13.21073 -17.37778
-12.99059 13.229 -17.36397
-12.88544 13.24704 -17.34939
-12.77914 13.26488 -17.33411
-12.67181 13.28255 -17.3182
-12.56357 13.30008 -17.3017
-12.45452 13.31751 -17.2847
-12.34478 13.33487 -17.26726
-12.23446 13.35218 -17.24943
-12.12368 13.36948 -17.23129
-12.01255 13.3868 -17.2129
-11.90118 13.40416 -17.19433
-11.78969 13.42161 -17.17563
-11.67819 13.43918 -17.15688
-11.56679 13.45688 -17.13814
-11.45562 13.47477 -17.11948
-11.34477 13.49286 -17.10095
-11.23437 13.51118 -17.08263
-11.12453 13.52978 -17.06457
-11.01536 13.54867 -17.04685
-10.90698 13.5679 -17.02953
-10.7995 13.58749 -17.01267
-10.69303 13.60747 -16.99634
-10.58769 13.62787 -16.9806
-10.48358 13.64874 -16.96553
-10.38084 13.67009 -16.95117
-10.27956 13.69195 -16.9376
-10.17986 13.71437 -16.92488
-10.08186 13.73737 -16.91308
-9.985664 13.76098 -16.90226
-9.891394 13.78523 -16.89249
-9.799159 13.81016 -16.88383
-9.709073 13.83579 -16.87634
-9.621251 13.86216 -16.8701
-9.535807 13.8893 -16.86516
-9.452852 13.91724 -16.8616
-9.372501 13.946 -16.85946
-9.294869 13.97563 -16.85883
-9.220068 14.00615 -16.85977
-9.148213 14.0376 -16.86233
-9.079415 14.06999 -16.86659
-9.013791 14.10338 -16.8726
-8.951453 14.13778 -16.88045
-8.892513 14.17324 -16.89018
-8.837088 14.20977 -16.90187
-8.785288 14.24741 -16.91557
-8.737229 14.2862 -16.93136
-8.693025 14.32615 -16.94929
-8.652787 14.36732 -16.96944
-8.616632 14.40971 -16.99187
-8.584671 14.45338 -17.01664
-8.557019 14.49834 -17.04382
-8.533789 14.54464 -17.07347
-8.515096 14.59229 -17.10566
-8.50105 14.64134 -17.14045
-8.491769 14.69181 -17.17791
-8.487365 14.74373 -17.2181
-8.487949 14.79714 -17.26108
-8.493639 14.85206 -17.30693
-8.504546 14.90853 -17.3557
-8.520784 14.96658 -17.40747
-8.542468 15.02625 -17.46229
-8.557813 15.06211 -17.49599
-8.586321 15.12352 -17.55405
-8.616364 15.18486 -17.61179
-8.647914 15.2461 -17.6692
-8.680941 15.30722 -17.7263
-8.715421 15.36821 -17.78306
-8.751323 15.42904 -17.83949
-8.788624 15.48969 -17.89559
-8.827292 15.55015 -17.95135
-8.867303 15.61038 -18.00677
-8.908628 15.67038 -18.06184
-8.951238 15.73013 -18.11658
-8.995108 15.78959 -18.17096
-9.04021 15.84877 -18.22499
-9.086516 15.90762 -18.27866
-9.133999 15.96614 -18.33198
-9.182632 16.02431 -18.38494
-9.232387 16.0821 -18.43753
-9.283235 16.13949 -18.48976
-9.335151 16.19647 -18.54162
-9.388106 16.25301 -18.59311
-9.442074 16.3091 -18.64422
-9.497025 16.36471 -18.69495
-9.552935 16.41983 -18.74531
-9.609774 16.47443 -18.79528
-9.667515 16.5285 -18.84486
-9.72613 16.58202 -18.89405
-9.785594 16.63496 -18.94285
-9.845877 16.68731 -18.99126
-9.906953 16.73904 -19.03926
-9.968793 16.79014 -19.08687
-10.03137 16.84058 -19.13407
-10.09466 16.89036 -19.18087
-10.15863 16.93944 -19.22725
-10.22326 16.9878 -19.27322
-10.28851 17.03544 -19.31878
-10.35436 17.08232 -19.36391
-10.42079 17.12843 -19.40863
-10.48776 17.17374 -19.45292
-10.55525 17.21824 -19.49678
-10.62323 17.26192 -19.54021
-10.69167 17.30473 -19.58321
-10.76055 17.34668 -19.62577
-10.82984 17.38774 -19.6679
-10.8995 17.42788 -19.70958
-10.96953 17.46709 -19.75082
-11.03987 17.50535 -19.7916
-11.11052 17.54264 -19.83194
-11.18143 17.57894 -19.87183
-11.25259 17.61423 -19.91125
-11.32396 17.64849 -19.95022
-11.39552 17.68169 -19.98873
-11.46725 17.71383 -20.02677
-11.5391 17.74488 -20.06434
-11.61106 17.77481 -20.10144
-11.68311 17.80362 -20.13806
-11.7552 17.83127 -20.17421
-11.82731 17.85776 -20.20988
-11.89943 17.88305 -20.24507
-11.97151 17.90714 -20.27977
-12.04353 17.93 -20.31398
-12.11547 17.95161 -20.3477
-12.18729 17.97195 -20.38092
-12.25897 17.991 -20.41365
-12.33048 18.00874 -20.44588
-12.4018 18.02516 -20.4776
-12.47289 18.04022 -20.50882
-12.54373 18.05392 -20.53952
-12.61429 18.06623 -20.56972
-12.68455 18.07713 -20.5994
-12.75448 18.08661 -20.62856
-12.79544 18.09151 -20.64548
-12.865 18.09958 -20.6734
-12.9346 18.108 -20.70001
-13.00422 18.11674 -20.72533
-13.07387 18.12577 -20.74939
-13.14353 18.13507 -20.77222
-13.21319 18.14461 -20.79385
-13.28284 18.15437 -20.81431
-13.35248 18.16432 -20.83364
-13.42208 18.17444 -20.85185
-13.49165 18.1847 -20.86899
-13.56117 18.19508 -20.88507
-13.63063 18.20555 -20.90014
-13.70002 18.21609 -20.91422
-13.76934 18.22668 -20.92734
-13.83857 18.23728 -20.93953
-13.9077 18.24788 -20.95083
-13.97673 18.25845 -20.96125
-14.04564 18.26896 -20.97084
-14.11442 18.27938 -20.97961
-14.18307 18.2897 -20.98762
-14.25157 18.29989 -20.99487
-14.31991 18.30993 -21.0014
-14.38809 18.31978 -21.00724
-14.45609 18.32943 -21.01243
-14.52391 18.33884 -21.01698
-14.59153 18.348 -21.02095
-14.65895 18.35688 -21.02434
-14.72615 18.36546 -21.02719
-14.79313 18.3737 -21.02954
-14.85987 18.38159 -21.0314
-14.92636 18.38909 -21.03282
-14.99261 18.39619 -21.03382
-15.05859 18.40287 -21.03443
-15.12429 18.40908 -21.03469
-15.18971 18.41482 -21.03461
-15.25484 18.42005 -21.03424
-15.31966 18.42475 -21.03361
-15.38417 18.4289 -21.03273
-15.44836 18.43246 -21.03164
-15.51221 18.43542 -21.03038
-15.57572 18.43775 -21.02897
-15.63888 18.43943 -21.02744
-15.70167 18.44043 -21.02583
-15.7641 18.44072 -21.02416
-15.82614 18.44028 -21.02246
-15.88778 18.43909 -21.02076
-15.94903 18.43712 -21.01909
-16.00987 18.43435 -21.01749
-16.07028 18.43074 -21.01598
-16.13026 18.42628 -21.01459
-16.1898 18.42095 -21.01336
-16.24889 18.41471 -21.01231
-16.30752 18.40754 -21.01147
-16.36567 18.39941 -21.01087
-16.42335 18.39031 -21.01055
-16.48054 18.3802 -21.01053
-16.53722 18.36907 -21.01084
-16.5934 18.35688 -21.01151
-16.64905 18.34361 -21.01258
-16.70418 18.32924 -21.01408
-16.75876 18.31374 -21.01602
-16.8128 18.29709 -21.01845
-16.86628 18.27926 -21.02139
-16.91918 18.26023 -21.02487
-16.97151 18.23997 -21.02893
-17.02325 18.21845 -21.03359
-17.07439 18.19566 -21.03888
-17.12493 18.17157 -21.04484
-17.17484 18.14614 -21.05149
-17.22413 18.11937 -21.05886
-17.25282 18.10298 -21.06355
-17.30473 18.07401 -21.07197
-17.36314 18.04365 -21.08081
-17.42785 18.01193 -21.09005
-17.49866 17.97887 -21.09966
-17.57537 17.94448 -21.10963
-17.65778 17.9088 -21.11991
-17.7457 17.87184 -21.1305
-17.83891 17.83362 -21.14135
-17.93723 17.79415 -21.15244
-18.04045 17.75348 -21.16375
-18.14838 17.71161 -21.17525
-18.26081 17.66856 -21.18692
-18.37755 17.62435 -21.19873
-18.49839 17.57901 -21.21065
-18.62314 17.53256 -21.22265
-18.7516 17.48502 -21.23472
-18.88356 17.43641 -21.24682
-19.01883 17.38674 -21.25893
-19.15721 17.33604 -21.27102
-19.29849 17.28434 -21.28307
-19.44248 17.23165 -21.29504
-19.58899 17.17799 -21.30693
-19.7378 17.12338 -21.31869
-19.88872 17.06785 -21.3303
-20.04155 17.01141 -21.34174
-20.1961 16.95409 -21.35297
-20.35215 16.89591 -21.36399
-20.50952 16.83688 -21.37474
-20.668 16.77703 -21.38522
-20.82739 16.71638 -21.3954
-20.9875 16.65495 -21.40524
-21.14812 16.59276 -21.41472
-21.30905 16.52983 -21.42383
-21.4701 16.46619 -21.43252
-21.63106 16.40185 -21.44078
-21.79174 16.33683 -21.44857
-21.95193 16.27115 -21.45588
-22.11145 16.20485 -21.46268
-22.27007 16.13793 -21.46894
-22.42762 16.07041 -21.47462
-22.58389 16.00233 -21.47972
-22.73867 15.93369 -21.4842
-22.89177 15.86452 -21.48804
-23.04299 15.79484 -21.4912
-23.19213 15.72468 -21.49367
-23.33899 15.65404 -21.49541
-23.48337 15.58296 -21.49641
-23.62507 15.51145 -21.49663
-23.7639 15.43954 -21.49605
-23.89964 15.36724 -21.49465
-24.03211 15.29458 -21.49239
-24.16111 15.22158 -21.48925
-24.28642 15.14825 -21.48521
-24.40786 15.07463 -21.48023
-24.52522 15.00072 -21.4743
-24.63831 14.92655 -21.46738
-24.74693 14.85214 -21.45946
-24.85087 14.77752 -21.45049
-24.94993 14.70269 -21.44047
-25.04393 14.6277 -21.42936
-25.13265 14.55254 -21.41713
-25.21589 14.47725 -21.40377
-25.29347 14.40185 -21.38923
-25.36517 14.32635 -21.37351
-25.43081 14.25078 -21.35656
-25.49017 14.17516 -21.33837
-25.54306 14.09951 -21.31891
-25.58929 14.02385 -21.29816
-25.62864 13.9482 -21.27608
-25.66093 13.87258 -21.25265
-25.67654 13.82811 -21.23822
-25.70048 13.75288 -21.21243
-25.72355 13.6783 -21.18492
-25.74576 13.60437 -21.15573
-25.76714 13.53109 -21.1249
-25.78769 13.45846 -21.09247
-25.80743 13.38647 -21.05847
-25.82636 13.31514 -21.02294
-25.84451 13.24445 -20.98592
-25.86188 13.17441 -20.94744
-25.8785 13.10501 -20.90754
-25.89436 13.03625 -20.86625
-25.90949 12.96814 -20.82362
-25.9239 12.90067 -20.77968
-25.9376 12.83384 -20.73447
-25.95061 12.76765 -20.68802
-25.96294 12.7021 -20.64037
-25.97459 12.63718 -20.59156
-25.9856 12.5729 -20.54162
-25.99596 12.50926 -20.49059
-26.00569 12.44625 -20.43851
-26.0148 12.38387 -20.38542
-26.02331 12.32213 -20.33134
-26.03124 12.26102 -20.27633
-26.03859 12.20053 -20.2204
-26.04537 12.14068 -20.16361
-26.05161 12.08145 -20.10599
-26.0573 12.02285 -20.04757
-26.06248 11.96488 -19.98839
-26.06715 11.90753 -19.92849
-26.07131 11.8508 -19.86791
-26.075 11.7947 -19.80668
-26.07821 11.73922 -19.74483
-26.08097 11.68436 -19.68242
-26.08329 11.63012 -19.61946
-26.08517 11.5765 -19.556
-26.08664 11.5235 -19.49208
-26.0877 11.47111 -19.42773
-26.08837 11.41934 -19.36299
-26.08867 11.36818 -19.2979
-26.08859 11.31764 -19.23249
-26.08817 11.26771 -19.16679
-26.08741 11.21839 -19.10086
-26.08632 11.16968 -19.03472
-26.08493 11.12158 -18.9684
-26.08323 11.07409 -18.90196
-26.08125 11.02721 -18.83541
-26.079 10.98093 -18.76881
-26.07648 10.93526 -18.70218
-26.07372 10.89019 -18.63557
-26.07073 10.84572 -18.56901
-26.06752 10.80186 -18.50253
-26.06411 10.7586 -18.43618
-26.0605 10.71594 -18.36999
-26.05671 10.67388 -18.304
-26.05275 10.63241 -18.23824
-26.04865 10.59155 -18.17275
-26.0444 10.55127 -18.10757
-26.04002 10.5116 -18.04273
-26.03553 10.47252 -17.97828
-26.03094 10.43403 -17.91424
-26.02627 10.39613 -17.85066
-26.02151 10.35882 -17.78757
-26.0167 10.3221 -17.725
-26.01184 10.28598 -17.663
-26.00695 10.25043 -17.60161
-26.00204 10.21548 -17.54085
-25.99711 10.18111 -17.48076
-25.9922 10.14733 -17.4214
-25.9873 10.11413 -17.36277
-25.98243 10.08151 -17.30494
-25.97959 10.0626 -17.27129
-25.97505 10.03052 -17.21483
-25.97106 9.998265 -17.15929
-25.96761 9.965855 -17.10464
-25.96466 9.933303 -17.05082
-25.96222 9.900628 -16.99781
-25.96025 9.867845 -16.94556
-25.95874 9.834971 -16.89403
-25.95768 9.802026 -16.84318
-25.95704 9.769023 -16.79297
-25.95681 9.735982 -16.74335
-25.95697 9.702917 -16.69429
-25.9575 9.669848 -16.64574
-25.95839 9.63679 -16.59767
-25.95961 9.603761 -16.55003
-25.96115 9.570778 -16.50277
-25.96299 9.537855 -16.45587
-25.96512 9.505013 -16.40928
-25.96751 9.472267 -16.36295
-25.97015 9.439634 -16.31684
-25.97302 9.407132 -16.27093
-25.97611 9.374776 -16.22515
-25.97939 9.342586 -16.17948
-25.98284 9.310575 -16.13387
-25.98646 9.278762 -16.08828
-25.99022 9.247166 -16.04267
-25.99409 9.215799 -15.997
-25.99808 9.184683 -15.95123
-26.00216 9.153831 -15.9053
-26.00631 9.123263 -15.8592
-26.01051 9.092995 -15.81287
-26.01474 9.063044 -15.76627
-26.019 9.033424 -15.71936
-26.02325 9.004157 -15.6721
-26.02749 8.975256 -15.62445
-26.03169 8.94674 -15.57636
-26.03584 8.918626 -15.52781
-26.03991 8.890929 -15.47873
-26.0439 8.863668 -15.42911
-26.04778 8.836859 -15.37888
-26.05154 8.810519 -15.32802
-26.05516 8.784666 -15.27648
-26.05861 8.759315 -15.22421
-26.06189 8.734485 -15.17119
-26.06498 8.710191 -15.11736
-26.06785 8.686452 -15.06269
-26.07049 8.663282 -15.00714
-26.07289 8.640702 -14.95065
-26.07501 8.618726 -14.8932
-26.07686 8.597371 -14.83475
-26.0784 8.576655 -14.77524
-26.07963 8.556595 -14.71464
-26.08051 8.537208 -14.65291
-26.08105 8.518509 -14.59
-26.08121 8.500517 -14.52588
-26.08098 8.483249 -14.46051
-26.08034 8.466722 -14.39384
-26.07928 8.45095 -14.32583
-26.07778 8.435953 -14.25644
-26.07581 8.421748 -14.18564
-26.07337 8.408352 -14.11337
-26.07043 8.39578 -14.0396
-26.06697 8.384049 -13.96428
-26.06299 8.373178 -13.88738
-26.05845 8.363183 -13.80886
-26.05335 8.354081 -13.72867
-26.04767 8.345889 -13.64677
