-0.05714133 0.7841082 0.01379353 0.6178342
-0.05744724 0.7838901 0.01370387 0.6180845
-0.05787982 0.7835813 0.01357708 0.6184383
-0.05843518 0.7831844 0.01341429 0.6188922
-0.05910946 0.7827018 0.0132166 0.6194427
-0.05989879 0.7821358 0.01298515 0.6200864
-0.06079927 0.7814886 0.01272105 0.6208197
-0.06180707 0.7807626 0.01242541 0.6216393
-0.06291828 0.7799598 0.01209935 0.6225414
-0.06412904 0.7790824 0.01174398 0.6235224
-0.06543546 0.7781326 0.01136042 0.6245789
-0.06683366 0.7771126 0.01094978 0.6257071
-0.06831975 0.7760245 0.01051319 0.6269035
-0.06988981 0.7748703 0.01005175 0.6281644
-0.07153995 0.7736524 0.0095666 0.629486
-0.07326625 0.7723727 0.009058855 0.6308649
-0.07506476 0.7710335 0.008529645 0.6322973
-0.07693157 0.769637 0.007980102 0.6337797
-0.07886273 0.7681855 0.007411362 0.6353084
-0.08085427 0.7666813 0.006824567 0.6368799
-0.08290223 0.7651265 0.006220856 0.6384903
-0.08500265 0.7635238 0.005601379 0.6401364
-0.08715152 0.7618754 0.004967289 0.6418145
-0.08934487 0.7601839 0.00431974 0.6435211
-0.09157871 0.7584518 0.003659895 0.6452526
-0.09384901 0.7566817 0.002988914 0.6470057
-0.09615179 0.7548762 0.002307966 0.6487769
-0.09848303 0.7530382 0.001618221 0.6505629
-0.1008387 0.7511703 0.0009208517 0.6523603
-0.1032148 0.7492754 0.0002170346 0.6541659
-0.1056074 0.7473566 -0.0004920529 0.6559764
-0.1080123 0.7454167 -0.001205228 0.6577886
-0.1104257 0.7434589 -0.001921311 0.6595994
-0.1128435 0.7414863 -0.002639123 0.6614058
-0.1152617 0.739502 -0.003357479 0.6632046
-0.1176764 0.7375093 -0.004075197 0.664993
-0.1200835 0.7355117 -0.00479109 0.6667681
-0.1224792 0.7335123 -0.005503983 0.6685269
-0.1248594 0.7315148 -0.006212696 0.6702668
-0.1272203 0.7295227 -0.00691605 0.671985
-0.1295579 0.7275394 -0.007612867 0.6736789
-0.1318683 0.7255687 -0.008301978 0.6753457
-0.1341477 0.7236143 -0.008982213 0.6769831
-0.1363923 0.7216797 -0.009652401 0.6785885
-0.138598 0.7197689 -0.01031139 0.6801595
-0.1407613 0.7178856 -0.010958 0.6816938
-0.1428782 0.7160338 -0.01159111 0.683189
-0.144945 0.7142171 -0.01220954 0.6846429
-0.1469579 0.7124396 -0.01281215 0.6860532
-0.1489132 0.7107053 -0.01339781 0.6874179
-0.1508073 0.7090181 -0.01396538 0.6887347
-0.1526363 0.707382 -0.01451372 0.6900016
-0.1543967 0.7058011 -0.0150417 0.6912165
-0.1560847 0.7042792 -0.0155482 0.6923776
-0.1576967 0.7028205 -0.01603211 0.6934826
-0.1592291 0.7014289 -0.01649229 0.6945297
-0.1606783 0.7001086 -0.01692765 0.6955169
-0.1620407 0.6988636 -0.01733706 0.6964424
-0.1633126 0.6976978 -0.01771942 0.697304
-0.1644905 0.6966153 -0.01807362 0.6980999
-0.1655708 0.69562 -0.01839854 0.6988281
-0.1665497 0.694716 -0.01869309 0.6994866
-0.1674239 0.6939071 -0.01895616 0.7000735
-0.1681896 0.6931973 -0.01918664 0.7005866
-0.1688432 0.6925904 -0.01938342 0.7010241
-0.1693811 0.6920903 -0.01954538 0.7013836
-0.1697997 0.6917009 -0.01967141 0.701663
-0.1700951 0.6914258 -0.01976039 0.7018601
-0.1702638 0.6912686 -0.01981119 0.7019726
-0.170305 0.6912302 -0.01982359 0.7020001
0.1702938 -0.6912555 0.01972488 -0.7019807
0.1702605 -0.6913303 0.01943252 -0.7019233
0.170206 -0.691453 0.01895212 -0.7018288
0.1701305 -0.691622 0.01828926 -0.7016981
0.1700349 -0.6918356 0.01744953 -0.701532
0.1699196 -0.6920921 0.01643849 -0.7013314
0.1697851 -0.6923897 0.01526169 -0.7010968
0.1696319 -0.6927264 0.01392468 -0.700829
0.1694607 -0.6931005 0.01243299 -0.7005285
0.1692719 -0.69351 0.01079216 -0.700196
0.169066 -0.6939529 0.009007741 -0.6998321
0.1688434 -0.6944274 0.007085268 -0.6994372
0.1686048 -0.6949313 0.005030298 -0.6990119
0.1683506 -0.6954628 0.002848389 -0.6985567
0.1680812 -0.6960198 0.000545116 -0.6980722
0.1677972 -0.6966004 -0.001873937 -0.6975589
0.1674992 -0.6972026 -0.004403171 -0.6970174
0.1671875 -0.6978244 -0.007036965 -0.6964481
0.1668628 -0.6984639 -0.009769686 -0.6958517
0.1665255 -0.699119 -0.01259569 -0.6952289
0.1661761 -0.699788 -0.0155093 -0.6945803
0.1658153 -0.7004689 -0.01850482 -0.6939065
0.1654436 -0.70116 -0.02157656 -0.6932083
0.1650615 -0.7018592 -0.0247188 -0.6924865
0.1646696 -0.7025649 -0.02792577 -0.6917418
0.1642685 -0.7032753 -0.03119172 -0.6909752
0.1638589 -0.7039889 -0.03451088 -0.6901876
0.1634412 -0.7047039 -0.03787747 -0.68938
0.1630163 -0.7054187 -0.04128567 -0.6885533
0.1625846 -0.7061319 -0.04472967 -0.6877087
0.1621469 -0.7068418 -0.04820367 -0.6868474
0.1617039 -0.7075472 -0.05170183 -0.6859706
0.1612562 -0.7082468 -0.05521832 -0.6850795
0.1608047 -0.708939 -0.05874728 -0.6841756
0.1603499 -0.7096228 -0.0622829 -0.6832601
0.1598926 -0.7102969 -0.06581936 -0.6823346
0.1594336 -0.7109604 -0.06935082 -0.6814006
0.1589737 -0.711612 -0.07287145 -0.6804597
0.1585136 -0.712251 -0.07637545 -0.6795136
0.1580542 -0.7128763 -0.07985704 -0.678564
0.1575962 -0.7134872 -0.08331043 -0.6776126
0.1571404 -0.7140828 -0.08672984 -0.6766613
0.1566879 -0.7146624 -0.09010953 -0.6757121
0.1562392 -0.7152255 -0.09344376 -0.6747667
0.1557954 -0.7157713 -0.09672686 -0.6738273
0.1553572 -0.7162994 -0.09995309 -0.6728958
0.1549257 -0.7168092 -0.1031169 -0.6719744
0.1545015 -0.7173004 -0.1062125 -0.671065
0.1540857 -0.7177727 -0.1092344 -0.6701701
0.1536792 -0.7182255 -0.1121769 -0.6692917
0.1532827 -0.7186587 -0.1150346 -0.6684319
0.1528973 -0.719072 -0.1178019 -0.6675932
0.1525239 -0.7194651 -0.1204732 -0.6667777
0.1521634 -0.7198381 -0.1230431 -0.6659879
0.1518167 -0.7201906 -0.1255062 -0.6652259
0.1514846 -0.7205224 -0.1278569 -0.6644942
0.1511683 -0.7208336 -0.1300898 -0.663795
0.1508685 -0.7211239 -0.1321996 -0.6631307
0.1505862 -0.7213933 -0.1341809 -0.6625036
0.1503223 -0.7216417 -0.1360281 -0.6619161
0.1500777 -0.7218688 -0.1377361 -0.6613705
0.1498533 -0.7220747 -0.1392993 -0.660869
0.1496501 -0.7222591 -0.1407124 -0.660414
0.1494689 -0.7224219 -0.14197 -0.6600077
0.1493107 -0.7225628 -0.1430667 -0.6596524
0.1491762 -0.7226816 -0.1439972 -0.6593502
0.1490664 -0.722778 -0.144756 -0.6591032
0.1489822 -0.7228515 -0.1453375 -0.6589136
0.1489244 -0.7229018 -0.1457365 -0.6587833
0.1488939 -0.7229283 -0.1459472 -0.6587144
0.148889 -0.7229326 -0.1459811 -0.6587034
0.1487219 -0.7229512 -0.1458433 -0.6587512
0.148227 -0.7230063 -0.145435 -0.6588925
0.1474135 -0.7230961 -0.1447637 -0.6591243
0.1462903 -0.7232188 -0.1438368 -0.6594428
0.1448661 -0.7233719 -0.1426616 -0.6598445
0.1431497 -0.7235528 -0.1412451 -0.6603252
0.1411496 -0.7237588 -0.1395943 -0.6608809
0.1388742 -0.7239869 -0.137716 -0.6615069
0.1363318 -0.7242337 -0.1356171 -0.6621988
0.1335306 -0.7244958 -0.1333043 -0.662952
0.1304792 -0.7247699 -0.1307845 -0.6637615
0.1271856 -0.7250521 -0.1280643 -0.6646223
0.1236583 -0.7253389 -0.1251506 -0.6655295
0.1199056 -0.7256263 -0.1220502 -0.666478
0.1159361 -0.7259107 -0.11877 -0.6674626
0.1117584 -0.7261881 -0.1153171 -0.6684781
0.1073812 -0.7264548 -0.1116985 -0.6695194
0.1028133 -0.726707 -0.1079215 -0.6705813
0.09806374 -0.7269411 -0.1039934 -0.6716588
0.09314172 -0.7271535 -0.09992173 -0.6727467
0.08805656 -0.7273407 -0.09571409 -0.67384
0.0828178 -0.7274993 -0.09137829 -0.6749341
0.07743516 -0.7276263 -0.08692227 -0.676024
0.07191851 -0.7277185 -0.08235413 -0.6771051
0.06627794 -0.7277734 -0.07768215 -0.678173
0.06052374 -0.7277883 -0.07291476 -0.6792235
0.05466633 -0.7277609 -0.06806052 -0.6802526
0.04871627 -0.7276891 -0.06312814 -0.6812562
0.04268435 -0.7275715 -0.05812649 -0.6822311
0.03658147 -0.7274062 -0.05306455 -0.6831736
0.03041863 -0.7271924 -0.04795142 -0.6840808
0.02420699 -0.7269292 -0.04279629 -0.6849501
0.01795771 -0.726616 -0.03760843 -0.6857787
0.01168216 -0.7262528 -0.03239723 -0.6865645
0.005391669 -0.7258397 -0.02717207 -0.6873059
-0.0009024542 -0.7253773 -0.02194239 -0.6880011
-0.007188769 -0.7248665 -0.01671764 -0.6886489
-0.01345592 -0.7243086 -0.01150732 -0.6892487
-0.01969257 -0.7237049 -0.006320821 -0.6897995
-0.02588746 -0.7230576 -0.00116758 -0.6903015
-0.03202937 -0.7223688 0.003943088 -0.6907546
-0.03810722 -0.7216411 0.009001864 -0.6911592
-0.04410998 -0.7208772 0.01399958 -0.6915161
-0.0500268 -0.7200804 0.0189271 -0.6918261
-0.05584699 -0.719254 0.02377549 -0.6920908
-0.06155995 -0.7184016 0.02853584 -0.6923115
-0.06715536 -0.7175272 0.03319947 -0.6924902
-0.07262291 -0.7166349 0.03775772 -0.6926289
-0.07795261 -0.7157289 0.04220219 -0.6927298
-0.08313456 -0.7148138 0.04652452 -0.6927953
-0.08815917 -0.7138942 0.05071659 -0.6928282
-0.09301686 -0.7129747 0.05477037 -0.6928313
-0.09769836 -0.7120603 0.058678 -0.6928074
-0.1021945 -0.7111559 0.06243176 -0.6927596
-0.1064963 -0.7102665 0.06602401 -0.6926911
-0.110595 -0.7093971 0.06944727 -0.692605
-0.1144817 -0.7085529 0.07269418 -0.6925045
-0.118148 -0.7077388 0.07575747 -0.6923928
-0.1215852 -0.7069598 0.07862991 -0.6922732
-0.1247851 -0.706221 0.08130439 -0.692149
-0.1277392 -0.7055272 0.08377386 -0.6920231
-0.1304392 -0.7048832 0.08603116 -0.6918988
-0.1328768 -0.7042937 0.08806935 -0.6917789
-0.1350435 -0.7037632 0.08988128 -0.6916661
-0.1369311 -0.7032961 0.09145989 -0.6915631
-0.1385309 -0.7028965 0.09279802 -0.6914725
-0.1398346 -0.7025686 0.09388842 -0.6913962
-0.1408331 -0.7023159 0.09472372 -0.6913364
-0.1415178 -0.7021418 0.09529646 -0.6912947
-0.1418795 -0.7020496 0.09559903 -0.6912724
-0.1419376 -0.7020348 0.09564768 -0.6912688
0.141859 0.702308 -0.09588075 0.690975
0.1416259 0.7031172 -0.09657165 0.6901031
0.1412416 0.7044461 -0.09770843 0.6886651
0.1407087 0.7062783 -0.09928008 0.6866699
0.1400294 0.7085967 -0.1012762 0.6841239
0.1392052 0.7113841 -0.1036872 0.6810313
0.1382371 0.7146223 -0.1065036 0.677394
0.1371257 0.7182928 -0.1097165 0.673212
0.1358712 0.7223762 -0.1133172 0.668484
0.1344738 0.7268524 -0.1172969 0.6632074
0.1329332 0.7317001 -0.1216467 0.657378
0.131249 0.7368971 -0.1263577 0.6509917
0.1294207 0.74242 -0.1314204 0.6440431
0.1274478 0.7482442 -0.1368249 0.6365271
0.12533 0.7543437 -0.1425604 0.6284382
0.123067 0.7606911 -0.1486157 0.6197717
0.1206586 0.7672577 -0.1549785 0.6105235
0.1181052 0.7740132 -0.1616352 0.6006903
0.1154072 0.7809262 -0.1685715 0.5902704
0.1125658 0.7879637 -0.1757716 0.5792637
0.1095824 0.7950917 -0.1832185 0.5676724
0.1064593 0.8022749 -0.1908938 0.5555007
0.1031993 0.8094774 -0.1987778 0.5427557
0.099806 0.8166624 -0.2068493 0.5294475
0.0962837 0.823793 -0.2150862 0.5155895
0.09263764 0.830832 -0.2234646 0.5011987
0.08887387 0.8377427 -0.2319598 0.4862956
0.08499934 0.844489 -0.2405461 0.4709045
0.08102186 0.8510361 -0.249197 0.4550537
0.07695016 0.8573506 -0.2578852 0.4387753
0.07279374 0.8634012 -0.2665834 0.4221052
0.0685629 0.8691588 -0.2752639 0.4050826
0.06426863 0.8745972 -0.2838994 0.3877505
0.05992259 0.8796934 -0.2924626 0.3701546
0.0555369 0.8844277 -0.3009275 0.3523434
0.05112407 0.8887843 -0.309269 0.3343673
0.04669693 0.8927511 -0.3174629 0.3162787
0.04226845 0.89632 -0.3254868 0.298131
0.03785162 0.8994871 -0.3333201 0.2799785
0.03345928 0.9022524 -0.3409438 0.2618749
0.0291041 0.9046197 -0.3483412 0.2438742
0.02479836 0.9065967 -0.3554975 0.226029
0.0205539 0.9081944 -0.3624001 0.2083907
0.01638203 0.909427 -0.3690389 0.1910087
0.01229342 0.9103119 -0.3754055 0.1739302
0.008298095 0.9108688 -0.3814937 0.1572
0.004405331 0.9111192 -0.3872994 0.1408601
0.000623732 0.9110869 -0.3928203 0.1249498
-0.003038892 0.9107969 -0.3980557 0.1095053
-0.006575447 0.9102753 -0.4030064 0.09456006
-0.009979568 0.9095486 -0.4076747 0.0801442
-0.01324556 0.9086441 -0.4120639 0.06628555
-0.01636834 0.9075889 -0.4161785 0.05300897
-0.01934346 0.90641 -0.4200234 0.04033692
-0.02216693 0.905134 -0.4236045 0.02828956
-0.02483532 0.9037869 -0.4269278 0.01688512
-0.02734545 0.9023939 -0.4299997 0.006140064
-0.02969461 0.9009794 -0.4328267 -0.003930722
-0.0318802 0.8995667 -0.4354151 -0.01331335
-0.03389992 0.8981779 -0.437771 -0.021995
-0.03575148 0.8968343 -0.4399002 -0.02996337
-0.03743265 0.8955557 -0.4418083 -0.03720633
-0.03894119 0.8943606 -0.4434998 -0.04371186
-0.04027468 0.8932665 -0.4449786 -0.04946761
-0.04143056 0.8922893 -0.4462481 -0.05446069
-0.04240607 0.8914438 -0.4473105 -0.05867731
-0.04319801 0.8907434 -0.4481669 -0.06210244
-0.04380289 0.8901998 -0.4488173 -0.06471955
-0.04421674 0.8898237 -0.4492605 -0.06651085
-0.04443507 0.8896239 -0.4494937 -0.06745597
-0.04447015 0.8895918 -0.4495311 -0.06760782
-0.0444345 0.8896663 -0.4493271 -0.06800486
-0.04432879 0.8898864 -0.4487217 -0.06918181
-0.04415463 0.890245 -0.4477236 -0.07111848
-0.04391342 0.8907338 -0.4463396 -0.07379622
-0.04360634 0.8913428 -0.4445751 -0.07719768
-0.04323437 0.8920608 -0.4424338 -0.08130652
-0.04279834 0.892875 -0.4399183 -0.08610734
-0.04229894 0.8937716 -0.43703 -0.09158531
-0.04173675 0.8947355 -0.4337696 -0.09772602
-0.04111224 0.8957503 -0.4301368 -0.1045153
-0.04042587 0.8967988 -0.4261307 -0.1119389
-0.03967801 0.8978623 -0.4217502 -0.1199822
-0.03886906 0.8989214 -0.4169937 -0.1286303
-0.03799944 0.8999557 -0.4118597 -0.1378673
-0.03706959 0.9009439 -0.4063468 -0.1476766
-0.03608004 0.9018638 -0.4004539 -0.1580402
-0.03503143 0.9026929 -0.3941803 -0.1689389
-0.03392452 0.9034079 -0.3875262 -0.1803517
-0.03276024 0.9039855 -0.3804925 -0.1922562
-0.03153967 0.904402 -0.3730813 -0.2046278
-0.03026413 0.904634 -0.365296 -0.2174401
-0.02893517 0.9046583 -0.3571415 -0.2306645
-0.02755457 0.9044523 -0.3486243 -0.2442704
-0.02612438 0.9039943 -0.3397526 -0.2582248
-0.02464695 0.9032639 -0.3305368 -0.2724926
-0.0231249 0.9022421 -0.3209892 -0.2870371
-0.02156115 0.9009117 -0.3111245 -0.3018193
-0.01995892 0.8992575 -0.3009591 -0.3167985
-0.01832169 0.8972667 -0.2905122 -0.3319328
-0.01665326 0.8949295 -0.2798049 -0.3471787
-0.01495762 0.8922386 -0.2688605 -0.3624924
-0.01323904 0.8891897 -0.2577041 -0.3778292
-0.01150197 0.8857824 -0.2463631 -0.3931444
-0.009751027 0.882019 -0.2348663 -0.4083935
-0.007990955 0.8779057 -0.2232441 -0.4235328
-0.006226576 0.8734517 -0.2115277 -0.4385197
-0.004462761 0.8686698 -0.1997498 -0.4533133
-0.002704375 0.8635761 -0.1879434 -0.4678742
-0.0009562435 0.8581897 -0.1761418 -0.4821655
0.0007769082 0.8525325 -0.1643785 -0.4961527
0.002490485 0.8466288 -0.1526864 -0.5098042
0.004180042 0.8405056 -0.1410983 -0.523091
0.005841344 0.8341913 -0.1296457 -0.5359876
0.007470379 0.8277164 -0.1183594 -0.5484714
0.009063382 0.8211122 -0.1072686 -0.560523
0.01061685 0.8144113 -0.09640146 -0.572126
0.01212754 0.8076466 -0.08578415 -0.5832675
0.0135925 0.8008514 -0.07544163 -0.5939367
0.01500905 0.7940588 -0.06539684 -0.6041264
0.01637477 0.7873018 -0.05567121 -0.613831
0.01768752 0.7806126 -0.04628428 -0.623048
0.01894536 0.7740232 -0.0372542 -0.6317764
0.02014663 0.7675641 -0.0285973 -0.640017
0.02128985 0.7612651 -0.02032861 -0.6477724
0.02237371 0.755155 -0.01246181 -0.6550459
0.02339709 0.7492613 -0.005009288 -0.6618422
0.02435898 0.7436104 0.002017486 -0.6681663
0.02525849 0.7382275 0.00860811 -0.6740238
0.02609478 0.7331367 0.01475271 -0.6794204
0.02686711 0.7283609 0.02044206 -0.6843616
0.02757474 0.723922 0.02566735 -0.6888525
0.02821692 0.7198409 0.03041979 -0.6928979
0.02879289 0.7161375 0.03469078 -0.6965017
0.02930182 0.7128311 0.03847145 -0.6996664
0.02974282 0.7099401 0.04175266 -0.7023939
0.03011489 0.7074822 0.04452466 -0.7046841
0.03041687 0.7054743 0.04677713 -0.7065357
0.03064747 0.7039334 0.04849865 -0.7079452
0.03080524 0.7028754 0.0496772 -0.7089072
0.03088845 0.7023159 0.05029907 -0.709414
0.03090182 0.702226 0.05039901 -0.7094954
0.03081288 0.7026011 0.05015032 -0.7091454
0.03054893 0.7037127 0.04941233 -0.7081056
0.03011354 0.705541 0.04819524 -0.7063868
0.02950937 0.708067 0.04650683 -0.7039939
0.02873829 0.7112724 0.04435274 -0.700927
0.0278014 0.7151393 0.04173668 -0.6971808
0.02669918 0.7196495 0.03866064 -0.6927461
0.02543152 0.724785 0.03512514 -0.6876091
0.02399782 0.7305264 0.03112945 -0.6817523
0.02239708 0.7368537 0.02667181 -0.6751544
0.02062799 0.743745 0.02174973 -0.6677909
0.01868899 0.7511762 0.0163602 -0.6596342
0.01657844 0.7591208 0.01050008 -0.6506541
0.01429468 0.7675486 0.004166321 -0.6408178
0.0118362 0.7764264 -0.002643585 -0.6300913
0.009201744 0.785716 -0.00993125 -0.6184392
0.006390505 0.7953749 -0.01769697 -0.6058258
0.003402276 0.8053548 -0.02593919 -0.5922155
0.0002376254 0.8156021 -0.0346541 -0.5775744
-0.0031019 0.8260569 -0.04383507 -0.5618709
-0.006613587 0.8366529 -0.05347213 -0.545077
-0.01029331 0.8473176 -0.06355138 -0.52717
-0.01413541 0.8579723 -0.07405463 -0.5081335
-0.01813248 0.8685328 -0.08495884 -0.487959
-0.02227519 0.8789096 -0.09623577 -0.4666481
-0.02655219 0.8890094 -0.1078518 -0.4442132
-0.03095007 0.8987362 -0.1197676 -0.4206793
-0.03545338 0.9079934 -0.1319386 -0.396085
-0.04004459 0.9166851 -0.1443149 -0.3704837
-0.04470434 0.9247187 -0.156842 -0.3439438
-0.0494117 0.9320076 -0.1694612 -0.3165489
-0.05414439 0.9384727 -0.1821111 -0.2883973
-0.05887926 0.9440455 -0.194728 -0.2596004
-0.06359266 0.9486698 -0.2072479 -0.2302822
-0.06826106 0.9523038 -0.2196072 -0.2005759
-0.07286144 0.9549209 -0.2317448 -0.1706216
-0.07737183 0.9565109 -0.2436028 -0.1405641
-0.08177179 0.95708 -0.2551279 -0.1105493
-0.08604278 0.9566503 -0.2662727 -0.08072063
-0.09016852 0.9552589 -0.2769963 -0.05121695
-0.09413522 0.9529564 -0.2872649 -0.02216948
-0.09793165 0.9498053 -0.2970516 0.006300337
-0.1015493 0.9458771 -0.3063374 0.03408278
-0.1049821 0.941251 -0.3151101 0.06108071
-0.1082267 0.9360112 -0.3233642 0.08721072
-0.1112819 0.9302444 -0.3311001 0.1124028
-0.1141483 0.9240386 -0.338324 0.1366005
-0.1168286 0.9174808 -0.3450461 0.1597602
-0.1193269 0.9106555 -0.3512808 0.1818502
-0.1216483 0.9036441 -0.3570452 0.2028491
-0.1237991 0.8965234 -0.3623589 0.2227457
-0.1257861 0.8893654 -0.3672429 0.2415362
-0.1276166 0.8822367 -0.3717191 0.2592243
-0.1292981 0.8751988 -0.37581 0.2758186
-0.1308383 0.8683075 -0.3795377 0.2913324
-0.1322448 0.8616135 -0.3829243 0.305782
-0.1335247 0.8551626 -0.3859908 0.3191855
-0.1346852 0.8489959 -0.3887573 0.3315623
-0.1357328 0.8431506 -0.3912429 0.3429325
-0.1366739 0.8376599 -0.393465 0.3533149
-0.1375139 0.8325538 -0.3954399 0.3627278
-0.1382581 0.8278594 -0.397182 0.3711873
-0.138911 0.8236014 -0.3987044 0.3787076
-0.1394765 0.8198023 -0.4000182 0.3852998
-0.139958 0.8164832 -0.4011332 0.390972
-0.1403581 0.8136638 -0.402057 0.3957286
-0.1406787 0.8113626 -0.4027954 0.3995699
-0.1409211 0.8095978 -0.4033525 0.4024914
-0.1410856 0.8083868 -0.4037303 0.4044843
-0.141172 0.8077468 -0.4039285 0.4055336
-0.1411859 0.8076439 -0.4039603 0.405702
0.1413386 -0.8076115 0.403906 -0.4057672
0.1417909 -0.8075154 0.4037454 -0.4059605
0.1425341 -0.807357 0.4034812 -0.4062779
0.1435596 -0.8071373 0.4031161 -0.4067154
0.1448587 -0.8068574 0.4026526 -0.4072689
0.146423 -0.8065178 0.4020932 -0.4079344
0.1482438 -0.806119 0.4014401 -0.4087075
0.1503124 -0.8056614 0.4006956 -0.409584
0.1526204 -0.805145 0.3998618 -0.4105595
0.1551592 -0.80457 0.398941 -0.4116297
0.15792 -0.8039362 0.397935 -0.41279
0.1608943 -0.8032438 0.3968459 -0.414036
0.1640734 -0.8024924 0.3956758 -0.4153632
0.1674484 -0.801682 0.3944266 -0.4167669
0.1710106 -0.8008124 0.3931004 -0.4182426
0.1747512 -0.7998835 0.3916993 -0.4197857
0.1786611 -0.7988952 0.3902254 -0.4213916
0.1827315 -0.7978474 0.3886807 -0.4230555
0.1869533 -0.7967404 0.3870675 -0.4247729
0.1913173 -0.7955741 0.385388 -0.4265391
0.1958144 -0.7943488 0.3836448 -0.4283496
0.2004353 -0.7930651 0.38184 -0.4301997
0.2051708 -0.7917232 0.3799764 -0.4320848
0.2100114 -0.7903241 0.3780563 -0.4340005
0.2149478 -0.7888686 0.3760828 -0.4359422
0.2199705 -0.7873576 0.3740585 -0.4379056
0.22507 -0.7857925 0.3719864 -0.4398861
0.2302368 -0.7841747 0.3698696 -0.4418795
0.2354613 -0.7825059 0.3677113 -0.4438817
0.2407341 -0.7807879 0.3655148 -0.4458883
0.2460455 -0.7790228 0.3632834 -0.4478955
0.2513862 -0.7772128 0.3610207 -0.4498993
0.2567465 -0.7753606 0.3587304 -0.4518957
0.262117 -0.7734689 0.3564163 -0.4538811
0.2674882 -0.7715406 0.3540821 -0.4558519
0.272851 -0.7695791 0.3517319 -0.4578045
0.2781959 -0.7675877 0.3493699 -0.4597356
0.2835139 -0.7655701 0.3470001 -0.4616421
0.2887957 -0.7635301 0.3446268 -0.4635206
0.2940324 -0.7614717 0.3422543 -0.4653684
0.2992152 -0.7593992 0.3398872 -0.4671827
0.3043352 -0.7573173 0.33753 -0.4689607
0.309384 -0.7552303 0.3351872 -0.4706999
0.3143529 -0.7531431 0.3328634 -0.4723979
0.3192336 -0.7510607 0.3305633 -0.4740525
0.324018 -0.748988 0.3282918 -0.4756615
0.3286979 -0.7469305 0.3260534 -0.4772229
0.3332655 -0.7448934 0.323853 -0.478735
0.337713 -0.7428821 0.3216955 -0.4801958
0.3420328 -0.7409024 0.3195857 -0.4816038
0.3462173 -0.7389596 0.3175285 -0.4829575
0.3502594 -0.7370595 0.3155286 -0.4842554
0.3541515 -0.735208 0.3135909 -0.4854962
0.3578869 -0.7334108 0.3117203 -0.4866786
0.3614583 -0.7316737 0.3099216 -0.4878014
0.3648589 -0.7300025 0.3081996 -0.4888633
0.3680819 -0.728403 0.3065592 -0.4898635
0.3711205 -0.7268812 0.3050051 -0.4908006
0.373968 -0.7254427 0.303542 -0.4916738
0.3766178 -0.7240933 0.3021747 -0.4924818
0.3790631 -0.7228389 0.3009079 -0.4932237
0.3812974 -0.7216848 0.2997461 -0.4938984
0.383314 -0.7206368 0.2986941 -0.4945046
0.385106 -0.7197003 0.2977564 -0.4950413
0.3866669 -0.7188808 0.2969376 -0.4955071
0.3879896 -0.7181833 0.2962421 -0.4959006
0.3890672 -0.7176132 0.2956745 -0.4962204
0.3898925 -0.7171752 0.295239 -0.4964649
0.3904585 -0.7168745 0.2949402 -0.4966322
0.3907574 -0.7167153 0.2947822 -0.4967205
0.3908054 -0.7166898 0.2947568 -0.4967347
-0.3907416 0.716673 -0.2947493 0.4968137
-0.3905523 0.7166232 -0.2947269 0.4970475
-0.3902413 0.7165413 -0.2946902 0.4974315
-0.389812 0.7164279 -0.2946393 0.4979613
-0.3892679 0.7162839 -0.2945747 0.4986319
-0.3886124 0.7161096 -0.2944965 0.4994389
-0.3878489 0.7159058 -0.2944052 0.5003775
-0.3869808 0.715673 -0.2943009 0.5014429
-0.3860114 0.7154117 -0.2941838 0.5026304
-0.384944 0.7151221 -0.2940542 0.5039352
-0.3837819 0.7148049 -0.2939123 0.5053524
-0.3825285 0.7144603 -0.2937583 0.5068772
-0.381187 0.7140888 -0.2935924 0.5085049
-0.3797607 0.7136908 -0.2934147 0.5102305
-0.378253 0.7132666 -0.2932255 0.5120491
-0.3766672 0.7128166 -0.2930249 0.5139561
-0.3750065 0.7123412 -0.2928132 0.5159462
-0.3732744 0.7118409 -0.2925906 0.5180149
-0.3714743 0.7113162 -0.2923573 0.5201572
-0.3696094 0.7107673 -0.2921135 0.5223681
-0.3676833 0.7101949 -0.2918594 0.5246429
-0.3656994 0.7095996 -0.2915954 0.5269767
-0.3636612 0.7089819 -0.2913217 0.5293646
-0.3615722 0.7083424 -0.2910386 0.5318019
-0.3594359 0.7076817 -0.2907463 0.5342836
-0.357256 0.7070007 -0.2904453 0.5368051
-0.3550361 0.7063 -0.2901359 0.5393615
-0.3527798 0.7055805 -0.2898185 0.5419481
-0.3504908 0.7048432 -0.2894934 0.5445603
-0.3481729 0.7040889 -0.2891612 0.5471932
-0.3458298 0.7033186 -0.2888221 0.5498422
-0.3434654 0.7025334 -0.2884769 0.5525029
-0.3410835 0.7017344 -0.2881258 0.5551706
-0.338688 0.7009229 -0.2877694 0.5578408
-0.3362827 0.7001 -0.2874084 0.560509
-0.3338717 0.6992671 -0.2870433 0.5631708
-0.3314588 0.6984257 -0.2866746 0.5658217
-0.3290482 0.6975771 -0.2863031 0.5684577
-0.3266439 0.6967227 -0.2859294 0.5710742
-0.3242498 0.6958643 -0.285554 0.573667
-0.3218701 0.6950034 -0.2851779 0.5762323
-0.3195088 0.6941417 -0.2848016 0.5787655
-0.3171702 0.6932809 -0.284426 0.5812629
-0.3148583 0.6924229 -0.2840518 0.5837203
-0.3125773 0.6915694 -0.2836798 0.586134
-0.3103314 0.6907223 -0.2833108 0.5884998
-0.3081246 0.6898837 -0.2829457 0.5908142
-0.3059614 0.6890554 -0.2825853 0.5930732
-0.3038457 0.6882395 -0.2822304 0.5952732
-0.3017818 0.6874381 -0.281882 0.5974104
-0.299774 0.6866531 -0.2815409 0.5994813
-0.2978263 0.6858867 -0.281208 0.6014822
-0.2959431 0.6851412 -0.2808844 0.6034096
-0.2941285 0.6844186 -0.2805707 0.6052601
-0.2923867 0.6837209 -0.2802681 0.60703
-0.2907219 0.6830507 -0.2799774 0.608716
-0.2891383 0.6824099 -0.2796996 0.6103146
-0.2876401 0.6818007 -0.2794356 0.6118225
-0.2862315 0.6812255 -0.2791864 0.6132361
-0.2849166 0.6806862 -0.2789528 0.6145521
-0.2836995 0.6801851 -0.2787358 0.6157671
-0.2825845 0.6797246 -0.2785364 0.6168776
-0.2815756 0.6793064 -0.2783554 0.6178804
-0.280677 0.678933 -0.2781938 0.6187719
-0.2798929 0.6786063 -0.2780524 0.6195485
-0.2792272 0.6783284 -0.2779322 0.6202069
-0.278684 0.6781012 -0.2778339 0.6207433
-0.2782676 0.6779268 -0.2777585 0.6211544
-0.2779818 0.6778069 -0.2777066 0.6214362
-0.2778307 0.6777436 -0.2776792 0.6215851
-0.2778065 0.6777334 -0.2776748 0.621609
-0.2777966 0.6780837 -0.2775188 0.6213011
-0.2777668 0.6791213 -0.2770556 0.6203871
-0.2777165 0.6808264 -0.2762918 0.6188796
-0.2776442 0.6831793 -0.2752323 0.6167876
-0.2775479 0.6861604 -0.2738806 0.6141176
-0.2774248 0.6897498 -0.2722391 0.6108736
-0.2772716 0.6939274 -0.2703093 0.607057
-0.2770843 0.6986725 -0.2680913 0.6026676
-0.2768584 0.7039638 -0.2655848 0.5977032
-0.276589 0.7097793 -0.2627888 0.5921604
-0.2762706 0.7160959 -0.2597016 0.5860344
-0.2758974 0.7228891 -0.2563213 0.5793198
-0.275463 0.7301333 -0.2526455 0.5720103
-0.2749608 0.737801 -0.2486721 0.5640997
-0.2743839 0.7458634 -0.2443988 0.5555814
-0.273725 0.7542892 -0.2398235 0.5464496
-0.2729768 0.7630456 -0.2349448 0.5366992
-0.2721317 0.7720976 -0.2297616 0.5263262
-0.2711821 0.781408 -0.2242739 0.515328
-0.2701209 0.7909375 -0.2184824 0.5037044
-0.2689405 0.8006448 -0.2123891 0.4914569
-0.2676341 0.8104866 -0.2059973 0.4785902
-0.2661953 0.8204179 -0.199312 0.4651121
-0.264618 0.8303923 -0.1923398 0.4510337
-0.2628971 0.8403621 -0.1850889 0.43637
-0.2610282 0.8502789 -0.17757 0.4211401
-0.259008 0.8600941 -0.1697952 0.4053673
-0.2568342 0.8697591 -0.1617793 0.3890794
-0.2545058 0.8792263 -0.1535389 0.3723087
-0.2520231 0.8884494 -0.1450926 0.355092
-0.2493879 0.897384 -0.1364613 0.3374701
-0.2466034 0.9059884 -0.1276675 0.3194883
-0.2436744 0.9142243 -0.1187355 0.3011955
-0.2406072 0.9220567 -0.1096913 0.2826439
-0.2374095 0.9294552 -0.1005617 0.2638885
-0.2340905 0.9363941 -0.09137475 0.2449867
-0.2306607 0.9428525 -0.08215903 0.2259971
-0.2271318 0.9488149 -0.0729435 0.2069798
-0.2235164 0.9542711 -0.06375697 0.1879948
-0.2198284 0.9592163 -0.05462799 0.1691016
-0.216082 0.9636508 -0.04558441 0.1503589
-0.2122921 0.9675801 -0.03665321 0.1318236
-0.2084739 0.9710143 -0.02786008 0.1135501
-0.2046429 0.9739681 -0.01922945 0.09559082
-0.2008145 0.97646 -0.01078401 0.07799421
-0.1970037 0.978512 -0.002544903 0.06080608
-0.1932255 0.980149 0.005468607 0.04406819
-0.1894944 0.9813984 0.01323898 0.02781902
-0.1858242 0.9822894 0.02075054 0.01209311
-0.1822282 0.982853 0.02798937 -0.003078491
-0.178719 0.9831207 0.03494329 -0.01766854
-0.1753086 0.9831247 0.04160164 -0.0316527
-0.1720079 0.9828976 0.0479553 -0.04501009
-0.1688276 0.9824712 0.05399645 -0.05772241
-0.1657773 0.9818774 0.0597185 -0.06977399
-0.1628659 0.9811468 0.06511588 -0.08115142
-0.160102 0.9803094 0.07018375 -0.09184279
-0.1574933 0.9793938 0.07491808 -0.1018382
-0.1550472 0.9784273 0.07931531 -0.1111284
-0.1527704 0.9774359 0.08337221 -0.1197052
-0.1506695 0.9764441 0.08708572 -0.1275608
-0.1487506 0.9754747 0.09045276 -0.1346875
-0.1470196 0.9745491 0.09347011 -0.1410773
-0.1454822 0.9736868 0.09613428 -0.1467216
-0.1441441 0.9729059 0.09844124 -0.1516112
-0.1430109 0.9722227 0.1003864 -0.1557353
-0.1420882 0.9716517 0.1019644 -0.159082
-0.1413819 0.9712059 0.1031689 -0.161637
-0.1408979 0.9708958 0.1039927 -0.1633849
-0.1406423 0.9707307 0.1044272 -0.1643067
-0.1406012 0.970704 0.104497 -0.1644548
0.1404306 -0.9706975 -0.1044837 0.1646472
0.1399251 -0.9706779 -0.1044445 0.1652173
0.139094 -0.9706444 -0.1043799 0.1661541
0.1379462 -0.9705956 -0.1042905 0.1674471
0.1364905 -0.9705296 -0.1041766 0.1690855
0.1347355 -0.9704438 -0.1040387 0.1710589
0.1326894 -0.9703352 -0.1038772 0.1733566
0.1303605 -0.9702006 -0.1036922 0.1759682
0.1277569 -0.9700361 -0.103484 0.1788832
0.1248867 -0.9698377 -0.1032529 0.1820909
0.1217579 -0.9696009 -0.102999 0.1855809
0.1183786 -0.9693215 -0.1027224 0.1893422
0.1147569 -0.9689947 -0.1024234 0.1933642
0.110901 -0.9686156 -0.102102 0.1976359
0.1068193 -0.9681796 -0.1017584 0.2021462
0.1025202 -0.9676819 -0.1013928 0.2068838
0.09801237 -0.9671177 -0.1010053 0.2118372
0.09330457 -0.9664822 -0.1005962 0.2169949
0.08840586 -0.9657712 -0.1001656 0.2223451
0.08332551 -0.9649801 -0.09971385 0.2278758
0.07807297 -0.9641051 -0.09924126 0.2335747
0.07265806 -0.9631423 -0.09874818 0.2394295
0.06709075 -0.9620883 -0.098235 0.2454276
0.06138128 -0.9609402 -0.0977022 0.2515564
0.0555402 -0.9596952 -0.0971503 0.2578029
0.04957829 -0.9583512 -0.09657987 0.2641541
0.04350657 -0.9569066 -0.09599157 0.2705969
0.03733625 -0.9553602 -0.09538615 0.2771182
0.0310788 -0.9537115 -0.09476436 0.2837045
0.02474592 -0.9519606 -0.09412709 0.2903427
0.01834942 -0.950108 -0.09347527 0.2970195
0.01190128 -0.948155 -0.09280992 0.3037215
0.00541362 -0.9461036 -0.09213209 0.3104358
-0.001101337 -0.9439563 -0.09144295 0.3171491
-0.007631327 -0.9417163 -0.09074371 0.3238485
-0.01416408 -0.9393874 -0.09003565 0.3305213
-0.02068725 -0.9369742 -0.08932012 0.3371549
-0.02718855 -0.9344816 -0.08859851 0.343737
-0.03365578 -0.9319156 -0.0878723 0.3502557
-0.04007678 -0.9292823 -0.08714298 0.3566992
-0.04643959 -0.9265887 -0.0864121 0.3630561
-0.0527323 -0.9238421 -0.08568127 0.3693153
-0.05894323 -0.9210505 -0.0849521 0.3754661
-0.0650609 -0.9182222 -0.08422627 0.3814983
-0.07107402 -0.9153661 -0.08350545 0.3874019
-0.07697152 -0.9124913 -0.08279135 0.3931674
-0.08274267 -0.9096074 -0.08208569 0.3987856
-0.08837684 -0.9067242 -0.08139023 0.4042479
-0.09386382 -0.9038519 -0.08070669 0.4095459
-0.09919351 -0.9010007 -0.0800368 0.4146715
-0.1043562 -0.8981813 -0.07938232 0.4196173
-0.1093424 -0.8954042 -0.07874496 0.4243759
-0.1141429 -0.8926802 -0.07812648 0.4289403
-0.1187486 -0.8900201 -0.07752856 0.433304
-0.1231507 -0.8874347 -0.07695292 0.4374606
-0.1273408 -0.884935 -0.07640123 0.4414038
-0.1313103 -0.8825316 -0.07587518 0.4451277
-0.1350511 -0.8802352 -0.07537637 0.4486265
-0.1385549 -0.8780565 -0.07490648 0.4518943
-0.1418139 -0.8760058 -0.07446706 0.4549257
-0.14482 -0.8740935 -0.07405972 0.4577149
-0.1475654 -0.8723296 -0.07368604 0.4602564
-0.1500421 -0.870724 -0.07334752 0.4625444
-0.1522422 -0.8692862 -0.0730457 0.464573
-0.1541577 -0.8680258 -0.0727821 0.4663363
-0.1557804 -0.8669515 -0.07255815 0.4678278
-0.157102 -0.8660723 -0.07237535 0.4690412
-0.158114 -0.8653964 -0.0722351 0.4699694
-0.1588078 -0.8649317 -0.07213883 0.4706053
-0.1591742 -0.8646858 -0.07208794 0.4709409
-0.159233 -0.8646463 -0.07207976 0.4709949
0.1592018 0.8648465 0.07223866 -0.4706133
0.1591092 0.8654391 0.07270961 -0.4694813
0.1589561 0.8664109 0.07348443 -0.4676165
0.1587429 0.8677477 0.07455544 -0.4650334
0.1584699 0.8694345 0.07591543 -0.4617443
0.1581366 0.871455 0.07755753 -0.4577595
0.1577424 0.8737922 0.07947518 -0.4530874
0.1572862 0.8764279 0.08166197 -0.4477351
0.1567667 0.8793427 0.08411161 -0.441708
0.1561824 0.8825164 0.08681785 -0.435011
0.1555315 0.8859276 0.08977436 -0.427648
0.1548121 0.8895537 0.0929746 -0.4196227
0.1540221 0.8933707 0.09641182 -0.4109387
0.1531593 0.897354 0.1000789 -0.4015997
0.1522214 0.9014771 0.1039684 -0.3916099
0.1512061 0.9057128 0.1080721 -0.3809744
0.1501113 0.9100326 0.1123814 -0.3696993
0.1489347 0.9144072 0.1168871 -0.3577923
0.1476745 0.918806 0.121579 -0.3452628
0.1463287 0.9231979 0.1264464 -0.3321219
0.1448958 0.927551 0.1314776 -0.3183834
0.1433745 0.9318332 0.1366602 -0.3040636
0.141764 0.9360121 0.1419808 -0.2891814
0.1400639 0.9400554 0.1474253 -0.2737588
0.138274 0.9439312 0.1529787 -0.257821
0.1363951 0.9476087 0.1586254 -0.2413963
0.1344283 0.9510577 0.1643488 -0.2245166
0.1323753 0.95425 0.1701321 -0.2072167
0.1302386 0.957159 0.1759577 -0.1895348
0.1280212 0.9597604 0.1818078 -0.1715123
0.1257269 0.9620326 0.1876644 -0.1531931
0.1233602 0.9639568 0.1935095 -0.1346242
0.1209261 0.9655176 0.1993253 -0.1158542
0.1184304 0.9667029 0.2050939 -0.09693418
0.1158795 0.9675046 0.2107983 -0.07791627
0.1132802 0.967918 0.2164221 -0.05885348
0.1106399 0.9679428 0.2219496 -0.0397995
0.1079664 0.967582 0.2273661 -0.02080785
0.1052678 0.9668429 0.2326579 -0.001931419
0.1025524 0.9657364 0.2378126 0.01677785
0.09982889 0.9642765 0.242819 0.03526961
0.09710581 0.962481 0.2476674 0.0534953
0.09439179 0.9603702 0.2523493 0.0714088
0.09169541 0.9579672 0.2568576 0.08896638
0.08902507 0.9552974 0.2611865 0.1061274
0.08638899 0.952388 0.2653318 0.1228537
0.08379509 0.9492678 0.2692902 0.139111
0.08125103 0.9459666 0.2730598 0.1548672
0.07876407 0.9425151 0.2766397 0.1700941
0.07634116 0.9389445 0.2800301 0.1847659
0.07398881 0.935286 0.2832319 0.1988603
0.07171317 0.9315709 0.286247 0.2123573
0.06951997 0.9278299 0.2890776 0.2252396
0.06741463 0.9240932 0.2917269 0.2374922
0.06540211 0.9203904 0.294198 0.2491019
0.06348708 0.9167499 0.2964947 0.2600576
0.06167394 0.9131995 0.2986206 0.2703494
0.05996672 0.9097656 0.3005798 0.2799686
0.0583693 0.9064736 0.302376 0.2889074
0.05688531 0.9033477 0.304013 0.2971586
0.0555182 0.9004108 0.3054944 0.3047151
0.05427135 0.8976851 0.3068233 0.3115698
0.05314801 0.8951908 0.3080026 0.3177156
0.05215141 0.8929478 0.3090346 0.3231441
0.0512848 0.8909743 0.3099213 0.3278466
0.05055146 0.8892877 0.3106638 0.331813
0.04995475 0.8879042 0.3112628 0.3350317
0.04949819 0.8868388 0.3117179 0.337489
0.04918539 0.8861055 0.3120282 0.33917
0.04902025 0.8857173 0.3121914 0.3400565
0.04899371 0.8856548 0.3122176 0.340199
-0.04890576 -0.8858293 -0.3120835 -0.3398802
-0.04864508 -0.8863457 -0.3116857 -0.3389352
-0.04821611 -0.8871924 -0.3110302 -0.3373796
-0.04762296 -0.8883572 -0.3101225 -0.3352277
-0.04686946 -0.8898267 -0.308967 -0.3324923
-0.04595916 -0.8915868 -0.3075674 -0.3291852
-0.04489543 -0.8936229 -0.3059268 -0.3253173
-0.04368144 -0.8959191 -0.3040479 -0.3208984
-0.04232027 -0.8984591 -0.3019328 -0.3159381
-0.0408149 -0.9012257 -0.2995833 -0.3104452
-0.03916829 -0.904201 -0.2970012 -0.3044286
-0.03738341 -0.9073663 -0.2941877 -0.2978969
-0.03546327 -0.9107023 -0.2911443 -0.2908587
-0.03341097 -0.9141889 -0.2878723 -0.283323
-0.03122977 -0.9178054 -0.2843734 -0.2752993
-0.02892307 -0.9215306 -0.2806491 -0.2667975
-0.0264945 -0.9253426 -0.2767015 -0.2578283
-0.02394795 -0.9292191 -0.2725328 -0.2484034
-0.02128756 -0.9331374 -0.2681461 -0.2385354
-0.01851779 -0.9370745 -0.2635447 -0.2282382
-0.01564341 -0.9410074 -0.2587325 -0.2175268
-0.01266959 -0.9449129 -0.2537143 -0.2064177
-0.009601825 -0.9487678 -0.2484956 -0.194929
-0.006445976 -0.9525498 -0.2430826 -0.1830799
-0.003208325 -0.9562362 -0.2374826 -0.1708918
0.0001045076 -0.9598057 -0.2317036 -0.1583871
0.003485518 -0.9632374 -0.2257546 -0.14559
0.006927379 -0.9665115 -0.2196456 -0.1325264
0.01042243 -0.9696097 -0.2133874 -0.1192234
0.0139627 -0.9725147 -0.2069919 -0.1057097
0.01754 -0.9752111 -0.2004718 -0.09201511
0.02114592 -0.9776851 -0.1938405 -0.07817065
0.02477187 -0.9799248 -0.1871125 -0.06420818
0.02840915 -0.9819204 -0.1803027 -0.05016052
0.03204904 -0.9836644 -0.173427 -0.03606094
0.03568281 -0.9851511 -0.1665013 -0.02194301
0.03930177 -0.9863773 -0.1595424 -0.007840528
0.04289734 -0.9873421 -0.1525672 0.006212761
0.04646114 -0.9880469 -0.1455929 0.02018349
0.04998499 -0.9884952 -0.1386367 0.03403879
0.05346102 -0.9886926 -0.1317158 0.04774649
0.05688161 -0.9886471 -0.1248473 0.06127529
0.06023954 -0.9883681 -0.118048 0.07459502
0.06352796 -0.9878672 -0.1113344 0.08767663
0.06674042 -0.9871576 -0.1047227 0.1004926
0.06987087 -0.9862538 -0.0982285 0.1130164
0.07291374 -0.9851716 -0.09186676 0.1252236
0.07586381 -0.9839281 -0.08565205 0.1370908
0.0787164 -0.9825411 -0.07959813 0.1485962
0.08146713 -0.9810293 -0.07371825 0.1597197
0.08411209 -0.9794116 -0.06802484 0.1704427
0.08664772 -0.9777078 -0.06252979 0.1807476
0.08907082 -0.9759375 -0.05724428 0.1906188
0.09137847 -0.9741206 -0.05217894 0.2000413
0.09356808 -0.9722767 -0.04734374 0.2090017
0.0956373 -0.9704254 -0.04274812 0.2174874
0.09758393 -0.9685858 -0.0384011 0.2254866
0.099406 -0.966777 -0.0343112 0.2329883
0.1011016 -0.965017 -0.03048662 0.239982
0.102669 -0.9633235 -0.02693527 0.2464578
0.1041063 -0.9617137 -0.02366476 0.2524058
0.1054118 -0.9602039 -0.02068271 0.2578161
0.1065836 -0.9588096 -0.01799654 0.262679
0.1076199 -0.9575456 -0.01561374 0.2669842
0.1085184 -0.9564259 -0.01354186 0.2707212
0.1092769 -0.9554633 -0.01178865 0.2738787
0.1098928 -0.9546698 -0.01036209 0.2764448
0.1103634 -0.9540566 -0.009270635 0.2784063
0.1106854 -0.9536334 -0.008522824 0.2797491
0.1108552 -0.9534089 -0.008127998 0.2804577
0.1108825 -0.9533728 -0.008064569 0.2805716
-0.1106324 0.953315 0.008051475 -0.2808671
-0.109891 0.9531427 0.008012676 -0.2817423
-0.1086712 0.9528567 0.007948835 -0.2831814
-0.1069847 0.9524555 0.007860559 -0.2851683
-0.1048429 0.9519368 0.007748423 -0.2876877
-0.102256 0.9512966 0.007612956 -0.2907243
-0.09923413 0.9505294 0.007454658 -0.2942632
-0.09578668 0.9496291 0.007274009 -0.2982893
-0.0919229 0.9485884 0.007071467 -0.3027875
-0.0876518 0.947399 0.006847475 -0.3077426
-0.08298229 0.946052 0.006602478 -0.3131392
-0.07792342 0.9445376 0.006336917 -0.3189615
-0.07248431 0.9428461 0.006051241 -0.3251933
-0.0666744 0.9409668 0.005745914 -0.3318177
-0.06050353 0.9388891 0.005421418 -0.3388175
-0.053982 0.9366021 0.005078259 -0.3461746
-0.04712066 0.9340949 0.004716974 -0.3538702
-0.03993113 0.9313571 0.004338139 -0.3618848
-0.03242571 0.9283784 0.003942363 -0.3701981
-0.02461755 0.925149 0.003530306 -0.3787887
-0.0165207 0.9216598 0.00310267 -0.3876348
-0.008150173 0.9179026 0.002660215 -0.3967132
0.0004780816 0.9138702 0.002203748 -0.4060004
0.009347144 0.9095564 0.00173413 -0.4154719
0.018439 0.9049565 0.001252281 -0.4251025
0.02773473 0.9000674 0.000759173 -0.4348665
0.03721444 0.8948874 0.0002558323 -0.4447376
0.0468574 0.8894166 -0.0002566682 -0.4546894
0.05664203 0.8836571 -0.000777206 -0.4646948
0.06654592 0.8776128 -0.001304611 -0.4747271
0.07654622 0.8712897 -0.001837688 -0.4847594
0.08661939 0.8646958 -0.002375196 -0.4947652
0.09674166 0.8578414 -0.00291588 -0.5047184
0.1068889 0.8507387 -0.003458462 -0.5145935
0.1170369 0.843402 -0.004001655 -0.5243658
0.1271616 0.8358474 -0.004544176 -0.5340116
0.1372392 0.8280931 -0.005084743 -0.5435084
0.1472461 0.8201591 -0.005622088 -0.5528346
0.1571593 0.8120669 -0.00615497 -0.5619703
0.1669565 0.8038392 -0.006682177 -0.570897
0.1766161 0.7955005 -0.007202532 -0.5795979
0.1861174 0.7870762 -0.007714903 -0.5880577
0.1954408 0.7785925 -0.008218207 -0.5962626
0.2045676 0.7700764 -0.008711412 -0.6042009
0.2134802 0.7615553 -0.009193549 -0.6118621
0.2221624 0.7530572 -0.009663695 -0.6192375
0.230599 0.7446102 -0.01012101 -0.6263204
0.238776 0.7362422 -0.01056469 -0.633105
0.2466805 0.7279808 -0.010994 -0.6395872
0.2543008 0.7198538 -0.01140828 -0.6457642
0.2616265 0.7118881 -0.01180691 -0.6516345
0.2686478 0.7041103 -0.01218933 -0.6571975
0.2753562 0.6965463 -0.01255503 -0.6624536
0.2817439 0.6892212 -0.01290354 -0.6674039
0.2878037 0.6821598 -0.01323445 -0.6720505
0.2935295 0.6753857 -0.01354736 -0.6763957
0.2989153 0.668922 -0.01384191 -0.6804421
0.3039559 0.6627908 -0.01411778 -0.6841928
0.3086461 0.6570138 -0.01437465 -0.687651
0.312981 0.6516118 -0.01461222 -0.6908194
0.316956 0.6466049 -0.01483019 -0.693701
0.3205661 0.6420128 -0.01502826 -0.6962981
0.3238064 0.6378543 -0.01520613 -0.698613
0.3266715 0.6341481 -0.01536348 -0.7006468
0.3291556 0.6309122 -0.01549996 -0.7024003
0.3312526 0.6281644 -0.01561521 -0.7038732
0.3329554 0.625922 -0.01570882 -0.7050643
0.3342561 0.6242023 -0.01578035 -0.7059712
0.3351462 0.6230221 -0.0158293 -0.7065904
0.3356158 0.6223984 -0.01585513 -0.7069165
0.3356913 0.6222981 -0.01585928 -0.7069688
-0.3355343 -0.6224146 0.01604329 0.7069367
-0.3350691 -0.6227593 0.01658843 0.7068412
-0.3343039 -0.6233251 0.01748455 0.7066831
-0.3332464 -0.6241046 0.01872173 0.7064629
-0.3319041 -0.6250898 0.02029023 0.7061803
-0.330284 -0.6262729 0.02218045 0.7058348
-0.3283929 -0.6276454 0.02438293 0.7054253
-0.3262373 -0.6291988 0.02688826 0.7049505
-0.3238235 -0.6309244 0.0296871 0.7044086
-0.3211578 -0.6328133 0.03277012 0.7037978
-0.3182464 -0.634856 0.03612792 0.7031159
-0.3150952 -0.6370435 0.0397511 0.7023606
-0.3117106 -0.6393661 0.04363013 0.7015297
-0.3080985 -0.6418143 0.04775539 0.7006205
-0.3042654 -0.6443781 0.05211708 0.6996307
-0.3002177 -0.6470478 0.05670526 0.6985579
-0.2959619 -0.6498131 0.06150978 0.6973995
-0.291505 -0.6526641 0.06652029 0.6961533
-0.2868538 -0.6555907 0.0717262 0.6948173
-0.2820159 -0.6585827 0.07711669 0.6933894
-0.2769989 -0.66163 0.08268075 0.6918679
-0.2718107 -0.6647225 0.08840699 0.6902515
-0.2664596 -0.6678501 0.09428391 0.688539
-0.2609543 -0.671003 0.1002997 0.6867297
-0.2553038 -0.6741716 0.1064424 0.6848232
-0.2495176 -0.677346 0.1126997 0.6828193
-0.2436053 -0.680517 0.1190592 0.6807188
-0.2375773 -0.6836755 0.1255082 0.6785225
-0.2314438 -0.6868126 0.132034 0.6762316
-0.2252158 -0.6899201 0.1386237 0.6738483
-0.2189044 -0.6929898 0.1452644 0.671375
-0.2125211 -0.696014 0.1519429 0.6688144
-0.2060777 -0.6989854 0.1586461 0.6661702
-0.1995861 -0.7018973 0.1653611 0.6634465
-0.1930586 -0.7047434 0.1720747 0.6606477
-0.1865076 -0.707518 0.1787741 0.6577789
-0.1799456 -0.7102158 0.1854464 0.6548456
-0.1733855 -0.7128321 0.1920789 0.651854
-0.1668399 -0.7153628 0.1986593 0.6488105
-0.1603216 -0.7178042 0.2051752 0.6457223
-0.1538436 -0.7201536 0.2116147 0.6425965
-0.1474186 -0.7224082 0.217966 0.6394412
-0.1410593 -0.7245664 0.2242179 0.6362643
-0.1347785 -0.7266266 0.2303591 0.6330744
-0.1285886 -0.7285883 0.2363791 0.6298802
-0.1225021 -0.7304507 0.2422674 0.6266909
-0.1165311 -0.7322144 0.248014 0.6235155
-0.1106878 -0.7338797 0.2536094 0.6203636
-0.1049838 -0.7354478 0.2590443 0.6172447
-0.09943082 -0.7369199 0.2643097 0.6141686
-0.09404018 -0.7382978 0.2693971 0.6111448
-0.08882304 -0.7395836 0.2742984 0.6081834
-0.08379022 -0.7407795 0.2790056 0.6052942
-0.07895245 -0.741888 0.2835111 0.6024867
-0.07432016 -0.7429119 0.2878076 0.599771
-0.06990348 -0.7438539 0.2918881 0.5971568
-0.06571256 -0.7447171 0.2957456 0.5946535
-0.06175713 -0.7455044 0.2993734 0.592271
-0.05804696 -0.7462187 0.302765 0.5900184
-0.05459152 -0.7468629 0.3059137 0.5879051
-0.0514003 -0.7474399 0.3088133 0.5859402
-0.04848267 -0.7479523 0.3114572 0.5841328
-0.04584792 -0.7484028 0.313839 0.5824915
-0.04350532 -0.7487934 0.3159521 0.581025
-0.04146416 -0.7491262 0.3177896 0.5797417
-0.03973386 -0.7494028 0.3193448 0.5786498
-0.03832379 -0.7496245 0.3206104 0.5777572
-0.03724359 -0.7497921 0.3215789 0.5770718
-0.03650283 -0.7499058 0.3222424 0.576601
-0.03611154 -0.7499656 0.3225928 0.5763519
-0.03604865 -0.7499751 0.3226491 0.5763119
0.03603783 0.7498403 -0.3230932 -0.5762393
0.03600563 0.7494395 -0.3244093 -0.5760232
0.0359525 0.7487766 -0.3265742 -0.5756652
0.03587869 0.7478531 -0.329566 -0.575165
0.03578435 0.7466685 -0.3333639 -0.5745208
0.03566955 0.7452204 -0.3379478 -0.5737296
0.0355342 0.7435043 -0.3432982 -0.5727871
0.03537818 0.7415145 -0.3493962 -0.5716877
0.0352013 0.7392439 -0.3562229 -0.570425
0.03500325 0.7366837 -0.3637591 -0.5689914
0.03478372 0.7338246 -0.3719856 -0.5673784
0.03454234 0.7306558 -0.3808822 -0.5655773
0.03427869 0.7271661 -0.390428 -0.5635782
0.03399237 0.7233437 -0.4006009 -0.561371
0.03368293 0.7191763 -0.4113775 -0.5589451
0.03334995 0.7146514 -0.4227326 -0.5562898
0.03299304 0.7097569 -0.4346395 -0.5533943
0.03261181 0.7044806 -0.447069 -0.550248
0.03220595 0.6988113 -0.4599904 -0.5468404
0.03177521 0.6927384 -0.47337 -0.5431617
0.0313194 0.6862525 -0.4871724 -0.5392028
0.03083846 0.6793458 -0.501359 -0.5349556
0.03033242 0.6720122 -0.5158894 -0.5304127
0.02980144 0.6642476 -0.5307209 -0.5255687
0.02924583 0.6560503 -0.5458081 -0.5204195
0.02866603 0.6474211 -0.5611038 -0.5149629
0.02806268 0.6383641 -0.5765592 -0.5091986
0.02743657 0.6288859 -0.5921243 -0.5031288
0.02678867 0.6189969 -0.6077475 -0.4967577
0.02612014 0.6087106 -0.6233768 -0.4900922
0.0254323 0.598044 -0.6389604 -0.4831419
0.02472668 0.5870178 -0.6544465 -0.4759187
0.02400494 0.5756555 -0.6697845 -0.468437
0.02326892 0.5639846 -0.6849251 -0.4607142
0.0225206 0.5520352 -0.6998211 -0.4527697
0.02176208 0.5398404 -0.7144279 -0.4446252
0.02099557 0.5274358 -0.7287036 -0.4363047
0.02022335 0.5148592 -0.7426099 -0.4278337
0.01944778 0.5021501 -0.7561121 -0.4192394
0.01867123 0.4893492 -0.7691796 -0.4105503
0.01789609 0.4764983 -0.7817861 -0.4017956
0.01712475 0.4636398 -0.7939092 -0.3930053
0.01635955 0.4508157 -0.8055312 -0.3842096
0.01560277 0.4380682 -0.8166386 -0.3754389
0.01485664 0.4254381 -0.8272219 -0.366723
0.01412327 0.4129658 -0.8372756 -0.3580914
0.01340469 0.4006898 -0.8467981 -0.3495726
0.01270281 0.3886476 -0.8557909 -0.3411945
0.01201943 0.3768744 -0.8642588 -0.3329836
0.01135621 0.3654039 -0.8722091 -0.3249652
0.01071472 0.3542675 -0.8796517 -0.3171633
0.01009637 0.343495 -0.8865983 -0.3096007
0.009502496 0.3331138 -0.8930624 -0.3022987
0.008934284 0.3231497 -0.8990583 -0.2952771
0.008392844 0.3136265 -0.9046017 -0.2885547
0.007879181 0.3045664 -0.9097084 -0.2821488
0.007394226 0.2959899 -0.9143946 -0.2760758
0.006938827 0.2879163 -0.9186765 -0.2703509
0.006513786 0.2803636 -0.9225698 -0.2649883
0.006119842 0.2733487 -0.9260898 -0.2600017
0.005757713 0.2668877 -0.9292507 -0.2554038
0.005428088 0.2609963 -0.9320657 -0.2512071
0.005131646 0.2556894 -0.9345471 -0.2474234
0.004869074 0.2509823 -0.9367052 -0.2440647
0.00464107 0.2468898 -0.938549 -0.2411426
0.004448357 0.2434272 -0.9400855 -0.2386687
0.004291708 0.24061 -0.9413198 -0.236655
0.004171947 0.2384547 -0.9422545 -0.2351138
0.004089944 0.2369782 -0.94289 -0.2340577
0.004046666 0.2361987 -0.943224 -0.2335001
0.004039712 0.2360734 -0.9432776 -0.2334104
0.004075059 0.2359813 -0.9432909 -0.2334493
0.004179748 0.2357084 -0.9433302 -0.2335644
0.004351771 0.2352599 -0.9433945 -0.2337535
0.004589121 0.234641 -0.9434829 -0.2340143
0.0048898 0.2338567 -0.943594 -0.2343445
0.005251811 0.2329122 -0.943727 -0.2347419
0.005673162 0.2318125 -0.9438802 -0.235204
0.006151861 0.2305627 -0.9440525 -0.2357285
0.006685918 0.2291677 -0.9442424 -0.2363132
0.007273344 0.2276326 -0.9444483 -0.2369556
0.007912151 0.2259623 -0.9446689 -0.2376533
0.008600339 0.2241618 -0.9449027 -0.2384041
0.009335919 0.2222362 -0.945148 -0.2392054
0.01011689 0.2201905 -0.9454033 -0.2400549
0.01094125 0.2180296 -0.9456672 -0.2409503
0.01180698 0.2157585 -0.9459379 -0.241889
0.01271208 0.2133824 -0.9462141 -0.2428688
0.01365452 0.2109063 -0.9464942 -0.2438871
0.01463229 0.2083353 -0.9467766 -0.2449417
0.01564334 0.2056745 -0.9470599 -0.24603
0.01668564 0.202929 -0.9473429 -0.2471497
0.01775715 0.200104 -0.9476238 -0.2482985
0.0188558 0.1972047 -0.9479017 -0.2494738
0.01997956 0.1942364 -0.9481751 -0.2506733
0.02112634 0.1912043 -0.9484428 -0.2518947
0.02229409 0.1881137 -0.9487036 -0.2531356
0.02348072 0.1849699 -0.9489566 -0.2543936
0.02468417 0.1817783 -0.9492007 -0.2556664
0.02590236 0.1785443 -0.9494351 -0.2569517
0.02713317 0.1752734 -0.9496586 -0.258247
0.02837455 0.1719708 -0.9498708 -0.2595503
0.0296244 0.1686422 -0.9500709 -0.2608592
0.03088063 0.165293 -0.9502583 -0.2621714
0.03214114 0.1619287 -0.9504324 -0.2634847
0.03340386 0.158555 -0.9505931 -0.264797
0.03466669 0.1551773 -0.9507397 -0.2661059
0.03592756 0.1518011 -0.9508721 -0.2674094
0.03718438 0.1484322 -0.9509903 -0.2687055
0.03843507 0.1450761 -0.9510942 -0.2699918
0.03967758 0.1417384 -0.9511837 -0.2712664
0.04090984 0.1384247 -0.9512592 -0.2725272
0.04212978 0.1351407 -0.9513206 -0.2737722
0.04333538 0.1318919 -0.9513685 -0.2749995
0.04452458 0.128684 -0.9514031 -0.276207
0.04569536 0.1255226 -0.9514249 -0.2773928
0.04684569 0.1224133 -0.9514345 -0.278555
0.04797358 0.1193617 -0.9514325 -0.2796918
0.04907701 0.1163734 -0.9514197 -0.2808012
0.050154 0.113454 -0.9513966 -0.2818815
0.05120255 0.110609 -0.9513643 -0.282931
0.05222072 0.1078441 -0.9513235 -0.2839476
0.05320653 0.1051646 -0.9512752 -0.2849299
0.05415804 0.1025763 -0.9512203 -0.2858759
0.05507331 0.1000845 -0.9511598 -0.2867841
0.0559504 0.09769487 -0.9510947 -0.2876526
0.05678738 0.09541278 -0.9510263 -0.28848
0.05758234 0.09324374 -0.9509553 -0.2892643
0.05833336 0.09119321 -0.9508832 -0.290004
0.05903855 0.08926662 -0.9508107 -0.2906974
0.05969598 0.08746943 -0.9507391 -0.2913429
0.06030377 0.08580703 -0.9506695 -0.2919388
0.06086 0.08428489 -0.9506028 -0.2924834
0.06136279 0.08290836 -0.9505401 -0.2929751
0.06181021 0.08168291 -0.9504824 -0.2934122
0.06220037 0.08061387 -0.9504305 -0.293793
0.06253137 0.07970671 -0.9503855 -0.2941158
0.06280127 0.07896678 -0.950348 -0.2943788
0.06300813 0.07839956 -0.9503189 -0.2945803
0.06315004 0.0780104 -0.9502987 -0.2947185
0.06322502 0.07780474 -0.9502879 -0.2947915
0.06323707 0.07777169 -0.9502861 -0.2948032
0.06318662 0.07782286 -0.9502757 -0.2948342
0.0630372 0.07797441 -0.9502447 -0.2949261
0.06279168 0.07822341 -0.9501936 -0.2950771
0.06245291 0.07856695 -0.9501229 -0.2952853
0.06202376 0.07900207 -0.9500329 -0.295549
0.06150706 0.0795259 -0.9499241 -0.2958662
0.06090566 0.08013546 -0.9497966 -0.2962351
0.06022239 0.08082784 -0.9496508 -0.2966539
0.05946011 0.08160011 -0.9494869 -0.2971207
0.05862162 0.08244935 -0.9493049 -0.2976336
0.05770977 0.08337262 -0.9491053 -0.2981908
0.05672739 0.08436698 -0.9488881 -0.2987902
0.05567731 0.08542949 -0.9486535 -0.2994302
0.05456237 0.08655721 -0.9484016 -0.3001086
0.05338541 0.0877472 -0.9481327 -0.3008237
0.05214928 0.0889965 -0.9478468 -0.3015735
0.05085681 0.09030216 -0.9475442 -0.3023562
0.04951087 0.09166123 -0.9472249 -0.3031698
0.04811432 0.09307074 -0.9468893 -0.3040124
0.04667003 0.09452773 -0.9465376 -0.3048822
0.04518085 0.09602924 -0.9461699 -0.3057772
0.04364969 0.0975723 -0.9457865 -0.3066956
0.04207942 0.09915392 -0.9453879 -0.3076355
0.04047292 0.1007711 -0.9449742 -0.308595
0.03883312 0.102421 -0.9445459 -0.3095722
0.03716291 0.1041005 -0.9441034 -0.3105654
0.03546521 0.1058066 -0.9436471 -0.3115725
0.03374294 0.1075364 -0.9431775 -0.3125918
0.03199902 0.1092869 -0.9426951 -0.3136215
0.0302364 0.1110552 -0.9422005 -0.3146597
0.02845799 0.1128381 -0.9416944 -0.3157048
0.02666675 0.1146329 -0.9411773 -0.3167547
0.02486562 0.1164365 -0.94065 -0.3178078
0.02305756 0.1182458 -0.9401134 -0.3188624
0.02124551 0.1200581 -0.939568 -0.3199166
0.01943242 0.1218702 -0.939015 -0.3209688
0.01762125 0.1236793 -0.938455 -0.3220172
0.01581496 0.1254824 -0.9378893 -0.3230602
0.0140165 0.1272766 -0.9373185 -0.324096
0.01222882 0.1290589 -0.936744 -0.325123
0.01045488 0.1308265 -0.9361667 -0.3261396
0.008697635 0.1325763 -0.9355879 -0.3271441
0.006960025 0.1343056 -0.9350086 -0.328135
0.005245 0.1360113 -0.9344301 -0.3291106
0.003555493 0.1376907 -0.9338538 -0.3300693
0.001894453 0.1393408 -0.9332808 -0.3310097
0.0002647959 0.1409589 -0.9327127 -0.3319301
-0.001330542 0.142542 -0.9321507 -0.3328291
-0.002888639 0.1440873 -0.9315962 -0.3337051
-0.004406571 0.145592 -0.9310507 -0.3345566
-0.005881449 0.1470532 -0.9305157 -0.3353823
-0.007310354 0.1484682 -0.9299927 -0.3361805
-0.008690401 0.1498341 -0.9294832 -0.3369498
-0.01001867 0.1511481 -0.9289888 -0.3376889
-0.01129231 0.1524076 -0.9285109 -0.3383962
-0.01250841 0.1536096 -0.9280512 -0.3390703
-0.0136641 0.1547515 -0.9276112 -0.3397099
-0.01475651 0.1558304 -0.9271925 -0.3403134
-0.01578277 0.1568436 -0.9267967 -0.3408795
-0.01674001 0.1577883 -0.9264255 -0.3414068
-0.01762537 0.1586618 -0.9260802 -0.3418938
-0.01843598 0.1594613 -0.9257625 -0.3423391
-0.01916899 0.1601841 -0.9254739 -0.3427414
-0.01982152 0.1608274 -0.925216 -0.3430991
-0.02039073 0.1613884 -0.9249903 -0.3434109
-0.02087373 0.1618644 -0.9247981 -0.3436752
