-0.04192184 0.5701143 -0.1076344 0.8134047
-0.04190487 0.5707632 -0.1067642 0.8130651
-0.04188076 0.5716801 -0.1055328 0.8125828
-0.04184964 0.5728559 -0.1039503 0.81196
-0.04181156 0.5742816 -0.1020266 0.8111985
-0.04176662 0.5759476 -0.0997714 0.8102997
-0.04171483 0.5778446 -0.09719435 0.8092644
-0.04165623 0.5799628 -0.09430494 0.8080932
-0.04159084 0.5822923 -0.09111264 0.8067865
-0.04151864 0.5848231 -0.08762688 0.8053445
-0.04143964 0.587545 -0.08385713 0.8037672
-0.04135383 0.5904477 -0.07981293 0.8020544
-0.04126119 0.5935208 -0.07550388 0.8002061
-0.0411617 0.5967536 -0.07093973 0.798222
-0.04105537 0.6001355 -0.06613038 0.7961022
-0.04094217 0.6036556 -0.06108588 0.7938464
-0.04082212 0.6073031 -0.05581652 0.7914551
-0.04069522 0.6110668 -0.05033276 0.7889283
-0.04056148 0.6149358 -0.04464532 0.7862668
-0.04042096 0.618899 -0.03876521 0.7834714
-0.04027371 0.6229452 -0.03270362 0.7805432
-0.04011978 0.6270636 -0.02647204 0.7774837
-0.03995928 0.6312428 -0.02008225 0.7742949
-0.0397923 0.6354721 -0.01354625 0.7709788
-0.039619 0.6397405 -0.006876304 0.7675384
-0.03943951 0.6440371 -8.491576E-05 0.7639769
-0.03925404 0.6483517 0.006815183 0.7602979
-0.03906277 0.6526735 0.01381101 0.7565055
-0.03886596 0.6569927 0.02088946 0.7526046
-0.03866385 0.6612991 0.0280372 0.7486004
-0.03845674 0.6655834 0.03524083 0.7444985
-0.03824494 0.6698361 0.04248675 0.7403053
-0.03802879 0.6740483 0.04976133 0.7360275
-0.03780868 0.6782116 0.05705095 0.7316726
-0.03758497 0.6823177 0.06434189 0.7272483
-0.0373581 0.6863592 0.0716205 0.7227627
-0.03712852 0.6903285 0.07887312 0.718225
-0.03689668 0.6942191 0.0860863 0.713644
-0.03666307 0.6980245 0.09324662 0.7090294
-0.03642821 0.701739 0.1003408 0.7043914
-0.03619261 0.7053573 0.1073559 0.6997399
-0.03595682 0.7088745 0.1142789 0.6950859
-0.03572139 0.7122862 0.1210973 0.6904403
-0.03548689 0.7155886 0.1277987 0.6858142
-0.0352539 0.7187784 0.134371 0.681219
-0.03502302 0.7218524 0.1408025 0.6766662
-0.03479483 0.7248083 0.1470814 0.6721676
-0.03456993 0.727644 0.1531968 0.6677349
-0.03434895 0.7303576 0.1591376 0.6633801
-0.03413249 0.7329479 0.1648932 0.6591151
-0.03392114 0.7354137 0.1704532 0.6549517
-0.03371553 0.7377545 0.1758078 0.6509019
-0.03351625 0.7399695 0.180947 0.6469777
-0.03332392 0.7420586 0.1858613 0.6431906
-0.03313912 0.7440217 0.1905415 0.6395526
-0.03296247 0.7458587 0.1949784 0.6360753
-0.03279454 0.7475699 0.1991631 0.63277
-0.03263592 0.7491552 0.2030869 0.6296484
-0.03248718 0.7506151 0.206741 0.6267215
-0.03234888 0.7519494 0.2101169 0.6240004
-0.0322216 0.7531583 0.213206 0.6214963
-0.03210587 0.7542416 0.2159997 0.6192197
-0.03200224 0.755199 0.2184895 0.6171812
-0.03191125 0.75603 0.2206667 0.6153914
-0.03183341 0.7567337 0.2225223 0.6138604
-0.03176924 0.7573089 0.2240475 0.6125984
-0.03171925 0.757754 0.2252329 0.611615
-0.03168391 0.7580669 0.2260691 0.6109202
-0.03166373 0.7582451 0.2265463 0.6105232
-0.0316588 0.7582885 0.2266627 0.6104263
0.03157857 -0.7582594 -0.226533 -0.6105148
0.03134091 -0.7581731 -0.2261487 -0.6107767
0.0309503 -0.7580307 -0.225517 -0.6112067
0.03041121 -0.7578333 -0.2246449 -0.6117995
0.02972803 -0.7575816 -0.2235393 -0.6125492
0.02890513 -0.7572761 -0.2222071 -0.6134505
0.02794684 -0.7569172 -0.220655 -0.6144972
0.02685747 -0.756505 -0.2188897 -0.6156835
0.02564133 -0.7560397 -0.2169176 -0.6170034
0.02430271 -0.7555213 -0.2147455 -0.6184508
0.0228459 -0.7549495 -0.2123798 -0.6200194
0.02127521 -0.7543243 -0.2098272 -0.6217031
0.01959496 -0.7536454 -0.2070941 -0.6234956
0.01780948 -0.7529125 -0.2041872 -0.6253905
0.01592315 -0.7521255 -0.201113 -0.6273813
0.01394036 -0.7512841 -0.1978784 -0.6294618
0.01186555 -0.7503881 -0.19449 -0.6316253
0.009703192 -0.7494375 -0.1909546 -0.6338656
0.007457815 -0.7484322 -0.1872793 -0.6361762
0.005133977 -0.7473722 -0.1834709 -0.6385506
0.002736284 -0.7462577 -0.1795366 -0.6409825
0.0002694109 -0.7450889 -0.1754836 -0.6434655
-0.002261937 -0.7438664 -0.1713192 -0.6459933
-0.004853015 -0.7425907 -0.1670508 -0.6485597
-0.007499003 -0.7412624 -0.1626859 -0.6511583
-0.01019506 -0.7398824 -0.1582323 -0.6537834
-0.01293628 -0.7384519 -0.1536976 -0.6564286
-0.01571775 -0.7369721 -0.1490896 -0.6590883
-0.0185345 -0.7354445 -0.1444164 -0.6617566
-0.02138151 -0.7338708 -0.139686 -0.6644278
-0.02425379 -0.7322528 -0.1349065 -0.6670966
-0.02714627 -0.7305926 -0.1300861 -0.6697576
-0.0300539 -0.7288925 -0.1252332 -0.6724055
-0.03297161 -0.7271551 -0.120356 -0.6750354
-0.0358943 -0.725383 -0.1154631 -0.6776425
-0.03881694 -0.7235793 -0.1105628 -0.6802222
-0.04173445 -0.7217471 -0.1056637 -0.6827698
-0.04464177 -0.7198896 -0.1007742 -0.6852814
-0.04753389 -0.7180107 -0.09590301 -0.6877527
-0.0504058 -0.7161139 -0.09105856 -0.6901801
-0.05325254 -0.7142032 -0.08624939 -0.6925598
-0.05606917 -0.7122827 -0.08148405 -0.6948885
-0.05885081 -0.7103568 -0.07677102 -0.6971629
-0.06159261 -0.7084299 -0.07211877 -0.69938
-0.0642898 -0.7065066 -0.06753571 -0.7015371
-0.06693762 -0.7045916 -0.0630302 -0.7036314
-0.06953143 -0.7026899 -0.05861055 -0.7056608
-0.07206657 -0.7008064 -0.05428505 -0.7076228
-0.07453849 -0.6989462 -0.05006182 -0.7095154
-0.07694269 -0.6971145 -0.04594902 -0.7113367
-0.07927474 -0.6953165 -0.04195465 -0.7130851
-0.08153025 -0.6935576 -0.03808672 -0.7147588
-0.0837049 -0.6918431 -0.03435306 -0.7163564
-0.0857944 -0.6901785 -0.03076153 -0.7178766
-0.08779454 -0.6885691 -0.02731986 -0.719318
-0.08970118 -0.6870205 -0.02403571 -0.7206795
-0.09151009 -0.6855381 -0.02091672 -0.7219598
-0.09321729 -0.6841273 -0.01797043 -0.7231579
-0.09481864 -0.6827937 -0.01520436 -0.7242728
-0.09631009 -0.6815423 -0.01262594 -0.7253034
-0.09768764 -0.6803789 -0.01024262 -0.7262486
-0.09894725 -0.6793084 -0.008061824 -0.727107
-0.1000849 -0.6783361 -0.006090885 -0.7278777
-0.1010965 -0.6774673 -0.00433725 -0.7285594
-0.1019781 -0.6767068 -0.002808266 -0.7291505
-0.1027256 -0.6760597 -0.001511348 -0.7296496
-0.1033348 -0.6755305 -0.0004539401 -0.730055
-0.1038015 -0.6751241 0.0003564254 -0.7303647
-0.1041216 -0.674845 0.0009122819 -0.7305766
-0.1042907 -0.6746973 0.001205977 -0.7306885
-0.1043179 -0.6746736 0.001253188 -0.7307065
-0.1042461 -0.6747083 0.001350954 -0.7306843
-0.1040336 -0.6748113 0.001640538 -0.730619
-0.1036843 -0.6749803 0.002116392 -0.7305112
-0.1032023 -0.6752131 0.002772996 -0.7303622
-0.1025915 -0.6755073 0.003604848 -0.7301725
-0.1018559 -0.6758605 0.004606468 -0.729943
-0.1009995 -0.6762701 0.005772388 -0.7296743
-0.100026 -0.6767337 0.007097146 -0.7293668
-0.09893945 -0.6772485 0.008575289 -0.7290212
-0.0977437 -0.6778119 0.01020136 -0.7286379
-0.09644265 -0.6784213 0.01196991 -0.7282171
-0.09504016 -0.6790738 0.01387547 -0.7277594
-0.09354014 -0.6797666 0.01591256 -0.727265
-0.09194649 -0.6804971 0.0180757 -0.7267344
-0.09026311 -0.6812624 0.02035937 -0.7261679
-0.08849395 -0.6820597 0.02275805 -0.7255657
-0.08664292 -0.6828862 0.0252662 -0.7249283
-0.08471403 -0.6837393 0.02787824 -0.7242561
-0.08271123 -0.6846162 0.03058858 -0.7235495
-0.08063856 -0.685514 0.03339159 -0.7228091
-0.07850005 -0.6864302 0.03628163 -0.7220354
-0.07629976 -0.6873621 0.03925302 -0.7212288
-0.07404179 -0.6883069 0.04230005 -0.7203903
-0.07173026 -0.6892624 0.04541702 -0.7195203
-0.06936932 -0.6902258 0.04859815 -0.7186198
-0.06696316 -0.6911948 0.05183767 -0.7176897
-0.06451599 -0.6921671 0.05512979 -0.7167309
-0.062032 -0.6931402 0.0584687 -0.7157444
-0.05951548 -0.6941121 0.06184857 -0.7147315
-0.05697071 -0.6950804 0.06526353 -0.7136934
-0.05440198 -0.6960433 0.06870776 -0.7126313
-0.05181362 -0.6969987 0.07217538 -0.711547
-0.04920995 -0.6979446 0.07566053 -0.7104416
-0.04659534 -0.6988793 0.07915732 -0.709317
-0.04397416 -0.6998013 0.0826599 -0.708175
-0.04135075 -0.7007087 0.08616243 -0.7070172
-0.03872953 -0.7016003 0.08965907 -0.7058459
-0.03611485 -0.7024744 0.09314395 -0.7046629
-0.03351112 -0.7033298 0.09661127 -0.7034703
-0.03092273 -0.7041654 0.1000553 -0.7022705
-0.02835403 -0.70498 0.1034701 -0.7010657
-0.02580943 -0.7057727 0.1068501 -0.6998584
-0.02329327 -0.7065424 0.1101896 -0.6986511
-0.02080992 -0.7072885 0.1134828 -0.6974465
-0.01836372 -0.7080101 0.1167242 -0.696247
-0.01595899 -0.7087068 0.119908 -0.6950555
-0.01360002 -0.7093777 0.1230288 -0.6938748
-0.01129113 -0.7100226 0.126081 -0.6927078
-0.009036563 -0.710641 0.1290592 -0.6915573
-0.006840609 -0.7112325 0.1319578 -0.6904264
-0.004707447 -0.7117971 0.1347716 -0.6893181
-0.002641329 -0.7123344 0.137495 -0.6882354
-0.000646412 -0.7128443 0.1401228 -0.6871815
0.001273132 -0.7133266 0.1426497 -0.6861594
0.003113149 -0.7137814 0.1450704 -0.6851724
0.00486953 -0.7142085 0.1473797 -0.6842235
0.006538134 -0.714608 0.1495723 -0.683316
0.008114906 -0.7149799 0.1516432 -0.682453
0.009595731 -0.7153243 0.153587 -0.6816378
0.01097657 -0.7156411 0.1553988 -0.6808735
0.01225336 -0.7159302 0.1570733 -0.6801631
0.01342203 -0.7161917 0.1586054 -0.6795099
0.01447855 -0.7164255 0.1599899 -0.6789168
0.01541886 -0.7166316 0.1612218 -0.678387
0.01623892 -0.7168097 0.1622958 -0.6779235
0.01693466 -0.7169597 0.1632068 -0.6775291
0.01750203 -0.7170812 0.1639494 -0.6772067
0.01793691 -0.7171739 0.1645186 -0.6769591
0.01823525 -0.7172371 0.1649091 -0.676789
0.01839288 -0.7172705 0.1651153 -0.6766991
0.01841822 -0.7172759 0.1651485 -0.6766846
-0.01843202 0.7175307 -0.1654501 0.6763404
-0.01847292 0.718285 -0.1663442 0.6753184
-0.01854019 0.7195237 -0.167816 0.6736317
-0.01863312 0.721231 -0.169852 0.671289
-0.01875105 0.7233906 -0.1724399 0.6682954
-0.01889332 0.7259857 -0.1755685 0.6646529
-0.01905929 0.7289985 -0.1792273 0.6603602
-0.0192483 0.7324105 -0.1834062 0.6554133
-0.0194597 0.7362019 -0.1880957 0.6498062
-0.01969282 0.7403522 -0.1932864 0.6435304
-0.01994696 0.7448388 -0.1989685 0.6365758
-0.02022136 0.7496384 -0.205132 0.628931
-0.02051522 0.7547251 -0.2117663 0.6205837
-0.0208277 0.7600718 -0.2188598 0.6115206
-0.02115784 0.765649 -0.2263997 0.6017286
-0.02150464 0.7714251 -0.2343717 0.5911943
-0.02186699 0.7773666 -0.2427602 0.5799057
-0.02224368 0.7834371 -0.251547 0.5678517
-0.02263338 0.7895987 -0.2607124 0.5550232
-0.02303468 0.7958108 -0.2702338 0.5414134
-0.02344601 0.8020307 -0.2800864 0.5270185
-0.02386574 0.8082145 -0.2902426 0.5118389
-0.02429209 0.814316 -0.3006721 0.4958787
-0.02472319 0.8202885 -0.3113417 0.4791471
-0.02515708 0.8260843 -0.3222158 0.4616589
-0.02559171 0.8316556 -0.333256 0.4434349
-0.02602499 0.8369554 -0.3444217 0.4245022
-0.02645479 0.8419378 -0.3556706 0.4048943
-0.02687896 0.8465589 -0.3669583 0.3846519
-0.02729537 0.8507779 -0.3782396 0.3638226
-0.02770197 0.854557 -0.3894688 0.3424602
-0.02809675 0.8578634 -0.4006001 0.3206252
-0.02847784 0.8606689 -0.4115887 0.2983838
-0.02884353 0.862951 -0.4223907 0.2758074
-0.02919226 0.8646935 -0.4329647 0.2529717
-0.02952268 0.8658863 -0.4432718 0.2299553
-0.02983366 0.8665265 -0.4532763 0.2068394
-0.03012432 0.8666173 -0.4629461 0.1837064
-0.03039401 0.8661689 -0.4722532 0.1606384
-0.03064233 0.8651974 -0.4811743 0.1377163
-0.03086913 0.8637252 -0.4896903 0.115019
-0.0310745 0.8617795 -0.4977868 0.09262214
-0.03125874 0.8593923 -0.5054541 0.07059725
-0.03142237 0.8565997 -0.5126866 0.04901124
-0.03156608 0.8534407 -0.5194832 0.02792568
-0.03169074 0.8499569 -0.5258464 0.00739668
-0.03179733 0.8461914 -0.5317822 -0.01252577
-0.03188695 0.8421884 -0.5372996 -0.03179702
-0.0319608 0.8379925 -0.5424104 -0.05037878
-0.03202011 0.833648 -0.5471283 -0.06823774
-0.03206617 0.8291982 -0.551469 -0.08534642
-0.03210029 0.8246857 -0.5554494 -0.1016818
-0.03212375 0.8201513 -0.5590869 -0.1172254
-0.03213785 0.8156342 -0.5624002 -0.1319625
-0.03214383 0.8111717 -0.5654077 -0.1458819
-0.03214291 0.806799 -0.5681278 -0.1589754
-0.03213627 0.8025494 -0.5705786 -0.1712365
-0.032125 0.7984539 -0.5727777 -0.1826612
-0.03211015 0.7945418 -0.5747418 -0.1932461
-0.03209271 0.7908401 -0.5764871 -0.2029889
-0.03207362 0.7873743 -0.5780283 -0.2118874
-0.03205371 0.7841679 -0.579379 -0.2199393
-0.03203377 0.7812428 -0.5805517 -0.2271415
-0.03201451 0.7786196 -0.5815575 -0.2334899
-0.03199659 0.7763174 -0.5824059 -0.238979
-0.03198057 0.774354 -0.583105 -0.2436013
-0.03196697 0.7727465 -0.5836613 -0.2473471
-0.03195623 0.7715104 -0.5840793 -0.2502039
-0.03194869 0.7706606 -0.5843618 -0.2521564
-0.03194467 0.7702109 -0.5845097 -0.2531858
-0.03194401 0.7701386 -0.5845335 -0.2533511
-0.03194027 0.7702284 -0.5843314 -0.2535444
-0.03192916 0.7704942 -0.5837326 -0.2541171
-0.03191084 0.7709299 -0.5827471 -0.2550581
-0.03188544 0.771529 -0.5813843 -0.2563567
-0.03185305 0.7722842 -0.5796529 -0.258002
-0.03181374 0.7731882 -0.5775608 -0.2599833
-0.03176755 0.7742332 -0.5751157 -0.2622897
-0.03171451 0.7754105 -0.5723245 -0.2649104
-0.03165462 0.7767118 -0.5691938 -0.2678345
-0.03158788 0.7781278 -0.5657301 -0.2710512
-0.03151428 0.7796496 -0.5619397 -0.2745492
-0.03143376 0.7812673 -0.5578285 -0.2783173
-0.03134633 0.7829715 -0.553403 -0.2823442
-0.03125194 0.784752 -0.5486689 -0.2866184
-0.03115055 0.7865988 -0.5436327 -0.2911278
-0.03104214 0.7885017 -0.5383011 -0.2958607
-0.03092668 0.7904503 -0.5326805 -0.3008048
-0.03080416 0.7924343 -0.5267782 -0.3059475
-0.03067456 0.7944433 -0.5206017 -0.3112761
-0.03053791 0.7964671 -0.514159 -0.3167778
-0.03039423 0.7984955 -0.5074585 -0.3224393
-0.03024356 0.8005183 -0.5005094 -0.3282471
-0.03008597 0.8025258 -0.4933213 -0.3341877
-0.02992154 0.8045082 -0.4859043 -0.3402472
-0.02975039 0.8064564 -0.4782697 -0.3464117
-0.02957265 0.8083614 -0.4704288 -0.3526671
-0.02938849 0.8102146 -0.4623941 -0.3589991
-0.0291981 0.812008 -0.4541785 -0.3653935
-0.02900171 0.8137341 -0.4457957 -0.3718361
-0.02879958 0.8153856 -0.4372602 -0.3783126
-0.02859198 0.8169566 -0.4285868 -0.3848089
-0.02837923 0.818441 -0.4197913 -0.391311
-0.02816167 0.8198338 -0.4108899 -0.3978051
-0.02793969 0.8211309 -0.4018994 -0.4042775
-0.02771368 0.8223285 -0.3928371 -0.4107151
-0.02748408 0.8234238 -0.3837207 -0.4171048
-0.02725135 0.8244148 -0.3745682 -0.423434
-0.02701597 0.8253003 -0.3653981 -0.4296905
-0.02677844 0.8260795 -0.3562292 -0.4358626
-0.0265393 0.8267531 -0.3470803 -0.4419391
-0.02629909 0.8273219 -0.3379704 -0.4479094
-0.02605838 0.8277878 -0.3289187 -0.4537631
-0.02581775 0.828153 -0.3199441 -0.4594908
-0.02557777 0.828421 -0.3110658 -0.4650833
-0.02533907 0.8285955 -0.3023026 -0.4705323
-0.02510224 0.8286808 -0.2936733 -0.4758298
-0.0248679 0.828682 -0.2851962 -0.4809687
-0.02463666 0.8286045 -0.2768899 -0.4859421
-0.02440914 0.8284543 -0.268772 -0.4907437
-0.02418597 0.8282376 -0.2608604 -0.495368
-0.02396775 0.8279612 -0.2531723 -0.4998097
-0.02375509 0.827632 -0.2457245 -0.504064
-0.0235486 0.8272573 -0.2385337 -0.5081266
-0.02334888 0.8268443 -0.2316161 -0.5119935
-0.02315652 0.8264007 -0.2249874 -0.5156612
-0.02297211 0.825934 -0.2186631 -0.5191261
-0.02279621 0.8254518 -0.2126584 -0.522385
-0.0226294 0.8249617 -0.206988 -0.5254352
-0.02247223 0.8244712 -0.2016666 -0.5282735
-0.02232523 0.8239877 -0.1967084 -0.5308971
-0.02218896 0.8235183 -0.1921276 -0.5333032
-0.02206395 0.82307 -0.1879379 -0.5354889
-0.0219507 0.8226495 -0.1841534 -0.537451
-0.02184972 0.8222632 -0.1807875 -0.5391861
-0.02176153 0.8219171 -0.1778543 -0.5406908
-0.02168661 0.8216167 -0.1753671 -0.5419613
-0.02162545 0.8213672 -0.17334 -0.5429931
-0.02157854 0.8211733 -0.1717869 -0.5437813
-0.02154634 0.8210388 -0.1707218 -0.5443208
-0.02152932 0.8209673 -0.1701592 -0.5446055
-0.02152658 0.8209558 -0.1700687 -0.5446512
-0.0215208 0.8211608 -0.1703224 -0.5442629
-0.02150365 0.8217674 -0.1710744 -0.543111
-0.02147529 0.8227622 -0.1723118 -0.5412114
-0.02143583 0.8241308 -0.1740227 -0.5385768
-0.02138527 0.8258578 -0.1761962 -0.5352163
-0.02132354 0.8279266 -0.1788217 -0.5311362
-0.02125051 0.8303195 -0.1818894 -0.5263404
-0.02116599 0.8330176 -0.1853898 -0.5208303
-0.02106972 0.836001 -0.1893134 -0.5146056
-0.0209614 0.8392479 -0.1936508 -0.5076643
-0.02084069 0.8427355 -0.1983924 -0.5000031
-0.02070719 0.8464391 -0.2035283 -0.491618
-0.0205605 0.8503328 -0.2090478 -0.4825044
-0.02040018 0.8543885 -0.2149397 -0.4726575
-0.02022577 0.8585767 -0.2211916 -0.4620729
-0.02003681 0.8628658 -0.2277902 -0.450747
-0.01983285 0.8672228 -0.2347207 -0.4386771
-0.01961345 0.8716126 -0.2419669 -0.4258624
-0.01937819 0.8759989 -0.249511 -0.4123042
-0.01912669 0.8803436 -0.2573334 -0.3980062
-0.01885863 0.8846074 -0.2654128 -0.3829754
-0.01857374 0.8887503 -0.2737257 -0.3672224
-0.01827184 0.8927312 -0.2822469 -0.3507618
-0.01795283 0.8965093 -0.2909494 -0.3336125
-0.01761674 0.9000436 -0.2998041 -0.3157984
-0.01726368 0.9032943 -0.3087803 -0.2973485
-0.01689392 0.9062226 -0.3178461 -0.278297
-0.01650786 0.9087918 -0.3269679 -0.2586833
-0.01610604 0.9109678 -0.3361115 -0.2385527
-0.01568916 0.9127198 -0.3452419 -0.2179554
-0.01525806 0.9140207 -0.354324 -0.1969465
-0.01481374 0.9148477 -0.3633232 -0.1755859
-0.01435735 0.9151834 -0.3722051 -0.1539374
-0.01389016 0.9150149 -0.3809368 -0.1320682
-0.01341358 0.9143355 -0.3894868 -0.1100482
-0.0129291 0.9131442 -0.3978259 -0.08794898
-0.01243835 0.9114457 -0.405927 -0.06584308
-0.01194298 0.9092506 -0.4137658 -0.04380321
-0.01144473 0.9065748 -0.4213212 -0.02190096
-0.01094533 0.9034399 -0.428575 -0.0002064646
-0.01044654 0.8998721 -0.4355125 0.02121295
-0.00995009 0.8959019 -0.4421225 0.042293
-0.009457686 0.8915635 -0.4483966 0.06297339
-0.008970973 0.8868944 -0.4543302 0.08319797
-0.008491518 0.8819345 -0.4599216 0.1029155
-0.008020821 0.8767254 -0.4651717 0.1220797
-0.007560273 0.8713101 -0.4700844 0.1406492
-0.00711118 0.8657321 -0.4746656 0.1585875
-0.006674731 0.8600349 -0.4789233 0.1758634
-0.006252022 0.8542618 -0.4828672 0.1924501
-0.005844038 0.848455 -0.4865086 0.2083255
-0.00545166 0.8426557 -0.4898596 0.2234712
-0.005075683 0.8369036 -0.4929332 0.2378729
-0.004716805 0.831237 -0.4957429 0.2515192
-0.004375647 0.8256919 -0.4983026 0.2644016
-0.004052755 0.820303 -0.5006261 0.2765142
-0.00374862 0.8151027 -0.5027272 0.2878524
-0.003463666 0.8101216 -0.5046191 0.2984134
-0.00319829 0.8053886 -0.5063147 0.3081954
-0.002952846 0.8009306 -0.5078264 0.3171968
-0.002727667 0.796773 -0.5091656 0.3254164
-0.00252308 0.7929395 -0.5103429 0.3328525
-0.002339399 0.7894525 -0.511368 0.3395028
-0.002176955 0.7863329 -0.5122494 0.345364
-0.002036091 0.7836008 -0.5129948 0.3504312
-0.001917174 0.7812748 -0.5136104 0.3546978
-0.001820606 0.7793728 -0.5141009 0.358155
-0.001746835 0.777912 -0.51447 0.3607917
-0.001696352 0.7769083 -0.5147199 0.3625936
-0.001669718 0.7763774 -0.5148508 0.3635436
-0.00166544 0.7762921 -0.5148718 0.3636961
0.001902855 -0.7763537 0.5146719 -0.3638465
0.00260636 -0.7765356 0.5140789 -0.364292
0.003763278 -0.7768328 0.5131027 -0.3650236
0.005361458 -0.7772398 0.5117516 -0.3660326
0.007389192 -0.77775 0.5100332 -0.3673098
0.009835142 -0.7783561 0.5079544 -0.3688462
0.01268827 -0.7790503 0.5055209 -0.3706324
0.01593772 -0.7798241 0.5027382 -0.3726588
0.01957281 -0.7806687 0.4996112 -0.3749158
0.02358288 -0.7815744 0.4961444 -0.3773936
0.02795723 -0.7825314 0.492342 -0.3800819
0.0326851 -0.7835293 0.4882081 -0.3829705
0.03775549 -0.7845573 0.4837466 -0.3860486
0.04315719 -0.7856046 0.4789617 -0.3893054
0.04887864 -0.7866597 0.4738575 -0.3927296
0.05490793 -0.7877112 0.4684385 -0.39631
0.06123269 -0.7887475 0.4627096 -0.4000346
0.06784005 -0.7897571 0.4566761 -0.4038915
0.07471664 -0.7907283 0.4503438 -0.4078683
0.08184847 -0.7916496 0.4437193 -0.4119526
0.08922105 -0.7925096 0.4368097 -0.4161316
0.09681915 -0.7932972 0.4296231 -0.4203923
0.104627 -0.7940018 0.4221683 -0.4247216
0.1126283 -0.7946129 0.414455 -0.4291064
0.120806 -0.7951209 0.4064941 -0.4335334
0.1291426 -0.7955167 0.3982974 -0.4379893
0.13762 -0.7957919 0.3898774 -0.4424609
0.1462196 -0.7959388 0.381248 -0.4469352
0.1549226 -0.7959509 0.3724241 -0.4513994
0.1637095 -0.7958223 0.3634214 -0.4558409
0.1725608 -0.7955484 0.3542566 -0.4602475
0.1814568 -0.7951256 0.3449474 -0.4646074
0.1903775 -0.7945515 0.3355125 -0.4689091
0.1993031 -0.7938248 0.325971 -0.4731421
0.2082138 -0.7929455 0.3163431 -0.4772962
0.2170901 -0.7919148 0.3066493 -0.4813618
0.2259128 -0.790735 0.2969108 -0.4853303
0.2346629 -0.78941 0.2871493 -0.4891937
0.2433221 -0.7879444 0.2773865 -0.4929449
0.2518725 -0.7863443 0.2676446 -0.4965774
0.2602971 -0.7846168 0.2579457 -0.5000859
0.2685792 -0.78277 0.2483118 -0.5034657
0.2767032 -0.7808128 0.2387651 -0.5067129
0.2846541 -0.7787554 0.2293272 -0.5098246
0.2924181 -0.7766085 0.2200195 -0.5127987
0.2999818 -0.7743835 0.2108632 -0.5156336
0.3073329 -0.7720925 0.2018786 -0.5183288
0.3144599 -0.7697482 0.193086 -0.5208843
0.3213524 -0.7673637 0.1845047 -0.5233008
0.3280003 -0.7649523 0.1761536 -0.5255795
0.3343949 -0.7625276 0.1680508 -0.5277222
0.3405277 -0.7601035 0.160214 -0.529731
0.3463913 -0.757694 0.1526601 -0.5316087
0.3519787 -0.7553127 0.1454053 -0.5333582
0.3572835 -0.7529737 0.1384655 -0.5349827
0.3622999 -0.7506906 0.1318555 -0.5364854
0.3670222 -0.748477 0.1255902 -0.53787
0.3714452 -0.7463461 0.1196836 -0.5391399
0.3755642 -0.7443109 0.1141494 -0.5402988
0.379374 -0.7423841 0.1090009 -0.5413502
0.3828701 -0.7405782 0.1042513 -0.5422971
0.3860475 -0.738905 0.09991343 -0.5431428
0.3889013 -0.737376 0.09599994 -0.5438902
0.3914261 -0.7360024 0.09252366 -0.5445417
0.3936164 -0.7347947 0.08949726 -0.5450993
0.3954661 -0.733763 0.08693358 -0.5455647
0.3969689 -0.7329171 0.0848457 -0.5459391
0.3981171 -0.7322658 0.08324706 -0.546223
0.398903 -0.7318176 0.08215119 -0.5464161
0.3993177 -0.7315803 0.08157245 -0.5465176
0.3993844 -0.7315421 0.08147943 -0.5465339
-0.3992167 0.7315945 -0.08159199 0.5465695
-0.39872 0.7317495 -0.08192538 0.5466748
-0.3979031 0.7320035 -0.08247326 0.5468475
-0.396775 0.7323529 -0.0832293 0.5470849
-0.3953441 0.7327935 -0.08418725 0.547384
-0.3936187 0.7333211 -0.08534088 0.5477421
-0.3916068 0.7339313 -0.08668396 0.5481559
-0.3893164 0.7346193 -0.08821026 0.5486221
-0.3867553 0.7353804 -0.08991359 0.5491372
-0.3839312 0.7362094 -0.09178773 0.5496978
-0.3808516 0.7371014 -0.0938264 0.5503001
-0.3775244 0.7380511 -0.09602334 0.5509406
-0.3739571 0.7390531 -0.09837221 0.5516155
-0.3701573 0.7401022 -0.1008666 0.5523207
-0.366133 0.741193 -0.1035002 0.5530527
-0.3618919 0.7423199 -0.1062665 0.5538076
-0.357442 0.7434778 -0.1091588 0.5545813
-0.3527915 0.7446609 -0.1121706 0.5553702
-0.3479486 0.7458642 -0.1152952 0.5561705
-0.3429219 0.7470821 -0.1185258 0.5569782
-0.3377199 0.7483095 -0.1218555 0.5577898
-0.3323517 0.7495413 -0.1252774 0.5586017
-0.3268262 0.7507725 -0.1287846 0.5594103
-0.3211529 0.7519982 -0.13237 0.5602122
-0.3153412 0.7532138 -0.1360264 0.5610042
-0.3094011 0.7544148 -0.1397467 0.561783
-0.3033426 0.7555968 -0.1435236 0.5625457
-0.2971758 0.7567558 -0.14735 0.5632896
-0.2909114 0.7578879 -0.1512186 0.5640119
-0.2845601 0.7589896 -0.155122 0.5647101
-0.2781327 0.7600575 -0.1590529 0.5653822
-0.2716405 0.7610886 -0.163004 0.5660259
-0.2650947 0.7620801 -0.1669682 0.5666395
-0.2585069 0.7630297 -0.170938 0.5672214
-0.2518887 0.7639351 -0.1749064 0.5677702
-0.2452517 0.7647946 -0.1788662 0.5682847
-0.238608 0.7656068 -0.1828104 0.5687643
-0.2319696 0.7663704 -0.1867319 0.5692081
-0.2253483 0.7670844 -0.1906238 0.5696158
-0.2187564 0.7677487 -0.1944794 0.5699872
-0.2122059 0.7683628 -0.198292 0.5703224
-0.2057089 0.7689269 -0.2020551 0.5706217
-0.1992777 0.7694413 -0.2057622 0.5708857
-0.1929242 0.7699069 -0.2094071 0.5711149
-0.1866605 0.7703247 -0.2129836 0.5713105
-0.1804986 0.7706959 -0.2164857 0.5714737
-0.1744502 0.771022 -0.2199078 0.5716055
-0.1685273 0.7713048 -0.2232439 0.5717077
-0.1627414 0.7715463 -0.2264886 0.5717819
-0.1571043 0.7717487 -0.2296364 0.5718299
-0.1516272 0.7719142 -0.2326823 0.5718537
-0.1463215 0.7720456 -0.2356209 0.5718553
-0.1411984 0.7721453 -0.2384474 0.5718369
-0.136269 0.7722163 -0.2411568 0.5718008
-0.1315441 0.7722614 -0.2437444 0.5717492
-0.1270346 0.7722835 -0.2462056 0.5716846
-0.1227511 0.7722856 -0.2485356 0.5716093
-0.1187043 0.7722708 -0.2507301 0.5715257
-0.1149046 0.772242 -0.2527845 0.5714362
-0.1113623 0.7722021 -0.2546943 0.5713433
-0.1080878 0.7721542 -0.2564553 0.5712492
-0.1050915 0.7721009 -0.2580629 0.5711562
-0.1023834 0.7720453 -0.2595127 0.5710665
-0.09997381 0.7719896 -0.2608002 0.5709822
-0.09787284 0.7719363 -0.2619209 0.5709053
-0.09609078 0.7718877 -0.2628701 0.5708374
-0.0946378 0.7718458 -0.263643 0.5707804
-0.09352429 0.7718121 -0.2642348 0.5707357
-0.09276046 0.7717884 -0.2646404 0.5707045
-0.09235692 0.7717757 -0.2648547 0.5706878
-0.09229204 0.7717736 -0.2648891 0.5706851
-0.09231311 0.7720664 -0.2648498 0.5703039
-0.09237541 0.7729331 -0.2647327 0.5691729
-0.09247755 0.7743567 -0.2645388 0.5673084
-0.09261803 0.7763191 -0.2642681 0.5647237
-0.0927952 0.7788021 -0.2639199 0.5614291
-0.09300732 0.7817867 -0.2634929 0.5574322
-0.09325251 0.7852536 -0.2629848 0.5527384
-0.09352878 0.7891823 -0.2623932 0.5473513
-0.09383401 0.7935517 -0.2617148 0.5412728
-0.09416593 0.7983397 -0.2609461 0.5345033
-0.09452214 0.8035226 -0.2600828 0.5270426
-0.09490012 0.8090763 -0.2591206 0.5188892
-0.09529716 0.8149745 -0.2580546 0.510042
-0.09571041 0.8211898 -0.25688 0.5004993
-0.09613687 0.8276932 -0.2555914 0.4902599
-0.09657339 0.8344538 -0.2541835 0.4793236
-0.0970167 0.8414395 -0.252651 0.4676909
-0.09746332 0.8486159 -0.2509886 0.4553642
-0.0979097 0.8559475 -0.2491912 0.4423475
-0.09835216 0.8633967 -0.2472539 0.4286472
-0.09878697 0.8709248 -0.2451722 0.4142725
-0.09921028 0.8784917 -0.2429421 0.3992353
-0.09961823 0.8860561 -0.2405603 0.3835513
-0.100007 0.8935761 -0.238024 0.3672395
-0.1003728 0.9010095 -0.2353316 0.3503231
-0.1007119 0.9083137 -0.2324821 0.3328296
-0.1010207 0.9154468 -0.2294758 0.3147903
-0.101296 0.9223677 -0.2263141 0.2962413
-0.1015345 0.9290369 -0.2229997 0.2772228
-0.1017335 0.9354164 -0.2195367 0.2577793
-0.1018904 0.9414712 -0.2159302 0.2379592
-0.1020032 0.9471689 -0.212187 0.2178145
-0.1020703 0.9524807 -0.2083151 0.1974008
-0.1020904 0.9573816 -0.204324 0.176776
-0.1020628 0.9618509 -0.2002241 0.1560007
-0.1019874 0.9658726 -0.1960273 0.1351366
-0.1018643 0.9694353 -0.1917464 0.1142467
-0.1016945 0.9725323 -0.1873949 0.09339416
-0.1014792 0.975162 -0.1829872 0.07264172
-0.1012202 0.9773276 -0.1785385 0.0520511
-0.1009197 0.9790369 -0.1740639 0.0316822
-0.1005803 0.980302 -0.1695791 0.01159295
-0.1002049 0.9811394 -0.1650998 -0.008161824
-0.09979673 0.9815687 -0.1606415 -0.02753009
-0.09935937 0.9816132 -0.1562194 -0.04646366
-0.09889647 0.9812987 -0.1518483 -0.06491777
-0.09841188 0.9806538 -0.1475427 -0.08285175
-0.09790955 0.9797084 -0.1433162 -0.1002286
-0.09739348 0.9784939 -0.139182 -0.1170156
-0.09686763 0.9770429 -0.1351524 -0.1331832
-0.096336 0.9753882 -0.131239 -0.1487063
-0.09580249 0.9735631 -0.1274526 -0.1635624
-0.09527092 0.9716004 -0.1238032 -0.1777327
-0.09474497 0.9695326 -0.1203001 -0.1912011
-0.09422823 0.9673915 -0.1169521 -0.2039537
-0.0937241 0.9652078 -0.1137669 -0.215979
-0.09323587 0.9630113 -0.110752 -0.2272674
-0.09276664 0.9608305 -0.1079141 -0.2378105
-0.09231937 0.9586926 -0.1052596 -0.2476007
-0.09189685 0.9566235 -0.1027945 -0.2566316
-0.09150175 0.9546475 -0.1005245 -0.2648968
-0.09113657 0.9527878 -0.09845483 -0.2723899
-0.09080363 0.9510657 -0.09659085 -0.279104
-0.09050521 0.9495013 -0.09493775 -0.2850315
-0.09024338 0.9481133 -0.09350071 -0.2901639
-0.09002016 0.9469187 -0.09228497 -0.2944911
-0.08983738 0.9459332 -0.09129597 -0.2980013
-0.08969686 0.9451711 -0.09053941 -0.3006805
-0.08960025 0.9446449 -0.09002115 -0.3025129
-0.08954915 0.9443658 -0.08974756 -0.3034793
-0.08954091 0.9443209 -0.08970358 -0.3036344
0.0895408 -0.9442892 0.08970363 0.3037329
0.08954047 -0.9441954 0.0897037 0.3040244
0.08953989 -0.9440411 0.08970384 0.3045034
0.08953905 -0.9438278 0.08970397 0.3051641
0.08953793 -0.9435569 0.08970407 0.3060009
0.08953649 -0.9432298 0.08970411 0.307008
0.08953469 -0.9428478 0.08970404 0.3081799
0.08953247 -0.942412 0.08970377 0.3095107
0.0895298 -0.9419236 0.08970328 0.3109947
0.0895266 -0.9413838 0.08970248 0.3126261
0.08952282 -0.9407936 0.08970131 0.3143992
0.08951841 -0.940154 0.0896997 0.3163082
0.08951329 -0.9394662 0.08969758 0.3183473
0.08950739 -0.9387311 0.08969487 0.3205108
0.08950067 -0.9379499 0.08969151 0.3227926
0.08949304 -0.9371235 0.08968741 0.3251872
0.08948445 -0.936253 0.08968251 0.3276887
0.08947484 -0.9353396 0.08967675 0.3302911
0.08946415 -0.9343843 0.08967004 0.3329886
0.08945233 -0.9333884 0.08966233 0.3357754
0.08943932 -0.932353 0.08965356 0.3386457
0.08942506 -0.9312793 0.08964367 0.3415934
0.08940955 -0.9301688 0.08963262 0.3446129
0.08939269 -0.9290227 0.08962034 0.3476981
0.0893745 -0.9278426 0.08960681 0.3508433
0.08935495 -0.9266298 0.089592 0.3540426
0.089334 -0.9253861 0.08957586 0.3572901
0.08931164 -0.924113 0.0895584 0.3605801
0.08928787 -0.9228122 0.08953957 0.3639066
0.08926268 -0.9214857 0.08951938 0.3672638
0.0892361 -0.9201351 0.08949783 0.370646
0.08920812 -0.9187626 0.08947492 0.3740473
0.08917879 -0.9173702 0.08945068 0.3774622
0.08914813 -0.91596 0.08942512 0.3808847
0.08911617 -0.9145342 0.08939829 0.3843092
0.08908297 -0.9130951 0.0893702 0.3877301
0.08904859 -0.9116451 0.08934092 0.3911418
0.08901308 -0.9101866 0.0893105 0.3945385
0.08897652 -0.9087223 0.089279 0.3979149
0.088939 -0.9072548 0.08924649 0.4012652
0.08890057 -0.9057866 0.08921305 0.4045842
0.08886138 -0.9043207 0.08917879 0.4078664
0.08882149 -0.9028597 0.08914376 0.4111063
0.08878103 -0.9014069 0.08910809 0.4142987
0.0887401 -0.8999649 0.08907189 0.4174382
0.08869883 -0.8985369 0.08903527 0.4205196
0.08865736 -0.897126 0.08899835 0.4235377
0.0886158 -0.8957353 0.08896125 0.4264874
0.08857431 -0.894368 0.0889241 0.4293635
0.08853304 -0.8930274 0.08888705 0.4321609
0.08849213 -0.8917168 0.08885024 0.4348748
0.08845173 -0.8904394 0.08881381 0.4374999
0.08841199 -0.8891986 0.0887779 0.4400314
0.08837309 -0.8879978 0.08874268 0.4424644
0.08833518 -0.8868405 0.0887083 0.4447941
0.08829843 -0.8857299 0.08867493 0.4470154
0.088263 -0.8846695 0.08864269 0.4491236
0.08822906 -0.8836628 0.08861177 0.4511138
0.08819678 -0.8827131 0.08858234 0.4529814
0.08816633 -0.8818238 0.08855452 0.4547214
0.08813787 -0.8809985 0.08852851 0.456329
0.08811156 -0.8802403 0.08850443 0.4577995
0.08808756 -0.8795527 0.08848245 0.4591281
0.08806604 -0.8789389 0.08846273 0.4603098
0.08804713 -0.8784023 0.08844539 0.4613399
0.088031 -0.8779461 0.08843058 0.4622135
0.08801778 -0.8775733 0.08841845 0.4629257
0.0880076 -0.8772871 0.0884091 0.4634714
0.0880006 -0.8770907 0.08840267 0.4638457
0.08799689 -0.8769868 0.08839926 0.4640434
0.0879963 -0.8769701 0.08839872 0.4640752
-0.08796541 0.8772323 -0.08821286 -0.4636206
-0.08787361 0.8780085 -0.08766136 -0.4622715
-0.08772179 0.8792823 -0.08675195 -0.4600452
-0.08751034 0.8810368 -0.08549069 -0.4569546
-0.08723914 0.8832538 -0.08388206 -0.4530077
-0.08690763 0.8859142 -0.08192917 -0.4482084
-0.08651483 0.8889977 -0.07963392 -0.4425571
-0.08605939 0.8924825 -0.07699719 -0.4360507
-0.08553958 0.8963452 -0.07401894 -0.4286834
-0.08495336 0.9005604 -0.07069844 -0.4204469
-0.08429835 0.9051007 -0.06703442 -0.4113308
-0.08357194 0.909936 -0.06302523 -0.4013231
-0.08277126 0.9150335 -0.05866916 -0.3904108
-0.08189321 0.9203576 -0.0539645 -0.3785805
-0.08093463 0.9258694 -0.04890991 -0.3658186
-0.07989215 0.9315264 -0.04350457 -0.3521125
-0.07876243 0.9372825 -0.03774853 -0.3374508
-0.07754216 0.943088 -0.031643 -0.3218246
-0.0762281 0.9488892 -0.02519055 -0.3052278
-0.07481726 0.9546291 -0.01839554 -0.2876585
-0.07330688 0.9602468 -0.01126435 -0.2691195
-0.0716947 0.9656788 -0.003805788 -0.2496195
-0.06997892 0.9708586 0.003968772 -0.2291741
-0.06815842 0.9757181 0.01204508 -0.2078062
-0.06623281 0.9801883 0.02040565 -0.1855474
-0.06420261 0.9841998 0.02902984 -0.1624384
-0.0620693 0.9876847 0.03789366 -0.1385295
-0.05983548 0.990578 0.04696981 -0.1138807
-0.05750489 0.9928184 0.05622781 -0.08856211
-0.05508249 0.9943504 0.06563416 -0.06265363
-0.0525744 0.9951254 0.07515287 -0.03624379
-0.04998802 0.9951032 0.08474567 -0.009429614
-0.04733185 0.9942539 0.09437284 0.01768531
-0.04461544 0.9925576 0.1039935 0.04499175
-0.04184925 0.9900064 0.1135668 0.07237712
-0.0390445 0.9866044 0.1230521 0.0997273
-0.03621293 0.9823673 0.1324101 0.1269283
-0.03336668 0.9773227 0.1416032 0.1538686
-0.03051799 0.9715093 0.1505967 0.180441
-0.02767899 0.9649758 0.1593585 0.2065444
-0.02486156 0.9577793 0.1678604 0.2320852
-0.02207705 0.949985 0.1760776 0.2569783
-0.01933621 0.941663 0.1839895 0.281149
-0.01664898 0.9328883 0.1915794 0.3045318
-0.01402443 0.9237379 0.1988346 0.3270723
-0.01147071 0.9142904 0.2057463 0.3487263
-0.008994954 0.9046235 0.2123091 0.3694594
-0.006603374 0.8948141 0.2185208 0.3892466
-0.004301174 0.8849361 0.2243821 0.4080715
-0.002092706 0.8750604 0.2298962 0.4259256
1.857271E-05 0.8652542 0.2350684 0.4428071
0.002029946 0.85558 0.2399058 0.45872
0.003939384 0.8460963 0.2444165 0.473673
0.005745458 0.8368568 0.24861 0.4876789
0.007447226 0.827911 0.2524961 0.5007532
0.009044197 0.8193035 0.2560852 0.5129137
0.01053614 0.8110756 0.2593876 0.524179
0.01192314 0.8032642 0.2624136 0.5345687
0.01320536 0.7959031 0.265173 0.5441022
0.01438312 0.7890229 0.2676754 0.5527982
0.0154567 0.7826517 0.2699294 0.5606741
0.01642637 0.7768153 0.2719429 0.5677458
0.01729227 0.7715374 0.2737231 0.5740269
0.01805437 0.7668403 0.2752758 0.5795285
0.01871243 0.7627454 0.2766059 0.584259
0.01926594 0.7592728 0.277717 0.5882236
0.01971406 0.7564425 0.2786114 0.5914236
0.02005556 0.7542742 0.2792899 0.5938564
0.02028885 0.7527873 0.2797518 0.5955154
0.02041179 0.7520019 0.2799948 0.5963888
0.02043153 0.7518756 0.2800338 0.5965289
-0.02030305 -0.7521679 -0.280021 -0.5961707
-0.01992213 -0.7530334 -0.2799826 -0.595108
-0.01929498 -0.7544549 -0.2799183 -0.5933561
-0.01842717 -0.7564145 -0.2798267 -0.5909269
-0.01732366 -0.7588943 -0.2797061 -0.5878298
-0.01598895 -0.7618756 -0.2795539 -0.5840716
-0.0144271 -0.7653391 -0.2793671 -0.5796568
-0.01264186 -0.7692648 -0.2791419 -0.5745883
-0.01063672 -0.7736319 -0.2788744 -0.5688669
-0.00841504 -0.7784188 -0.2785599 -0.5624925
-0.005980094 -0.7836024 -0.2781934 -0.5554639
-0.003335191 -0.7891586 -0.2777694 -0.547779
-0.0004837611 -0.7950621 -0.2772821 -0.5394355
0.002570561 -0.8012861 -0.2767255 -0.530431
0.005823832 -0.8078021 -0.2760932 -0.5207633
0.009271714 -0.8145802 -0.2753785 -0.510431
0.01290939 -0.8215888 -0.2745748 -0.4994335
0.01673144 -0.8287946 -0.2736754 -0.4877719
0.02073182 -0.8361627 -0.2726735 -0.4754486
0.02490373 -0.8436567 -0.2715624 -0.4624685
0.02923959 -0.8512388 -0.2703358 -0.4488387
0.03373092 -0.8588697 -0.2689876 -0.4345696
0.03836838 -0.8665095 -0.2675121 -0.4196743
0.04314169 -0.8741171 -0.2659042 -0.4041697
0.04803961 -0.8816511 -0.2641596 -0.3880764
0.05304998 -0.8890701 -0.2622747 -0.371419
0.05815975 -0.8963331 -0.2602468 -0.3542261
0.06335505 -0.9033997 -0.2580742 -0.3365306
0.06862122 -0.910231 -0.2557565 -0.3183696
0.07394291 -0.9167899 -0.2532945 -0.2997843
0.07930429 -0.9230415 -0.25069 -0.2808197
0.08468909 -0.9289539 -0.2479465 -0.2615244
0.0900808 -0.9344981 -0.2450687 -0.2419505
0.09546281 -0.9396493 -0.2420626 -0.2221528
0.1008186 -0.9443862 -0.2389356 -0.2021885
0.1061321 -0.9486922 -0.2356964 -0.1821162
0.1113874 -0.9525552 -0.2323548 -0.1619961
0.1165693 -0.9559676 -0.2289218 -0.1418887
0.1216635 -0.9589266 -0.225409 -0.1218543
0.1266565 -0.9614341 -0.2218293 -0.1019526
0.1315358 -0.9634963 -0.218196 -0.08224171
0.13629 -0.9651238 -0.2145228 -0.06277803
0.1409089 -0.966331 -0.210824 -0.04361555
0.1453836 -0.9671361 -0.2071138 -0.02480535
0.1497062 -0.9675604 -0.2034065 -0.006395327
0.1538702 -0.9676278 -0.1997165 0.01156983
0.1578702 -0.9673647 -0.1960576 0.02904925
0.1617021 -0.9667997 -0.1924435 0.04600539
0.1653627 -0.9659619 -0.1888873 0.06240466
0.1688497 -0.9648825 -0.1854016 0.07821666
0.1721619 -0.9635925 -0.1819985 0.09341501
0.1752988 -0.9621235 -0.1786895 0.107976
0.1782606 -0.960507 -0.1754852 0.1218792
0.1810479 -0.9587739 -0.1723959 0.135107
0.1836622 -0.9569548 -0.169431 0.147644
0.1861049 -0.9550794 -0.1665995 0.1594771
0.1883779 -0.9531761 -0.1639097 0.1705948
0.1904831 -0.9512727 -0.1613694 0.1809872
0.1924227 -0.9493953 -0.158986 0.1906452
0.1941985 -0.9475689 -0.1567663 0.1995608
0.1958126 -0.9458171 -0.1547169 0.2077261
0.1972665 -0.9441622 -0.152844 0.2151332
0.1985617 -0.9426251 -0.1511537 0.2217742
0.1996991 -0.9412251 -0.1496518 0.2276402
0.2006794 -0.93998 -0.148344 0.2327216
0.2015026 -0.9389067 -0.1472361 0.2370076
0.2021681 -0.9380199 -0.1463338 0.2404854
0.2026747 -0.9373333 -0.145643 0.2431407
0.2030205 -0.936859 -0.1451694 0.244957
0.2032026 -0.9366071 -0.1449193 0.245915
0.2032319 -0.9365667 -0.1448791 0.2460689
-0.202937 0.9365957 0.1447717 -0.2462646
-0.202063 0.9366813 0.1444533 -0.2468443
-0.2006249 0.9368194 0.1439292 -0.2477972
-0.1986368 0.9370053 0.1432042 -0.2491124
-0.1961121 0.9372328 0.142283 -0.2507793
-0.1930629 0.9374948 0.1411694 -0.2527874
-0.1895013 0.9377831 0.1398674 -0.2551259
-0.1854383 0.9380889 0.1383804 -0.2577844
-0.180885 0.9384024 0.1367118 -0.260752
-0.175852 0.938713 0.1348647 -0.2640181
-0.1703499 0.9390098 0.1328423 -0.2675714
-0.1643893 0.939281 0.1306477 -0.271401
-0.1579809 0.9395147 0.1282839 -0.2754951
-0.1511358 0.9396981 0.125754 -0.2798418
-0.1438653 0.9398185 0.1230615 -0.284429
-0.1361814 0.9398628 0.1202097 -0.2892441
-0.1280966 0.939818 0.1172024 -0.2942739
-0.1196241 0.9396706 0.1140434 -0.299505
-0.1107779 0.9394079 0.110737 -0.3049235
-0.101573 0.9390169 0.1072879 -0.3105148
-0.09202521 0.9384852 0.1037009 -0.3162642
-0.08215139 0.9378007 0.09998143 -0.3221563
-0.07196945 0.9369522 0.09613534 -0.3281755
-0.06149834 0.9359288 0.09216888 -0.3343055
-0.05075816 0.9347209 0.08808876 -0.3405301
-0.03977004 0.9333199 0.0839022 -0.3468326
-0.02855614 0.9317179 0.07961688 -0.353196
-0.01713958 0.9299088 0.07524092 -0.3596035
-0.005544452 0.9278876 0.07078289 -0.3660379
0.006204245 0.9256507 0.06625183 -0.3724824
0.01808091 0.9231961 0.0616571 -0.3789201
0.03005918 0.9205237 0.05700848 -0.3853345
0.04211231 0.9176347 0.05231602 -0.3917094
0.05421299 0.9145322 0.04759006 -0.3980289
0.06633387 0.9112211 0.04284116 -0.404278
0.07844752 0.9077078 0.03807996 -0.410442
0.09052646 0.9040004 0.03331728 -0.4165071
0.1025436 0.900109 0.02856395 -0.4224603
0.1144721 0.8960449 0.02383075 -0.4282894
0.1262857 0.891821 0.0191284 -0.4339832
0.1379589 0.8874516 0.01446744 -0.4395313
0.1494669 0.8829522 0.009858272 -0.4449246
0.1607857 0.8783397 0.00531099 -0.4501546
0.1718924 0.8736317 0.0008354334 -0.4552142
0.1827653 0.8688468 -0.003558916 -0.4600973
0.1933835 0.8640044 -0.007862877 -0.4647984
0.2037275 0.8591243 -0.01206776 -0.4693133
0.2137788 0.8542271 -0.01616516 -0.4736386
0.2235202 0.8493333 -0.02014716 -0.4777718
0.2329355 0.8444638 -0.0240062 -0.4817111
0.2420099 0.8396397 -0.02773523 -0.4854557
0.2507295 0.8348818 -0.03132748 -0.489005
0.2590813 0.8302107 -0.03477664 -0.4923593
0.2670533 0.8256472 -0.03807675 -0.4955193
0.2746344 0.8212115 -0.04122215 -0.4984862
0.2818144 0.8169232 -0.04420755 -0.5012614
0.2885832 0.812802 -0.04702786 -0.5038463
0.2949319 0.8088667 -0.04967825 -0.5062429
0.3008515 0.8051359 -0.05215405 -0.5084531
0.3063334 0.8016275 -0.05445078 -0.5104787
0.3113693 0.7983588 -0.05656403 -0.5123211
0.3159507 0.7953469 -0.05848939 -0.5139821
0.3200692 0.7926078 -0.06022252 -0.5154627
0.3237159 0.7901576 -0.06175899 -0.5167638
0.3268817 0.7880114 -0.06309424 -0.5178857
0.329557 0.7861837 -0.06422365 -0.5188283
0.3317313 0.7846888 -0.06514225 -0.5195905
0.3333935 0.7835404 -0.06584493 -0.5201709
0.3345315 0.7827512 -0.06632623 -0.5205672
0.3351321 0.7823337 -0.06658031 -0.5207759
0.3352286 0.7822666 -0.06662114 -0.5208094
-0.3350953 -0.7822542 0.06676765 0.5208951
-0.3347003 -0.7822173 0.0672016 0.5211486
-0.3340508 -0.7821559 0.06791479 0.5215647
-0.3331537 -0.7820699 0.06889906 0.5221383
-0.3320156 -0.7819583 0.07014631 0.5228636
-0.3306432 -0.7818205 0.07164855 0.523735
-0.3290427 -0.7816551 0.07339776 0.5247466
-0.3272203 -0.7814607 0.07538597 0.5258926
-0.325182 -0.7812357 0.07760525 0.5271669
-0.3229339 -0.7809783 0.08004761 0.5285633
-0.320482 -0.7806864 0.08270505 0.5300754
-0.3178321 -0.7803581 0.08556955 0.531697
-0.3149903 -0.7799914 0.08863304 0.5334217
-0.3119625 -0.779584 0.09188735 0.5352429
-0.3087548 -0.7791337 0.09532428 0.537154
-0.3053733 -0.7786385 0.09893549 0.5391485
-0.3018242 -0.7780961 0.1027126 0.5412198
-0.2981138 -0.7775046 0.1066472 0.5433611
-0.2942486 -0.776862 0.1107305 0.5455658
-0.2902354 -0.7761664 0.1149539 0.5478274
-0.2860808 -0.7754162 0.1193086 0.550139
-0.2817919 -0.77461 0.1237857 0.5524941
-0.2773759 -0.7737464 0.1283761 0.5548863
-0.2728401 -0.7728242 0.1330707 0.557309
-0.268192 -0.7718427 0.1378602 0.5597557
-0.2634396 -0.7708012 0.1427355 0.5622204
-0.2585906 -0.7696995 0.1476869 0.5646966
-0.2536534 -0.7685373 0.1527052 0.5671784
-0.2486363 -0.7673152 0.1577809 0.5696601
-0.2435478 -0.7660335 0.1629043 0.5721357
-0.2383968 -0.7646934 0.168066 0.5745998
-0.233192 -0.7632958 0.1732563 0.577047
-0.2279427 -0.7618424 0.1784657 0.5794724
-0.222658 -0.7603352 0.1836847 0.5818709
-0.2173474 -0.7587764 0.1889037 0.5842378
-0.2120202 -0.7571687 0.1941135 0.5865689
-0.2066861 -0.7555148 0.1993045 0.5888599
-0.2013547 -0.7538182 0.2044676 0.591107
-0.1960358 -0.7520823 0.2095937 0.5933065
-0.1907391 -0.7503113 0.2146737 0.5954551
-0.1854745 -0.7485092 0.2196987 0.5975499
-0.1802517 -0.7466804 0.2246601 0.5995878
-0.1750806 -0.74483 0.2295493 0.6015665
-0.1699711 -0.7429627 0.2343579 0.6034837
-0.1649327 -0.7410841 0.2390778 0.6053375
-0.1599754 -0.7391995 0.2437009 0.6071261
-0.1551086 -0.7373146 0.2482195 0.6088479
-0.1503419 -0.7354353 0.2526259 0.6105018
-0.1456849 -0.7335678 0.2569126 0.6120868
-0.1411469 -0.7317181 0.2610724 0.613602
-0.1367372 -0.7298926 0.2650985 0.6150469
-0.1324651 -0.7280977 0.2689836 0.6164209
-0.1283395 -0.7263398 0.2727213 0.6177236
-0.1243694 -0.7246256 0.276305 0.6189552
-0.1205638 -0.7229617 0.2797283 0.6201153
-0.1169313 -0.7213545 0.2829848 0.6212041
-0.1134806 -0.7198106 0.2860684 0.6222216
-0.1102204 -0.7183367 0.288973 0.6231682
-0.107159 -0.7169393 0.2916926 0.6240436
-0.1043049 -0.7156247 0.2942214 0.6248485
-0.1016665 -0.7143995 0.2965532 0.6255826
-0.09925204 -0.7132698 0.2986822 0.6262462
-0.09706977 -0.7122419 0.3006024 0.6268391
-0.09512797 -0.7113217 0.3023078 0.6273613
-0.09343487 -0.7105151 0.3037924 0.6278124
-0.09199872 -0.7098278 0.3050499 0.6281921
-0.09082776 -0.7092654 0.306074 0.6284996
-0.08993036 -0.708833 0.3068581 0.628734
-0.08931478 -0.7085358 0.3073955 0.6288942
-0.08898953 -0.7083786 0.3076794 0.6289786
-0.08893725 -0.7083533 0.307725 0.6289922
0.08885733 0.7082076 -0.3080847 -0.6289914
0.08862045 0.7077754 -0.3091504 -0.6289885
0.08823051 0.7070622 -0.3109024 -0.6289818
0.08769105 0.7060723 -0.3133218 -0.6289687
0.08700533 0.7048084 -0.3163901 -0.6289456
0.08617625 0.7032719 -0.320089 -0.6289081
0.08520649 0.7014632 -0.3244005 -0.628851
0.08409858 0.6993817 -0.3293069 -0.6287684
0.0828548 0.697026 -0.3347901 -0.6286538
0.08147741 0.6943938 -0.340832 -0.6285
0.07996857 0.6914824 -0.3474145 -0.6282995
0.0783304 0.6882888 -0.3545187 -0.6280441
0.07656503 0.6848094 -0.3621254 -0.6277253
0.07467471 0.6810406 -0.3702147 -0.6273344
0.07266175 0.6769788 -0.378766 -0.6268624
0.07052859 0.6726203 -0.3877577 -0.6263
0.06827791 0.667962 -0.3971674 -0.6256381
0.06591256 0.6630011 -0.4069719 -0.6248672
0.06343568 0.6577352 -0.4171466 -0.6239784
0.06085069 0.6521629 -0.4276661 -0.6229627
0.05816134 0.6462834 -0.4385039 -0.6218113
0.05537171 0.6400971 -0.4496321 -0.6205164
0.05248627 0.6336055 -0.4610221 -0.6190702
0.04950984 0.6268111 -0.4726443 -0.6174658
0.04644769 0.6197183 -0.484468 -0.6156969
0.04330543 0.6123325 -0.4964618 -0.6137583
0.04008911 0.604661 -0.5085937 -0.6116456
0.03680514 0.5967127 -0.520831 -0.6093558
0.03346032 0.5884981 -0.5331408 -0.6068866
0.0300618 0.5800295 -0.5454899 -0.6042374
0.02661704 0.571321 -0.5578454 -0.6014088
0.02313381 0.5623882 -0.5701743 -0.5984025
0.01962007 0.5532486 -0.5824445 -0.5952222
0.01608407 0.5439214 -0.5946243 -0.5918723
0.01253414 0.5344269 -0.606683 -0.5883594
0.008978703 0.5247871 -0.618591 -0.5846907
0.005426261 0.5150251 -0.6303202 -0.5808754
0.001885303 0.5051653 -0.6418439 -0.5769237
-0.001635772 0.4952331 -0.6531369 -0.5728471
-0.005128687 0.4852541 -0.6641762 -0.5686581
-0.00858532 0.4752552 -0.6749406 -0.5643705
-0.01199776 0.4652632 -0.6854107 -0.5599986
-0.01535839 0.4553052 -0.6955693 -0.5555578
-0.01865984 0.4454086 -0.7054014 -0.5510643
-0.02189513 0.4356005 -0.7148938 -0.5465344
-0.02505756 0.4259075 -0.7240355 -0.5419849
-0.02814086 0.416356 -0.7328175 -0.5374331
-0.03113908 0.4069719 -0.7412326 -0.5328963
-0.03404671 0.3977804 -0.7492753 -0.528392
-0.03685854 0.3888058 -0.7569419 -0.5239374
-0.03956982 0.3800718 -0.7642303 -0.5195497
-0.04217609 0.3716012 -0.7711391 -0.5152458
-0.04467326 0.3634159 -0.777669 -0.5110424
-0.04705752 0.3555368 -0.7838209 -0.5069556
-0.04932538 0.3479843 -0.789597 -0.5030015
-0.05147356 0.3407776 -0.795 -0.4991955
-0.05349901 0.3339354 -0.800033 -0.4955525
-0.05539891 0.3274752 -0.8046996 -0.492087
-0.0571705 0.3214144 -0.8090032 -0.4888131
-0.05881118 0.3157695 -0.8129473 -0.4857444
-0.06031841 0.3105566 -0.8165352 -0.4828939
-0.06168959 0.3057913 -0.8197698 -0.4802745
-0.06292222 0.3014888 -0.8226534 -0.4778983
-0.06401365 0.2976645 -0.8251873 -0.4757773
-0.06496111 0.2943332 -0.8273724 -0.473923
-0.06576174 0.2915099 -0.8292081 -0.4723466
-0.06641245 0.2892097 -0.8306928 -0.4710589
-0.06690989 0.287448 -0.8318235 -0.4700707
-0.06725044 0.2862401 -0.8325953 -0.4693922
-0.06743017 0.2856021 -0.833002 -0.4690334
-0.06745905 0.2854996 -0.8330673 -0.4689758
-0.0675057 0.2853769 -0.8331712 -0.4688591
-0.06764383 0.2850134 -0.8334788 -0.4685134
-0.06787082 0.2844158 -0.8339838 -0.4679447
-0.068184 0.2835905 -0.8346794 -0.4671592
-0.06858072 0.2825439 -0.8355587 -0.4661624
-0.06905831 0.2812819 -0.8366145 -0.4649599
-0.06961413 0.2798108 -0.8378395 -0.4635568
-0.07024552 0.2781363 -0.839226 -0.4619584
-0.07094979 0.2762642 -0.8407664 -0.4601696
-0.07172429 0.2742004 -0.8424529 -0.4581954
-0.07256629 0.2719505 -0.8442772 -0.4560406
-0.0734731 0.2695202 -0.8462315 -0.4537101
-0.07444199 0.2669154 -0.8483073 -0.4512088
-0.07547021 0.2641417 -0.8504964 -0.4485413
-0.07655498 0.2612049 -0.8527905 -0.4457127
-0.07769351 0.2581109 -0.855181 -0.4427278
-0.07888298 0.2548657 -0.8576596 -0.4395918
-0.08012053 0.2514754 -0.8602178 -0.4363097
-0.08140332 0.247946 -0.8628472 -0.4328868
-0.08272842 0.2442839 -0.8655394 -0.4293286
-0.08409295 0.2404954 -0.8682859 -0.4256406
-0.08549394 0.2365872 -0.8710787 -0.4218285
-0.08692846 0.232566 -0.8739094 -0.4178983
-0.08839352 0.2284385 -0.87677 -0.4138561
-0.08988613 0.2242119 -0.8796526 -0.4097081
-0.0914033 0.2198933 -0.8825496 -0.4054611
-0.092942 0.21549 -0.8854532 -0.4011215
-0.09449924 0.2110096 -0.8883562 -0.3966964
-0.096072 0.2064597 -0.8912516 -0.392193
-0.09765728 0.201848 -0.8941322 -0.3876185
-0.09925208 0.1971824 -0.8969917 -0.3829806
-0.1008534 0.1924712 -0.8998235 -0.378287
-0.1024583 0.1877223 -0.9026219 -0.3735456
-0.1040639 0.1829441 -0.905381 -0.3687646
-0.1056672 0.1781451 -0.9080955 -0.3639524
-0.1072654 0.1733336 -0.9107604 -0.3591172
-0.1088556 0.1685182 -0.913371 -0.3542677
-0.1104351 0.1637076 -0.9159229 -0.3494126
-0.1120011 0.1589103 -0.9184123 -0.344561
-0.113551 0.154135 -0.9208354 -0.3397215
-0.1150821 0.1493905 -0.9231893 -0.3349033
-0.1165918 0.1446855 -0.9254708 -0.3301155
-0.1180777 0.1400286 -0.9276777 -0.3253672
-0.1195372 0.1354285 -0.9298076 -0.3206677
-0.1209681 0.1308938 -0.9318589 -0.3160261
-0.122368 0.1264331 -0.9338301 -0.3114518
-0.1237347 0.122055 -0.9357199 -0.3069538
-0.1250659 0.1177679 -0.9375276 -0.3025415
-0.1263595 0.1135802 -0.9392526 -0.2982239
-0.1276136 0.1095003 -0.9408945 -0.2940104
-0.128826 0.1055362 -0.9424533 -0.2899099
-0.1299949 0.1016963 -0.9439293 -0.2859316
-0.1311184 0.09798856 -0.9453225 -0.2820843
-0.1321946 0.09442094 -0.9466338 -0.2783769
-0.1332217 0.09100134 -0.9478637 -0.2748185
-0.134198 0.08773752 -0.9490129 -0.2714177
-0.1351217 0.08463728 -0.9500823 -0.2681832
-0.1359912 0.0817082 -0.9510729 -0.2651236
-0.1368048 0.0789579 -0.9519855 -0.2622477
-0.1375607 0.07639389 -0.952821 -0.2595636
-0.1382574 0.07402365 -0.9535803 -0.25708
-0.1388932 0.07185463 -0.9542641 -0.2548052
-0.1394663 0.06989422 -0.9548731 -0.2527476
-0.139975 0.06814984 -0.9554078 -0.2509153
-0.1404177 0.06662886 -0.9558685 -0.2493168
-0.1407926 0.06533869 -0.9562553 -0.2479601
-0.1410978 0.06428678 -0.9565679 -0.2468534
-0.1413314 0.06348059 -0.9568058 -0.2460049
-0.1414915 0.06292757 -0.9569681 -0.2454227
-0.1415761 0.06263539 -0.9570537 -0.2451151
-0.1415897 0.06258843 -0.9570674 -0.2450656
-0.1415903 0.06256228 -0.9570701 -0.2450615
-0.1415922 0.06248476 -0.957078 -0.2450492
-0.1415952 0.0623574 -0.957091 -0.245029
-0.1415993 0.0621817 -0.9571089 -0.2450012
-0.1416046 0.06195914 -0.9571316 -0.244966
-0.1416109 0.06169121 -0.9571589 -0.2449235
-0.1416183 0.06137942 -0.9571905 -0.2448741
-0.1416266 0.06102525 -0.9572262 -0.2448179
-0.1416359 0.06063021 -0.957266 -0.2447552
-0.141646 0.06019576 -0.9573095 -0.2446862
-0.1416571 0.05972343 -0.9573567 -0.2446112
-0.1416689 0.05921469 -0.9574072 -0.2445303
-0.1416815 0.05867102 -0.9574609 -0.2444437
-0.1416948 0.05809395 -0.9575176 -0.2443518
-0.1417088 0.05748495 -0.957577 -0.2442547
-0.1417234 0.05684551 -0.957639 -0.2441527
-0.1417387 0.05617713 -0.9577035 -0.2440459
-0.1417545 0.05548131 -0.95777 -0.2439346
-0.1417708 0.05475953 -0.9578386 -0.2438191
-0.1417876 0.05401329 -0.9579089 -0.2436995
-0.1418048 0.05324409 -0.9579808 -0.2435761
-0.1418224 0.05245342 -0.9580541 -0.243449
-0.1418404 0.05164278 -0.9581286 -0.2433187
-0.1418587 0.05081367 -0.9582041 -0.2431851
-0.1418772 0.04996757 -0.9582804 -0.2430487
-0.1418959 0.04910601 -0.9583575 -0.2429096
-0.1419149 0.04823045 -0.958435 -0.2427681
-0.141934 0.04734242 -0.9585128 -0.2426244
-0.1419533 0.0464434 -0.9585909 -0.2424786
-0.1419726 0.04553489 -0.9586689 -0.2423312
-0.1419919 0.04461839 -0.9587467 -0.2421822
-0.1420113 0.04369542 -0.9588243 -0.242032
-0.1420306 0.04276746 -0.9589015 -0.2418807
-0.1420499 0.04183602 -0.958978 -0.2417287
-0.1420691 0.0409026 -0.9590539 -0.2415762
-0.1420882 0.0399687 -0.9591289 -0.2414234
-0.1421071 0.03903582 -0.9592029 -0.2412705
-0.1421259 0.03810547 -0.959276 -0.2411178
-0.1421445 0.03717915 -0.9593478 -0.2409656
-0.1421628 0.03625836 -0.9594184 -0.240814
-0.1421808 0.0353446 -0.9594876 -0.2406635
-0.1421986 0.03443938 -0.9595553 -0.2405141
-0.142216 0.0335442 -0.9596215 -0.2403662
-0.1422331 0.03266057 -0.9596861 -0.24022
-0.1422499 0.03178998 -0.9597489 -0.2400758
-0.1422662 0.03093393 -0.95981 -0.2399338
-0.1422821 0.03009393 -0.9598692 -0.2397943
-0.1422976 0.02927149 -0.9599265 -0.2396576
-0.1423127 0.0284681 -0.9599818 -0.2395239
-0.1423273 0.02768527 -0.9600351 -0.2393934
-0.1423413 0.02692449 -0.9600862 -0.2392665
-0.1423549 0.02618728 -0.9601353 -0.2391434
-0.1423679 0.02547511 -0.9601822 -0.2390243
-0.1423804 0.02478952 -0.9602268 -0.2389095
-0.1423922 0.02413199 -0.9602692 -0.2387993
-0.1424035 0.02350401 -0.9603093 -0.2386941
-0.1424142 0.0229071 -0.9603471 -0.2385939
-0.1424243 0.02234275 -0.9603824 -0.2384991
-0.1424337 0.02181246 -0.9604154 -0.2384099
-0.1424424 0.02131774 -0.9604458 -0.2383267
-0.1424505 0.02086007 -0.9604738 -0.2382497
-0.1424578 0.02044097 -0.9604992 -0.2381791
-0.1424644 0.02006192 -0.9605221 -0.2381152
-0.1424703 0.01972443 -0.9605423 -0.2380583
-0.1424754 0.01943001 -0.9605598 -0.2380086
-0.1424797 0.01918013 -0.9605747 -0.2379664
