0.1371876 0.7424757 0.05174932 0.6536294
0.1363437 0.7421854 0.05182945 0.6541293
0.1351496 0.7417731 0.05194271 0.6548352
0.1336152 0.7412413 0.05208804 0.6557401
0.1317504 0.7405917 0.05226438 0.6568365
0.1295646 0.7398258 0.05247064 0.6581168
0.1270675 0.7389448 0.05270572 0.6595731
0.1242683 0.7379496 0.05296852 0.6611975
0.1211766 0.7368411 0.05325794 0.662982
0.1178015 0.7356198 0.05357283 0.6649182
0.1141526 0.7342865 0.05391207 0.6669977
0.1102392 0.7328417 0.0542745 0.669212
0.1060708 0.7312854 0.05465895 0.6715527
0.101657 0.7296185 0.05506425 0.6740109
0.09700741 0.7278412 0.05548922 0.6765779
0.09213195 0.7259543 0.05593266 0.6792449
0.0870406 0.7239583 0.05639336 0.6820031
0.08174352 0.721854 0.0568701 0.6848436
0.07625107 0.7196424 0.05736166 0.6877574
0.07057383 0.7173247 0.05786682 0.6907359
0.06472252 0.7149024 0.05838432 0.6937701
0.05870813 0.7123771 0.05891294 0.6968513
0.05254185 0.7097506 0.05945142 0.6999708
0.04623508 0.7070252 0.05999854 0.7031201
0.03979943 0.7042035 0.06055306 0.7062908
0.03324666 0.7012883 0.06111374 0.7094747
0.02658877 0.698283 0.06167937 0.7126638
0.01983794 0.6951908 0.06224872 0.7158501
0.01300647 0.6920159 0.0628206 0.719026
0.006106833 0.6887626 0.06339384 0.7221842
-0.0008484199 0.6854356 0.06396727 0.7253176
-0.007846553 0.6820399 0.06453975 0.7284194
-0.01487486 0.6785808 0.06511015 0.7314832
-0.02192053 0.6750643 0.06567742 0.7345027
-0.02897072 0.6714965 0.06624047 0.7374724
-0.03601262 0.6678838 0.0667983 0.7403867
-0.04303338 0.664233 0.06734989 0.7432406
-0.05002028 0.6605515 0.06789431 0.7460296
-0.05696066 0.6568465 0.06843063 0.7487493
-0.0638419 0.6531258 0.06895798 0.7513958
-0.07065158 0.6493975 0.06947554 0.7539659
-0.07737736 0.6456696 0.06998248 0.7564562
-0.0840071 0.6419507 0.07047805 0.7588642
-0.09052888 0.6382495 0.07096158 0.7611877
-0.09693087 0.6345747 0.07143233 0.7634245
-0.1032015 0.6309352 0.07188969 0.765573
-0.1093295 0.6273402 0.07233308 0.7676322
-0.1153037 0.6237988 0.07276195 0.7696011
-0.1211131 0.6203203 0.07317573 0.7714789
-0.1267471 0.616914 0.07357395 0.7732652
-0.1321953 0.6135893 0.07395618 0.7749601
-0.1374473 0.6103554 0.07432196 0.7765635
-0.1424932 0.6072217 0.0746709 0.7780757
-0.1473231 0.6041976 0.0750026 0.7794971
-0.1519274 0.6012923 0.07531672 0.7808285
-0.1562964 0.598515 0.0756129 0.7820703
-0.1604209 0.5958749 0.07589079 0.7832233
-0.1642917 0.5933812 0.07615009 0.7842883
-0.1678995 0.5910428 0.07639046 0.7852661
-0.1712352 0.5888684 0.07661156 0.7861573
-0.1742899 0.5868671 0.07681308 0.7869624
-0.1770543 0.5850474 0.07699466 0.7876822
-0.1795196 0.5834178 0.07715596 0.7883168
-0.1816765 0.5819868 0.07729658 0.7888665
-0.1835158 0.5807626 0.07741614 0.7893311
-0.1850282 0.5797533 0.07751419 0.7897103
-0.186204 0.5789669 0.07759028 0.7900033
-0.1870337 0.5784111 0.07764389 0.7902092
-0.1875072 0.5780936 0.07767444 0.7903263
-0.1876227 0.578016 0.07768188 0.7903547
0.1874553 -0.5780665 -0.07763162 -0.7903625
0.1869593 -0.578216 -0.07748269 -0.7903854
0.186144 -0.5784611 -0.0772379 -0.7904224
0.1850186 -0.5787987 -0.07689996 -0.7904724
0.1835922 -0.5792252 -0.07647156 -0.7905342
0.1818735 -0.5797371 -0.07595535 -0.790606
0.1798716 -0.5803306 -0.07535396 -0.7906861
0.177595 -0.5810018 -0.07466993 -0.7907727
0.1750525 -0.5817468 -0.07390586 -0.7908636
0.1722527 -0.5825617 -0.0730643 -0.7909567
0.1692044 -0.5834423 -0.07214779 -0.7910497
0.1659162 -0.5843845 -0.07115889 -0.7911403
0.1623968 -0.5853841 -0.07010017 -0.7912261
0.1586548 -0.5864369 -0.06897415 -0.7913047
0.1546991 -0.5875384 -0.06778346 -0.7913737
0.1505386 -0.5886846 -0.06653069 -0.7914305
0.1461822 -0.5898712 -0.06521846 -0.7914729
0.1416389 -0.5910938 -0.06384945 -0.7914984
0.1369179 -0.5923484 -0.06242635 -0.7915048
0.1320284 -0.5936305 -0.06095188 -0.7914898
0.1269797 -0.5949361 -0.05942881 -0.7914515
0.1217815 -0.5962611 -0.05785995 -0.7913875
0.1164432 -0.5976014 -0.05624817 -0.7912962
0.1109747 -0.598953 -0.05459632 -0.7911758
0.1053858 -0.6003121 -0.05290736 -0.7910247
0.09968647 -0.6016749 -0.05118427 -0.7908415
0.0938869 -0.6030377 -0.04943005 -0.7906248
0.08799729 -0.6043969 -0.04764777 -0.7903737
0.08202797 -0.6057492 -0.04584052 -0.7900873
0.07598943 -0.6070914 -0.04401143 -0.7897649
0.06989213 -0.6084201 -0.04216366 -0.7894063
0.06374674 -0.6097326 -0.04030042 -0.7890111
0.05756388 -0.611026 -0.0384249 -0.7885792
0.05135435 -0.6122976 -0.03654037 -0.7881112
0.04512893 -0.6135451 -0.0346501 -0.7876073
0.03889839 -0.614766 -0.03275734 -0.7870684
0.03267358 -0.6159584 -0.03086541 -0.7864954
0.02646534 -0.6171202 -0.02897759 -0.7858896
0.02028449 -0.61825 -0.02709719 -0.7852524
0.01414184 -0.6193459 -0.02522751 -0.7845854
0.008048138 -0.6204068 -0.02337184 -0.7838906
0.002014106 -0.6214315 -0.02153347 -0.78317
-0.003949622 -0.6224189 -0.01971568 -0.782426
-0.009832425 -0.6233683 -0.01792172 -0.7816612
-0.01562385 -0.6242791 -0.01615482 -0.7808781
-0.02131346 -0.6251509 -0.01441821 -0.7800797
-0.02689099 -0.6259832 -0.01271507 -0.7792691
-0.03234618 -0.6267759 -0.01104856 -0.7784495
-0.03766897 -0.6275293 -0.009421817 -0.7776242
-0.04284934 -0.6282431 -0.007837958 -0.7767967
-0.04787746 -0.6289178 -0.006300027 -0.7759706
-0.05274355 -0.6295537 -0.004811091 -0.7751498
-0.05743796 -0.6301512 -0.003374143 -0.7743378
-0.06195118 -0.6307109 -0.001992163 -0.7735385
-0.06627371 -0.6312333 -0.0006681155 -0.772756
-0.0703963 -0.6317193 0.0005950989 -0.7719941
-0.07430959 -0.6321694 0.001794561 -0.7712566
-0.07800447 -0.6325842 0.002927421 -0.7705478
-0.08147179 -0.6329647 0.003990802 -0.7698715
-0.08470251 -0.6333116 0.00498189 -0.7692315
-0.08768763 -0.6336253 0.005897847 -0.7686319
-0.09041811 -0.6339068 0.00673586 -0.7680764
-0.092885 -0.6341565 0.007493135 -0.7675688
-0.09507927 -0.6343749 0.008166846 -0.7671126
-0.09699196 -0.6345626 0.008754188 -0.7667114
-0.09861397 -0.6347196 0.009252346 -0.7663686
-0.09993615 -0.6348462 0.009658468 -0.7660874
-0.1009493 -0.6349424 0.009969694 -0.7658708
-0.1016442 -0.6350079 0.01018317 -0.7657217
-0.1020113 -0.6350423 0.01029596 -0.7656428
-0.1020703 -0.6350479 0.01031409 -0.7656301
-0.1019151 -0.6351051 0.01027739 -0.7656038
-0.1014551 -0.6352749 0.01016871 -0.7655255
-0.1006992 -0.6355535 0.009990097 -0.7653964
-0.09965595 -0.6359372 0.009743594 -0.7652174
-0.09833379 -0.6364222 0.009431227 -0.7649892
-0.09674118 -0.6370044 0.009055005 -0.7647122
-0.09488649 -0.6376798 0.008616924 -0.7643865
-0.09277804 -0.6384443 0.008118977 -0.7640126
-0.09042414 -0.6392934 0.007563147 -0.7635904
-0.08783303 -0.6402229 0.006951416 -0.7631197
-0.08501301 -0.6412282 0.00628577 -0.7626006
-0.08197238 -0.642305 0.005568194 -0.7620328
-0.07871941 -0.6434485 0.004800685 -0.761416
-0.07526248 -0.6446543 0.003985244 -0.76075
-0.07160997 -0.6459177 0.003123887 -0.7600346
-0.06777036 -0.6472341 0.002218644 -0.7592695
-0.06375214 -0.6485991 0.001271554 -0.7584546
-0.05956391 -0.6500077 0.0002846824 -0.7575896
-0.05521435 -0.6514556 -0.0007398943 -0.7566746
-0.05071221 -0.6529381 -0.00180008 -0.7557096
-0.04606634 -0.6544507 -0.002893762 -0.7546946
-0.04128569 -0.6559889 -0.004018796 -0.7536298
-0.03637929 -0.6575485 -0.00517303 -0.7525157
-0.03135624 -0.659125 -0.006354294 -0.7513527
-0.02622576 -0.660714 -0.007560385 -0.7501413
-0.02099718 -0.6623117 -0.008789094 -0.7488826
-0.01567987 -0.6639138 -0.01003819 -0.7475773
-0.01028327 -0.6655166 -0.01130543 -0.7462266
-0.004816928 -0.6671161 -0.01258856 -0.7448319
0.000709534 -0.6687087 -0.0138853 -0.7433945
0.006286487 -0.6702909 -0.01519337 -0.7419162
0.01190422 -0.6718594 -0.01651049 -0.740399
0.01755299 -0.6734108 -0.01783436 -0.7388449
0.02322303 -0.6749422 -0.01916268 -0.7372561
0.02890453 -0.6764507 -0.02049315 -0.7356352
0.03458774 -0.6779335 -0.02182349 -0.7339847
0.04026284 -0.6793883 -0.0231514 -0.7323077
0.04592007 -0.6808125 -0.02447459 -0.7306071
0.05154968 -0.6822041 -0.0257908 -0.7288862
0.05714198 -0.683561 -0.02709776 -0.7271485
0.0626873 -0.6848814 -0.02839322 -0.7253975
0.06817599 -0.6861638 -0.02967496 -0.723637
0.0735986 -0.6874068 -0.03094076 -0.7218711
0.07894558 -0.6886089 -0.03218843 -0.7201037
0.08420762 -0.6897693 -0.03341582 -0.718339
0.08937538 -0.6908868 -0.03462076 -0.7165815
0.09443969 -0.6919607 -0.03580115 -0.7148355
0.09939141 -0.6929905 -0.03695488 -0.7131058
0.1042216 -0.6939756 -0.03807989 -0.7113971
0.1089212 -0.6949157 -0.03917412 -0.7097139
0.1134816 -0.6958104 -0.04023558 -0.7080613
0.117894 -0.6966599 -0.04126225 -0.7064443
0.1221498 -0.697464 -0.04225217 -0.7048675
0.1262406 -0.6982227 -0.04320339 -0.7033363
0.1301577 -0.6989362 -0.044114 -0.7018555
0.133893 -0.6996046 -0.04498209 -0.7004303
0.1374381 -0.7002284 -0.04580575 -0.6990656
0.140785 -0.7008076 -0.04658315 -0.6977667
0.1439252 -0.7013426 -0.04731239 -0.6965384
0.1468509 -0.7018335 -0.04799164 -0.6953858
0.1495538 -0.7022808 -0.04861907 -0.6943138
0.152026 -0.7026844 -0.0491928 -0.6933274
0.1542593 -0.7030447 -0.04971102 -0.6924314
0.1562457 -0.7033615 -0.05017185 -0.6916304
0.157977 -0.703635 -0.05057347 -0.6909294
0.1594452 -0.7038649 -0.050914 -0.6903327
0.1606419 -0.704051 -0.05119154 -0.6898448
0.1615589 -0.7041928 -0.05140419 -0.6894701
0.1621878 -0.7042896 -0.05155003 -0.6892126
0.1625201 -0.7043406 -0.05162707 -0.6890764
0.1625735 -0.7043487 -0.05163945 -0.6890545
-0.1624793 0.7046593 0.05134368 0.6887812
-0.1621998 0.7055793 0.05046652 0.6879696
-0.1617387 0.7070908 0.04902167 0.6866295
-0.1610986 0.7091759 0.04702092 0.6847671
-0.1602814 0.7118162 0.04447439 0.6823852
-0.1592879 0.7149935 0.04139077 0.6794841
-0.1581183 0.7186884 0.03777749 0.676061
-0.1567723 0.7228815 0.03364101 0.6721109
-0.1552488 0.727552 0.02898698 0.6676269
-0.1535464 0.7326785 0.02382052 0.6625997
-0.151663 0.7382379 0.01814649 0.657019
-0.1495966 0.7442059 0.01196966 0.6508726
-0.1473447 0.7505565 0.005295045 0.6441478
-0.1449048 0.7572619 -0.001871862 0.6368308
-0.1422744 0.764292 -0.009524796 0.6289078
-0.1394511 0.7716147 -0.01765646 0.6203648
-0.1364328 0.7791955 -0.02625822 0.6111881
-0.1332176 0.7869976 -0.03531982 0.6013654
-0.1298045 0.7949817 -0.04482913 0.5908852
-0.1261926 0.8031058 -0.05477184 0.5797384
-0.1223823 0.8113261 -0.06513125 0.5679176
-0.1183747 0.8195963 -0.07588798 0.5554191
-0.1141721 0.8278681 -0.08701991 0.5422422
-0.109778 0.836092 -0.09850197 0.5283903
-0.1051972 0.844217 -0.110306 0.5138714
-0.1004359 0.8521916 -0.1224009 0.4986985
-0.09550212 0.8599644 -0.1347525 0.4828897
-0.0904052 0.8674845 -0.1473239 0.466469
-0.08515621 0.8747025 -0.1600756 0.4494662
-0.07976781 0.8815711 -0.1729658 0.4319171
-0.07425418 0.8880461 -0.1859509 0.4138633
-0.06863097 0.8940868 -0.1989858 0.3953522
-0.06291512 0.8996572 -0.2120245 0.3764363
-0.05712475 0.9047263 -0.2250209 0.3571733
-0.05127885 0.9092687 -0.2379291 0.3376249
-0.0453971 0.9132655 -0.2507043 0.3178563
-0.03949966 0.9167038 -0.263303 0.2979352
-0.03360684 0.9195777 -0.275684 0.2779314
-0.0277388 0.9218875 -0.2878087 0.2579151
-0.02191537 0.9236403 -0.2996416 0.2379566
-0.01615578 0.924849 -0.3111507 0.2181249
-0.01047842 0.9255327 -0.3223075 0.1984875
-0.004900609 0.9257152 -0.3330877 0.1791088
0.0005614237 0.9254251 -0.3434707 0.1600503
0.005892854 0.9246947 -0.3534399 0.1413692
0.01108013 0.9235597 -0.3629827 0.1231189
0.01611126 0.9220583 -0.3720899 0.1053479
0.02097549 0.9202302 -0.3807558 0.08810039
0.02566365 0.9181163 -0.3889777 0.07141571
0.0301678 0.9157584 -0.3967559 0.05532858
0.03448134 0.9131978 -0.4040931 0.03986933
0.0385988 0.9104757 -0.4109939 0.02506411
0.04251578 0.9076321 -0.4174648 0.01093533
0.04622884 0.904706 -0.4235134 -0.002498253
0.04973533 0.9017351 -0.4291488 -0.01522087
0.0530333 0.898755 -0.4343802 -0.02721941
0.05612129 0.8957998 -0.4392176 -0.0384829
0.05899835 0.892902 -0.4436711 -0.04900231
0.06166375 0.8900917 -0.4477505 -0.05876978
0.06411695 0.8873975 -0.4514652 -0.06777845
0.06635745 0.8848459 -0.4548243 -0.07602206
0.06838468 0.8824618 -0.4578357 -0.0834941
0.07019795 0.8802681 -0.4605066 -0.0901883
0.07179621 0.8782864 -0.462843 -0.09609711
0.0731781 0.8765363 -0.4648496 -0.1012124
0.07434177 0.8750361 -0.4665294 -0.1055246
0.07528475 0.8738025 -0.4678842 -0.1090221
0.07600392 0.872851 -0.4689133 -0.1116914
0.07649548 0.8721952 -0.4696148 -0.1135167
0.07675461 0.8718477 -0.4699839 -0.1144793
0.07679623 0.8717918 -0.4700431 -0.114634
0.07678002 0.8718652 -0.4698528 -0.1148661
0.07673197 0.8720823 -0.4692888 -0.1155539
0.07665284 0.8724377 -0.4683605 -0.1166844
0.07654326 0.8729252 -0.4670768 -0.1182451
0.07640382 0.8735381 -0.4654458 -0.1202239
0.07623498 0.874269 -0.4634751 -0.1226086
0.07603716 0.8751099 -0.4611715 -0.1253873
0.07581072 0.8760523 -0.4585418 -0.1285479
0.07555596 0.8770875 -0.455592 -0.1320788
0.07527316 0.878206 -0.4523284 -0.1359679
0.07496253 0.8793982 -0.4487565 -0.1402034
0.0746243 0.8806541 -0.4448824 -0.1447731
0.0742587 0.8819634 -0.4407115 -0.1496649
0.07386589 0.8833156 -0.4362497 -0.1548661
0.07344611 0.8847 -0.4315031 -0.1603642
0.07299958 0.8861058 -0.4264776 -0.166146
0.07252656 0.887522 -0.4211798 -0.1721982
0.07202733 0.8889378 -0.4156164 -0.1785071
0.07150222 0.8903422 -0.4097945 -0.1850587
0.0709516 0.8917245 -0.403722 -0.1918385
0.07037592 0.893074 -0.3974068 -0.1988316
0.06977567 0.8943803 -0.3908577 -0.206023
0.0691514 0.8956335 -0.3840841 -0.2133969
0.06850377 0.8968236 -0.3770958 -0.2209374
0.06783351 0.8979417 -0.3699035 -0.2286282
0.06714138 0.8989787 -0.3625183 -0.2364526
0.06642833 0.8999265 -0.3549525 -0.2443938
0.06569531 0.9007776 -0.3472183 -0.2524346
0.06494339 0.9015253 -0.3393292 -0.2605578
0.06417374 0.9021632 -0.3312991 -0.2687457
0.0633876 0.9026863 -0.3231426 -0.2769809
0.06258633 0.9030901 -0.3148748 -0.285246
0.06177134 0.903371 -0.3065114 -0.2935233
0.06094415 0.9035267 -0.2980687 -0.3017955
0.06010634 0.9035553 -0.2895632 -0.3100453
0.05925959 0.9034564 -0.2810122 -0.3182561
0.0584056 0.9032302 -0.272433 -0.326411
0.05754618 0.9028782 -0.2638432 -0.3344939
0.05668316 0.9024026 -0.2552606 -0.3424889
0.05581843 0.9018065 -0.2467034 -0.3503809
0.05495391 0.9010943 -0.2381894 -0.358155
0.05409155 0.9002708 -0.2297368 -0.3657972
0.05323335 0.8993421 -0.2213635 -0.3732938
0.05238128 0.8983147 -0.2130873 -0.380632
0.05153733 0.8971961 -0.2049259 -0.3877995
0.05070353 0.8959944 -0.1968966 -0.3947848
0.04988182 0.8947181 -0.1890165 -0.4015771
0.04907422 0.8933765 -0.1813024 -0.4081661
0.04828266 0.8919795 -0.1737708 -0.4145423
0.04750908 0.8905368 -0.1664375 -0.4206966
0.04675539 0.8890592 -0.1593183 -0.4266209
0.04602346 0.8875572 -0.1524284 -0.4323075
0.04531512 0.8860417 -0.1457825 -0.4377491
0.04463219 0.8845237 -0.1393951 -0.4429389
0.04397643 0.8830144 -0.1332801 -0.4478706
0.04334957 0.8815248 -0.1274512 -0.4525385
0.04275331 0.8800659 -0.1219216 -0.4569368
0.04218929 0.8786488 -0.1167043 -0.4610601
0.04165916 0.8772842 -0.111812 -0.4649032
0.04116451 0.8759827 -0.1072571 -0.468461
0.0407069 0.8747545 -0.1030518 -0.4717285
0.04028787 0.8736099 -0.0992082 -0.4747003
0.03990895 0.8725584 -0.09573828 -0.4773714
0.03957164 0.8716092 -0.09265406 -0.4797361
0.03927743 0.8707713 -0.08996744 -0.4817888
0.0390278 0.8700532 -0.08769047 -0.4835232
0.03882422 0.8694626 -0.08583532 -0.4849327
0.03866818 0.869007 -0.08441438 -0.4860102
0.03856113 0.8686929 -0.0834401 -0.4867479
0.03850456 0.8685265 -0.08292546 -0.4871372
0.03849547 0.8684997 -0.08284274 -0.4871997
0.03831926 0.8686683 -0.08311379 -0.4868667
0.03779672 0.869167 -0.08391732 -0.4858786
0.03693625 0.869984 -0.08523987 -0.4842497
0.03574518 0.8711062 -0.08706918 -0.4819909
0.03423 0.8725193 -0.08939403 -0.4791107
0.03239639 0.8742076 -0.09220402 -0.4756154
0.03024944 0.8761542 -0.09548946 -0.4715089
0.02779369 0.8783408 -0.09924118 -0.4667934
0.0250333 0.880748 -0.1034504 -0.4614698
0.02197216 0.8833546 -0.1081083 -0.4555374
0.01861404 0.8861386 -0.1132063 -0.4489949
0.01496268 0.8890757 -0.1187353 -0.4418399
0.01102202 0.8921407 -0.1246859 -0.4340701
0.006796224 0.8953069 -0.1310482 -0.4256828
0.002289908 0.8985456 -0.1378113 -0.4166757
-0.002491759 0.9018271 -0.1449632 -0.4070472
-0.007542909 0.90512 -0.152491 -0.3967966
-0.01285679 0.9083915 -0.1603801 -0.3859247
-0.01842573 0.9116079 -0.1686146 -0.3744339
-0.02424092 0.9147343 -0.1771767 -0.3623286
-0.03029235 0.917735 -0.1860471 -0.3496159
-0.03656866 0.9205741 -0.1952042 -0.3363057
-0.04305712 0.923215 -0.2046247 -0.322411
-0.04974361 0.9256221 -0.2142833 -0.3079482
-0.05661243 0.9277598 -0.2241528 -0.2929376
-0.06364647 0.929594 -0.234204 -0.2774036
-0.07082719 0.9310921 -0.244406 -0.2613743
-0.07813469 0.9322243 -0.2547267 -0.2448822
-0.08554786 0.9329625 -0.2651321 -0.2279639
-0.09304439 0.9332827 -0.2755876 -0.2106602
-0.1006012 0.9331641 -0.2860581 -0.1930153
-0.1081944 0.9325905 -0.2965076 -0.1750773
-0.1157998 0.9315501 -0.3069008 -0.1568973
-0.1233929 0.9300357 -0.3172025 -0.138529
-0.1309493 0.9280456 -0.3273787 -0.1200282
-0.1384451 0.9255831 -0.3373967 -0.1014523
-0.145857 0.9226564 -0.3472252 -0.08285923
-0.1531625 0.9192792 -0.3568355 -0.0643075
-0.1603405 0.9154699 -0.366201 -0.04585484
-0.1673711 0.9112514 -0.3752977 -0.02755786
-0.1742361 0.9066508 -0.3841047 -0.009471431
-0.180919 0.9016989 -0.3926036 0.008351684
-0.1874049 0.8964298 -0.4007795 0.02586173
-0.1936811 0.89088 -0.4086201 0.04301201
-0.1997366 0.8850883 -0.4161165 0.05975927
-0.2055623 0.8790948 -0.4232621 0.07606393
-0.2111509 0.8729407 -0.4300536 0.0918903
-0.2164968 0.8666677 -0.4364896 0.1072062
-0.2215962 0.8603173 -0.4425712 0.1219835
-0.2264465 0.853931 -0.4483014 0.1361976
-0.2310466 0.8475489 -0.4536851 0.1498273
-0.2353965 0.8412105 -0.4587283 0.1628547
-0.2394974 0.8349539 -0.4634386 0.1752648
-0.2433509 0.8288154 -0.4678243 0.1870452
-0.2469597 0.82283 -0.4718942 0.1981857
-0.2503268 0.8170309 -0.4756578 0.2086783
-0.2534555 0.8114495 -0.4791248 0.2185164
-0.2563494 0.8061156 -0.4823046 0.2276946
-0.2590121 0.8010573 -0.4852068 0.2362084
-0.2614471 0.7963008 -0.4878403 0.244054
-0.2636577 0.7918712 -0.4902136 0.2512276
-0.2656468 0.787792 -0.4923345 0.2577254
-0.267417 0.7840853 -0.49421 0.263543
-0.2689703 0.7807721 -0.4958461 0.2686754
-0.2703079 0.7778726 -0.4972477 0.2731164
-0.2714304 0.7754055 -0.4984187 0.2768588
-0.2723374 0.773389 -0.4993612 0.2798931
-0.2730275 0.7718409 -0.5000762 0.2822083
-0.2734984 0.7707775 -0.5005629 0.2837913
-0.2737464 0.7702152 -0.5008189 0.2846259
-0.2737862 0.7701248 -0.50086 0.28476
0.2737127 -0.7701846 0.5007132 -0.2849272
0.2734948 -0.7703612 0.5002781 -0.2854225
0.2731363 -0.7706508 0.4995624 -0.2862364
0.2726409 -0.7710487 0.4985734 -0.2873593
0.2720119 -0.7715503 0.4973177 -0.2887815
0.2712524 -0.7721503 0.4958019 -0.2904936
0.2703655 -0.7728432 0.4940323 -0.2924858
0.2693541 -0.7736235 0.4920146 -0.2947486
0.2682211 -0.774485 0.4897548 -0.2972721
0.266969 -0.7754217 0.4872584 -0.3000467
0.2656007 -0.7764273 0.484531 -0.3030623
0.2641187 -0.7774952 0.4815779 -0.3063091
0.2625256 -0.7786189 0.4784048 -0.309777
0.2608242 -0.7797917 0.475017 -0.3134558
0.2590171 -0.7810068 0.4714202 -0.3173352
0.257107 -0.7822574 0.46762 -0.3214047
0.2550968 -0.7835366 0.4636223 -0.325654
0.2529893 -0.7848377 0.4594329 -0.3300722
0.2507875 -0.7861539 0.4550583 -0.3346485
0.2484947 -0.7874786 0.4505047 -0.3393723
0.2461139 -0.788805 0.4457788 -0.3442322
0.2436488 -0.7901269 0.4408879 -0.3492173
0.2411028 -0.7914379 0.4358389 -0.3543163
0.2384797 -0.7927319 0.4306397 -0.3595179
0.2357834 -0.7940031 0.4252981 -0.3648108
0.233018 -0.7952459 0.4198224 -0.3701835
0.2301878 -0.7964549 0.4142214 -0.3756246
0.2272973 -0.7976252 0.4085039 -0.3811228
0.224351 -0.7987522 0.4026793 -0.3866667
0.2213539 -0.7998314 0.3967572 -0.3922448
0.218311 -0.800859 0.3907478 -0.3978459
0.2152275 -0.8018315 0.3846612 -0.4034589
0.2121086 -0.8027459 0.3785082 -0.4090728
0.20896 -0.8035994 0.3722997 -0.4146766
0.2057873 -0.8043899 0.3660468 -0.4202598
0.2025962 -0.8051156 0.3597611 -0.4258118
0.1993927 -0.8057753 0.353454 -0.4313224
0.1961829 -0.8063681 0.3471376 -0.4367817
0.1929728 -0.8068938 0.3408237 -0.44218
0.1897686 -0.8073524 0.3345246 -0.4475079
0.1865766 -0.8077446 0.3282524 -0.4527563
0.1834032 -0.8080713 0.3220195 -0.4579166
0.1802546 -0.808334 0.3158384 -0.4629802
0.1771372 -0.8085346 0.3097213 -0.4679391
0.1740575 -0.8086753 0.3036807 -0.4727857
0.1710218 -0.8087589 0.2977289 -0.4775126
0.1680363 -0.8087881 0.2918782 -0.4821128
0.1651076 -0.8087665 0.2861409 -0.4865796
0.1622418 -0.8086975 0.2805291 -0.4909067
0.1594451 -0.8085851 0.2750548 -0.4950881
0.1567238 -0.8084333 0.2697299 -0.4991182
0.154084 -0.8082466 0.2645662 -0.5029914
0.1515316 -0.8080292 0.2595754 -0.5067028
0.1490727 -0.8077859 0.2547689 -0.5102472
0.1467131 -0.8075214 0.250158 -0.51362
0.1444587 -0.8072405 0.2457538 -0.5168168
0.1423151 -0.8069481 0.2415676 -0.519833
0.1402882 -0.8066489 0.23761 -0.5226646
0.1383835 -0.8063478 0.233892 -0.5253072
0.1366065 -0.8060497 0.2304241 -0.5277568
0.1349627 -0.8057591 0.2272169 -0.5300092
0.1334577 -0.8054806 0.2242808 -0.5320603
0.1320967 -0.8052186 0.2216263 -0.5339057
0.1308851 -0.8049773 0.2192636 -0.535541
0.1298283 -0.8047606 0.217203 -0.5369618
0.1289315 -0.8045722 0.2154547 -0.5381632
0.1282002 -0.8044154 0.2140291 -0.5391403
0.1276396 -0.8042933 0.2129363 -0.5398875
0.127255 -0.8042088 0.2121867 -0.5403993
0.1270518 -0.8041637 0.2117906 -0.5406694
0.1270191 -0.8041564 0.2117269 -0.5407128
-0.1271159 0.804169 -0.2117334 0.5406688
-0.1274027 0.8042062 -0.2117528 0.5405384
-0.1278739 0.8042671 -0.2117846 0.540324
-0.1285239 0.8043507 -0.2118284 0.540028
-0.1293473 0.8044561 -0.2118838 0.5396526
-0.1303386 0.8045821 -0.2119502 0.5392001
-0.1314922 0.8047275 -0.2120271 0.5386724
-0.1328025 0.8048911 -0.2121141 0.5380719
-0.1342641 0.8050717 -0.2122107 0.5374007
-0.1358714 0.8052678 -0.2123162 0.5366606
-0.1376188 0.8054782 -0.2124303 0.5358539
-0.1395009 0.8057015 -0.2125522 0.5349824
-0.141512 0.8059362 -0.2126816 0.5340484
-0.1436466 0.8061811 -0.2128177 0.5330538
-0.1458991 0.8064348 -0.2129602 0.5320005
-0.1482638 0.8066956 -0.2131083 0.5308906
-0.1507353 0.8069625 -0.2132617 0.5297263
-0.1533077 0.8072339 -0.2134196 0.5285096
-0.1559756 0.8075084 -0.2135817 0.5272425
-0.1587332 0.8077849 -0.2137473 0.5259272
-0.161575 0.808062 -0.213916 0.5245658
-0.1644951 0.8083385 -0.2140871 0.5231606
-0.1674879 0.8086131 -0.2142603 0.5217138
-0.1705478 0.8088846 -0.214435 0.5202276
-0.173669 0.8091521 -0.2146107 0.5187043
-0.1768458 0.8094144 -0.214787 0.5171463
-0.1800725 0.8096706 -0.2149634 0.5155562
-0.1833434 0.8099197 -0.2151396 0.5139362
-0.1866526 0.8101608 -0.2153149 0.5122888
-0.1899946 0.8103932 -0.2154891 0.5106168
-0.1933637 0.810616 -0.2156618 0.5089226
-0.196754 0.8108288 -0.2158327 0.5072089
-0.2001599 0.8110308 -0.2160013 0.5054784
-0.2035757 0.8112217 -0.2161673 0.503734
-0.2069957 0.811401 -0.2163305 0.5019785
-0.2104143 0.8115683 -0.2164906 0.5002146
-0.2138259 0.8117234 -0.2166473 0.4984453
-0.2172247 0.811866 -0.2168003 0.4966736
-0.2206053 0.8119961 -0.2169494 0.4949025
-0.2239621 0.8121137 -0.2170946 0.4931351
-0.2272895 0.8122188 -0.2172355 0.4913745
-0.2305819 0.8123115 -0.217372 0.4896237
-0.2338341 0.8123921 -0.217504 0.487886
-0.2370404 0.8124607 -0.2176314 0.4861646
-0.2401956 0.8125178 -0.217754 0.4844627
-0.2432941 0.8125637 -0.2178718 0.4827836
-0.2463307 0.8125989 -0.2179848 0.4811307
-0.2493002 0.812624 -0.2180928 0.4795072
-0.2521971 0.8126395 -0.2181959 0.4779166
-0.2550164 0.812646 -0.218294 0.4763621
-0.2577527 0.8126443 -0.2183871 0.4748472
-0.260401 0.8126351 -0.2184753 0.4733753
-0.2629561 0.812619 -0.2185586 0.4719498
-0.2654128 0.812597 -0.2186369 0.4705741
-0.2677662 0.8125699 -0.2187104 0.4692518
-0.2700112 0.8125384 -0.2187791 0.467986
-0.2721427 0.8125035 -0.218843 0.4667805
-0.2741559 0.8124661 -0.2189022 0.4656385
-0.2760455 0.812427 -0.2189567 0.4645636
-0.2778066 0.812387 -0.2190066 0.463559
-0.2794344 0.8123471 -0.219052 0.4626283
-0.2809236 0.812308 -0.2190929 0.4617749
-0.2822695 0.8122706 -0.2191293 0.461002
-0.2834669 0.8122357 -0.2191612 0.4603131
-0.2845109 0.8122039 -0.2191887 0.4597115
-0.2853965 0.812176 -0.2192118 0.4592005
-0.2861184 0.8121527 -0.2192305 0.4587834
-0.2866718 0.8121344 -0.2192447 0.4584634
-0.2870513 0.8121217 -0.2192544 0.4582438
-0.2872518 0.8121149 -0.2192595 0.4581278
-0.2872841 0.8121138 -0.2192603 0.4581091
-0.2871144 0.8123322 -0.2192014 0.4578564
-0.2866116 0.8129786 -0.2190264 0.4571073
-0.2857836 0.8140396 -0.218738 0.4558738
-0.284638 0.8155012 -0.2183383 0.4541668
-0.2831812 0.8173486 -0.2178288 0.451996
-0.2814192 0.8195665 -0.2172111 0.4493699
-0.2793574 0.8221393 -0.2164858 0.4462964
-0.2770005 0.8250503 -0.2156538 0.4427824
-0.2743532 0.8282827 -0.2147155 0.4388342
-0.2714195 0.8318188 -0.213671 0.4344578
-0.2682035 0.8356405 -0.2125206 0.429659
-0.2647091 0.839729 -0.211264 0.424443
-0.2609402 0.8440647 -0.2099013 0.4188155
-0.2569008 0.8486278 -0.2084323 0.4127819
-0.2525951 0.8533975 -0.2068569 0.406348
-0.2480275 0.8583526 -0.2051751 0.3995202
-0.2432028 0.8634714 -0.2033871 0.3923051
-0.2381262 0.8687316 -0.201493 0.3847103
-0.2328036 0.8741105 -0.1994933 0.3767436
-0.2272411 0.8795851 -0.1973887 0.3684146
-0.2214459 0.885132 -0.1951802 0.3597328
-0.2154257 0.8907278 -0.1928692 0.3507098
-0.209189 0.8963487 -0.1904573 0.3413576
-0.202745 0.9019714 -0.1879465 0.33169
-0.1961039 0.9075724 -0.1853393 0.3217218
-0.1892768 0.9131289 -0.1826388 0.3114692
-0.1822754 0.9186183 -0.1798483 0.3009497
-0.1751127 0.9240189 -0.1769717 0.2901821
-0.1678021 0.9293098 -0.1740134 0.2791867
-0.1603582 0.9344708 -0.1709783 0.2679849
-0.1527961 0.9394835 -0.1678717 0.2565994
-0.1451317 0.9443302 -0.1646996 0.2450539
-0.1373816 0.9489949 -0.161468 0.2333733
-0.1295628 0.9534633 -0.1581839 0.2215832
-0.1216931 0.9577226 -0.1548543 0.2097102
-0.1137903 0.9617621 -0.1514867 0.1977811
-0.1058726 0.9655725 -0.1480889 0.1858235
-0.09795848 0.969147 -0.1446689 0.1738654
-0.09006631 0.9724803 -0.1412351 0.1619346
-0.08221449 0.9755692 -0.1377958 0.1500589
-0.0744212 0.9784127 -0.1343598 0.1382662
-0.06670445 0.9810112 -0.1309355 0.1265837
-0.05908178 0.9833673 -0.1275318 0.1150382
-0.0515704 0.9854851 -0.1241571 0.1036561
-0.04418688 0.9873706 -0.1208201 0.09246268
-0.03694736 0.989031 -0.1175291 0.0814828
-0.02986718 0.9904752 -0.1142924 0.07074005
-0.02296123 0.991713 -0.1111181 0.06025726
-0.01624354 0.9927555 -0.108014 0.05005613
-0.009727563 0.9936148 -0.1049878 0.04015741
-0.0034259 0.9943036 -0.1020468 0.03058068
0.002649341 0.9948353 -0.09919807 0.02134463
0.008486923 0.9952238 -0.09644843 0.01246679
0.01407602 0.9954833 -0.09380446 0.003963963
0.01940656 0.9956282 -0.09127245 -0.004148144
0.02446901 0.9956731 -0.08885843 -0.01185457
0.0292541 0.9956324 -0.08656824 -0.01914099
0.03375329 0.9955202 -0.08440747 -0.02599386
0.0379581 0.9953505 -0.08238149 -0.03240005
0.04186046 0.995137 -0.0804956 -0.03834691
0.04545249 0.9948927 -0.07875483 -0.04382205
0.04872638 0.99463 -0.07716424 -0.04881319
0.05167432 0.9943607 -0.07572868 -0.05330838
0.05428848 0.994096 -0.07445304 -0.05729523
0.05656092 0.993846 -0.07334214 -0.06076133
0.05848337 0.9936201 -0.07240088 -0.06369408
0.06004734 0.9934266 -0.07163417 -0.06608015
0.06124379 0.9932725 -0.07104702 -0.06790571
0.06206341 0.9931641 -0.07064448 -0.06915636
0.06249612 0.9931059 -0.07043189 -0.06981666
0.06256565 0.9930964 -0.07039771 -0.06992274
-0.06250813 -0.9930798 0.07043146 0.0701765
-0.06233765 -0.99303 0.07053139 0.07092829
-0.06205734 -0.9929469 0.07069557 0.07216401
-0.06167018 -0.9928294 0.07092205 0.07386985
-0.06117907 -0.992676 0.07120885 0.07603217
-0.0605868 -0.9924845 0.07155401 0.07863754
-0.05989613 -0.9922522 0.07195555 0.08167263
-0.05910973 -0.9919761 0.07241144 0.0851242
-0.05823026 -0.9916525 0.07291967 0.08897905
-0.05726035 -0.9912778 0.07347821 0.09322397
-0.0562026 -0.9908476 0.07408497 0.09784572
-0.05505963 -0.9903578 0.07473785 0.1028309
-0.05383408 -0.9898039 0.07543477 0.1081662
-0.05252859 -0.9891811 0.07617354 0.1138378
-0.05114589 -0.9884851 0.07695201 0.1198319
-0.0496887 -0.9877111 0.07776797 0.1261346
-0.04815985 -0.9868546 0.07861918 0.1327315
-0.0465622 -0.9859111 0.07950336 0.1396081
-0.04489872 -0.9848765 0.08041825 0.1467494
-0.04317243 -0.9837465 0.08136149 0.1541405
-0.04138646 -0.9825175 0.08233075 0.1617657
-0.03954403 -0.981186 0.08332368 0.1696095
-0.03764846 -0.9797491 0.08433787 0.1776557
-0.03570314 -0.9782039 0.08537092 0.185888
-0.03371161 -0.9765483 0.08642043 0.1942898
-0.03167745 -0.9747807 0.08748399 0.2028442
-0.02960439 -0.9728999 0.08855918 0.2115341
-0.02749619 -0.9709054 0.0896436 0.2203423
-0.02535673 -0.9687973 0.09073485 0.2292512
-0.02318999 -0.9665762 0.09183058 0.2382432
-0.02099997 -0.9642436 0.09292845 0.2473007
-0.01879078 -0.9618015 0.09402614 0.2564059
-0.01656656 -0.9592525 0.0951214 0.265541
-0.0143315 -0.9566003 0.09621201 0.2746884
-0.01208984 -0.9538489 0.09729581 0.2838304
-0.009845803 -0.9510031 0.0983707 0.2929497
-0.007603654 -0.9480683 0.09943466 0.3020288
-0.005367667 -0.9450509 0.1004857 0.3110509
-0.003142077 -0.9419576 0.101522 0.319999
-0.0009311151 -0.9387957 0.1025418 0.3288569
0.001261034 -0.9355735 0.1035432 0.3376084
0.00343021 -0.9322994 0.1045248 0.3462378
0.00557233 -0.9289826 0.1054849 0.3547299
0.007683346 -0.9256325 0.1064222 0.3630699
0.009759308 -0.9222593 0.1073353 0.3712434
0.01179632 -0.9188734 0.1082228 0.3792365
0.01379058 -0.9154855 0.1090837 0.3870361
0.01573836 -0.9121066 0.1099169 0.394629
0.01763604 -0.9087483 0.1107213 0.402003
0.01948004 -0.9054218 0.1114961 0.4091461
0.02126695 -0.9021389 0.1122404 0.416047
0.02299338 -0.8989117 0.1129533 0.4226946
0.02465607 -0.8957517 0.1136343 0.4290784
0.02625182 -0.8926711 0.1142826 0.4351881
0.02777749 -0.8896818 0.1148975 0.441014
0.02923008 -0.8867956 0.1154786 0.4465466
0.03060658 -0.8840245 0.1160254 0.4517766
0.03190406 -0.8813802 0.1165371 0.4566948
0.03311967 -0.8788743 0.1170135 0.4612927
0.03425055 -0.8765182 0.1174539 0.4655612
0.0352939 -0.8743233 0.1178579 0.4694919
0.03624691 -0.8723006 0.118225 0.4730759
0.0371068 -0.8704608 0.1185546 0.4763044
0.03787076 -0.8688146 0.1188461 0.4791687
0.03853596 -0.8673722 0.119099 0.4816595
0.03909956 -0.8661436 0.1193125 0.4837675
0.03955861 -0.8651385 0.1194859 0.4854829
0.03991016 -0.8643661 0.1196184 0.4867956
0.04015115 -0.8638352 0.1197091 0.487695
0.04027844 -0.8635543 0.119757 0.48817
0.04029889 -0.8635091 0.1197647 0.4882463
-0.04020881 0.8637482 -0.1195675 -0.487879
-0.03994167 0.8644558 -0.1189826 -0.4867895
-0.03950169 0.8656167 -0.1180192 -0.4849936
-0.03889253 0.867215 -0.116685 -0.482504
-0.03811736 0.8692335 -0.1149867 -0.479331
-0.03717895 0.8716543 -0.1129301 -0.4754821
-0.03607967 0.8744585 -0.1105198 -0.4709629
-0.03482164 0.8776258 -0.1077602 -0.465777
-0.03340671 0.881135 -0.1046546 -0.4599267
-0.03183658 0.8849636 -0.1012063 -0.4534128
-0.03011288 0.8890877 -0.09741808 -0.4462354
-0.02823717 0.893482 -0.09329279 -0.4383938
-0.02621108 0.8981196 -0.08883323 -0.4298872
-0.02403635 0.902972 -0.08404242 -0.4207146
-0.02171491 0.9080092 -0.07892378 -0.4108757
-0.01924894 0.9131995 -0.07348125 -0.4003706
-0.01664098 0.9185096 -0.06771951 -0.3892008
-0.01389397 0.9239045 -0.06164412 -0.3773693
-0.01101132 0.9293476 -0.05526166 -0.3648808
-0.007996997 0.9348013 -0.04857994 -0.3517424
-0.004855574 0.9402264 -0.04160806 -0.3379636
-0.001592315 0.9455832 -0.03435673 -0.3235575
0.001786839 0.9508311 -0.02683814 -0.3085398
0.005275202 0.9559292 -0.0190662 -0.2929302
0.008865279 0.9608368 -0.01105661 -0.2767522
0.01254883 0.9655139 -0.002826829 -0.2600333
0.01631684 0.9699216 0.005603887 -0.2428054
0.02015957 0.9740224 0.01421462 -0.2251042
0.02406659 0.9777812 0.02298274 -0.2069699
0.02802681 0.9811655 0.03188408 -0.1884465
0.03202865 0.9841463 0.04089324 -0.1695819
0.03606004 0.986698 0.04998362 -0.1504273
0.04010865 0.9887995 0.05912778 -0.1310371
0.04416187 0.9904343 0.06829762 -0.1114681
0.04820709 0.9915906 0.0774648 -0.09177915
0.05223177 0.9922619 0.08660101 -0.07203016
0.0562236 0.9924471 0.09567826 -0.05228196
0.06017059 0.9921499 0.1046691 -0.03259531
0.06406125 0.9913796 0.1135473 -0.01303016
0.06788472 0.99015 0.1222874 0.006354772
0.07163081 0.9884801 0.1308658 0.02550277
0.07529014 0.9863926 0.1392603 0.04435956
0.07885417 0.9839143 0.1474507 0.06287391
0.08231525 0.9810753 0.1554185 0.08099764
0.08566667 0.9779086 0.1631475 0.0986867
0.08890261 0.9744492 0.1706232 0.1159003
0.0920182 0.9707341 0.1778334 0.1326021
0.09500941 0.9668014 0.1847676 0.1487591
0.09787305 0.9626898 0.1914173 0.1643429
0.1006067 0.9584386 0.1977759 0.1793281
0.1032086 0.9540865 0.2038379 0.1936935
0.1056778 0.9496719 0.2095999 0.2074208
0.1080137 0.9452326 0.2150594 0.2204948
0.1102162 0.9408049 0.2202151 0.2329031
0.1122857 0.9364244 0.2250665 0.2446355
0.1142228 0.9321247 0.229614 0.2556839
0.1160283 0.9279383 0.2338585 0.2660417
0.1177033 0.9238961 0.2378014 0.2757036
0.1192489 0.9200273 0.2414441 0.2846653
0.1206661 0.9163595 0.2447881 0.2929227
0.121956 0.9129189 0.2478349 0.3004723
0.1231193 0.9097301 0.2505857 0.3073102
0.1241569 0.9068162 0.2530413 0.3134319
0.125069 0.9041989 0.255202 0.3188323
0.1258559 0.9018987 0.2570672 0.3235051
0.1265172 0.8999347 0.2586358 0.3274424
0.1270522 0.8983248 0.2599055 0.3306348
0.1274597 0.897086 0.260873 0.3330706
0.1277379 0.8962338 0.2615338 0.3347359
0.1278845 0.8957826 0.261882 0.335614
0.1279081 0.8957101 0.261938 0.3357551
-0.127915 -0.895818 -0.2619322 -0.3354689
-0.1279356 -0.8961372 -0.2619149 -0.3346209
-0.1279691 -0.8966605 -0.261886 -0.3332261
-0.128015 -0.8973798 -0.2618451 -0.3312986
-0.1280724 -0.8982866 -0.2617917 -0.3288521
-0.1281405 -0.8993718 -0.2617249 -0.3258996
-0.1282183 -0.9006256 -0.2616438 -0.3224535
-0.1283047 -0.9020379 -0.2615471 -0.3185258
-0.1283986 -0.9035981 -0.2614337 -0.3141284
-0.1284989 -0.9052953 -0.2613021 -0.3092729
-0.1286044 -0.907118 -0.2611507 -0.3039708
-0.1287137 -0.9090545 -0.260978 -0.2982336
-0.1288257 -0.9110928 -0.2607822 -0.2920728
-0.1289389 -0.9132207 -0.2605618 -0.2855003
-0.1290521 -0.9154256 -0.2603148 -0.2785279
-0.1291638 -0.9176949 -0.2600396 -0.2711681
-0.1292726 -0.9200159 -0.2597345 -0.2634337
-0.1293773 -0.9223757 -0.2593977 -0.2553377
-0.1294765 -0.9247615 -0.2590276 -0.2468939
-0.1295688 -0.9271606 -0.2586227 -0.2381168
-0.1296529 -0.92956 -0.2581815 -0.2290211
-0.1297276 -0.9319475 -0.2577027 -0.2196225
-0.1297916 -0.9343106 -0.257185 -0.2099374
-0.1298439 -0.9366376 -0.2566275 -0.1999826
-0.1298832 -0.9389166 -0.2560292 -0.189776
-0.1299087 -0.9411368 -0.2553896 -0.1793361
-0.1299194 -0.9432875 -0.2547081 -0.1686818
-0.1299145 -0.9453586 -0.2539845 -0.1578331
-0.1298932 -0.9473409 -0.2532188 -0.1468104
-0.129855 -0.9492257 -0.2524113 -0.1356348
-0.1297994 -0.9510053 -0.2515625 -0.124328
-0.1297261 -0.9526725 -0.2506733 -0.1129119
-0.1296347 -0.9542215 -0.2497446 -0.1014093
-0.1295253 -0.9556469 -0.2487778 -0.08984296
-0.1293978 -0.9569447 -0.2477745 -0.07823612
-0.1292524 -0.9581116 -0.2467366 -0.06661204
-0.1290895 -0.9591453 -0.2456661 -0.0549942
-0.1289095 -0.9600447 -0.2445655 -0.04340617
-0.128713 -0.9608098 -0.2434375 -0.03187134
-0.1285007 -0.9614411 -0.2422849 -0.02041291
-0.1282733 -0.9619406 -0.2411107 -0.009053916
-0.128032 -0.962311 -0.2399182 0.00218285
-0.1277777 -0.9625558 -0.238711 0.01327517
-0.1275115 -0.9626798 -0.2374926 0.02420107
-0.1272349 -0.9626881 -0.2362669 0.03493925
-0.1269491 -0.9625871 -0.2350376 0.04546881
-0.1266555 -0.9623833 -0.2338089 0.05576962
-0.1263557 -0.9620842 -0.2325848 0.06582196
-0.1260512 -0.9616979 -0.2313695 0.07560693
-0.1257436 -0.9612328 -0.2301673 0.08510613
-0.1254345 -0.9606979 -0.2289823 0.09430199
-0.1251257 -0.9601024 -0.2278188 0.1031774
-0.1248188 -0.9594558 -0.2266811 0.1117159
-0.1245155 -0.958768 -0.2255734 0.1199017
-0.1242176 -0.9580488 -0.2245 0.1277196
-0.1239267 -0.9573081 -0.223465 0.1351547
-0.1236445 -0.956556 -0.2224725 0.1421926
-0.1233728 -0.9558023 -0.2215267 0.1488195
-0.1231131 -0.9550567 -0.2206314 0.1550217
-0.1228671 -0.9543289 -0.2197907 0.1607859
-0.1226365 -0.9536283 -0.2190083 0.1660988
-0.1224226 -0.9529638 -0.2182881 0.1709473
-0.1222271 -0.9523443 -0.2176336 0.1753184
-0.1220513 -0.9517779 -0.2170485 0.1791989
-0.1218967 -0.9512725 -0.2165363 0.1825755
-0.1217646 -0.9508355 -0.2161003 0.1854345
-0.1216562 -0.9504734 -0.2157438 0.1877621
-0.1215727 -0.9501926 -0.21547 0.1895438
-0.1215153 -0.9499982 -0.2152819 0.1907649
-0.1214849 -0.9498949 -0.2151823 0.1914097
-0.12148 -0.9498783 -0.2151663 0.1915134
0.1215041 0.9498461 0.2150182 -0.1918233
0.1215758 0.9497505 0.2145791 -0.1927416
0.1216932 0.9495908 0.2138566 -0.1942512
0.1218549 0.9493659 0.2128574 -0.1963356
0.1220591 0.949073 0.2115881 -0.1989787
0.1223039 0.9487088 0.2100546 -0.2021645
0.1225876 0.9482687 0.2082625 -0.2058774
0.1229081 0.9477476 0.206217 -0.2101017
0.1232634 0.9471394 0.2039232 -0.2148219
0.1236514 0.9464377 0.201386 -0.2200224
0.1240698 0.9456352 0.1986102 -0.2256874
0.1245164 0.9447246 0.1956005 -0.2318009
0.124989 0.9436979 0.1923617 -0.2383467
0.1254851 0.942547 0.1888985 -0.2453079
0.1260022 0.9412638 0.1852162 -0.2526676
0.126538 0.9398398 0.1813198 -0.2604081
0.1270898 0.9382669 0.1772148 -0.2685112
0.1276551 0.936537 0.1729071 -0.2769582
0.1282313 0.9346421 0.1684029 -0.2857295
0.1288157 0.9325749 0.1637086 -0.2948052
0.1294059 0.9303283 0.1588313 -0.3041646
0.1299991 0.9278959 0.1537786 -0.313786
0.1305926 0.925272 0.1485584 -0.3236474
0.1311841 0.9224517 0.1431793 -0.3337264
0.1317709 0.919431 0.1376504 -0.3439994
0.1323505 0.9162067 0.1319813 -0.3544427
0.1329207 0.9127769 0.1261823 -0.365032
0.133479 0.909141 0.1202639 -0.3757427
0.1340234 0.9052992 0.1142376 -0.3865498
0.1345517 0.9012535 0.108115 -0.3974282
0.1350621 0.8970068 0.1019083 -0.4083527
0.1355527 0.8925635 0.09563019 -0.4192981
0.136022 0.8879296 0.08929359 -0.4302393
0.1364686 0.8831123 0.08291186 -0.4411516
0.1368912 0.8781202 0.07649854 -0.4520107
0.1372889 0.8729634 0.07006738 -0.4627929
0.1376608 0.8676531 0.06363228 -0.4734749
0.1380062 0.8622021 0.05720723 -0.4840344
0.1383247 0.8566239 0.05080613 -0.4944496
0.1386162 0.8509337 0.0444429 -0.5047002
0.1388807 0.8451471 0.03813127 -0.5147665
0.1391183 0.8392812 0.03188482 -0.52463
0.1393294 0.8333534 0.02571682 -0.5342734
0.1395146 0.8273824 0.0196403 -0.5436804
0.1396747 0.8213868 0.01366789 -0.5528362
0.1398105 0.8153862 0.007811884 -0.561727
0.1399231 0.8094004 0.002084102 -0.5703403
0.1400138 0.8034495 -0.003504006 -0.5786647
0.1400837 0.7975536 -0.008941491 -0.5866898
0.1401343 0.7917331 -0.01421784 -0.5944064
0.1401671 0.7860081 -0.01932304 -0.6018065
0.1401836 0.7803988 -0.02424748 -0.6088829
0.1401856 0.7749252 -0.02898203 -0.615629
0.1401745 0.7696068 -0.03351796 -0.6220394
0.1401522 0.7644632 -0.0378469 -0.628109
0.1401203 0.7595134 -0.04196092 -0.6338335
0.1400806 0.7547762 -0.04585233 -0.6392089
0.1400346 0.7502697 -0.04951373 -0.6442315
0.1399842 0.7460116 -0.052938 -0.6488981
0.1399308 0.7420197 -0.05611811 -0.6532052
0.139876 0.7383106 -0.05904723 -0.6571497
0.1398214 0.734901 -0.06171859 -0.6607279
0.1397684 0.7318072 -0.0641254 -0.663936
0.1397183 0.7290446 -0.06626084 -0.6667701
0.1396725 0.7266286 -0.06811803 -0.6692253
0.139632 0.724574 -0.06968989 -0.6712964
0.1395978 0.7228954 -0.07096907 -0.6729771
0.139571 0.7216068 -0.07194792 -0.6742604
0.1395523 0.7207218 -0.07261864 -0.6751383
0.1395423 0.720254 -0.07297277 -0.6756013
0.1395407 0.7201788 -0.0730297 -0.6756757
-0.1395379 -0.720305 0.07308283 0.675536
-0.1395297 -0.7206789 0.07324027 0.6751217
-0.139516 -0.7212928 0.07349896 0.6744405
-0.139497 -0.7221389 0.07385586 0.6734993
-0.1394725 -0.7232096 0.07430799 0.6723048
-0.1394425 -0.7244964 0.0748523 0.6708636
-0.1394068 -0.7259912 0.07548577 0.6691819
-0.1393654 -0.7276857 0.07620539 0.6672657
-0.1393179 -0.7295713 0.07700811 0.665121
-0.1392643 -0.7316394 0.0778909 0.6627535
-0.1392042 -0.7338813 0.07885069 0.6601689
-0.1391375 -0.736288 0.07988442 0.657373
-0.1390639 -0.7388508 0.08098897 0.6543711
-0.138983 -0.7415605 0.08216125 0.6511692
-0.1388948 -0.744408 0.0833981 0.6477728
-0.1387988 -0.7473844 0.08469637 0.6441879
-0.1386949 -0.7504804 0.08605286 0.64042
-0.1385829 -0.7536868 0.08746438 0.6364754
-0.1384624 -0.7569945 0.08892766 0.6323601
-0.1383333 -0.7603942 0.09043945 0.6280805
-0.1381955 -0.763877 0.09199647 0.623643
-0.1380487 -0.7674334 0.09359538 0.6190545
-0.1378928 -0.7710545 0.09523286 0.6143218
-0.1377278 -0.7747313 0.09690557 0.609452
-0.1375535 -0.778455 0.09861013 0.6044527
-0.1373699 -0.7822165 0.1003431 0.5993315
-0.1371772 -0.7860073 0.1021012 0.5940962
-0.1369752 -0.7898189 0.103881 0.5887552
-0.1367641 -0.7936429 0.1056791 0.5833168
-0.1365441 -0.7974712 0.107492 0.5777898
-0.1363153 -0.8012956 0.1093164 0.5721831
-0.136078 -0.8051085 0.1111491 0.5665059
-0.1358325 -0.8089024 0.1129865 0.5607679
-0.135579 -0.8126699 0.1148253 0.5549786
-0.1353181 -0.816404 0.1166624 0.5491479
-0.13505 -0.820098 0.1184944 0.5432861
-0.1347754 -0.8237455 0.1203181 0.5374034
-0.1344946 -0.8273403 0.1221303 0.5315105
-0.1342084 -0.8308765 0.1239279 0.525618
-0.1339172 -0.8343486 0.1257079 0.5197366
-0.1336219 -0.8377513 0.1274672 0.5138776
-0.1333229 -0.8410797 0.1292029 0.5080518
-0.1330212 -0.8443292 0.1309121 0.5022705
-0.1327175 -0.8474955 0.1325919 0.4965449
-0.1324126 -0.8505746 0.1342396 0.4908864
-0.1321074 -0.8535628 0.1358525 0.4853064
-0.1318027 -0.8564568 0.137428 0.4798161
-0.1314994 -0.8592532 0.1389635 0.474427
-0.1311985 -0.8619494 0.1404566 0.4691505
-0.1309009 -0.8645426 0.1419048 0.463998
-0.1306075 -0.8670305 0.1433057 0.4589806
-0.1303195 -0.8694109 0.1446571 0.45411
-0.1300377 -0.8716819 0.1459566 0.4493971
-0.1297632 -0.8738414 0.1472021 0.4448532
-0.129497 -0.8758879 0.1483915 0.4404894
-0.12924 -0.8778199 0.1495225 0.4363167
-0.1289934 -0.8796358 0.1505933 0.4323462
-0.1287581 -0.8813344 0.1516016 0.4285886
-0.1285352 -0.8829139 0.1525455 0.4250548
-0.1283255 -0.8843734 0.1534229 0.4217556
-0.1281302 -0.8857112 0.1542318 0.4187015
-0.1279503 -0.8869259 0.1549703 0.4159032
-0.1277865 -0.888016 0.1556363 0.4133711
-0.12764 -0.8889797 0.1562276 0.4111158
-0.1275116 -0.8898152 0.1567423 0.4091475
-0.1274022 -0.8905204 0.1571783 0.4074766
-0.1273127 -0.891093 0.1575333 0.4061134
-0.127244 -0.8915304 0.1578051 0.405068
-0.1271967 -0.8918297 0.1579914 0.4043507
-0.1271717 -0.8919876 0.1580898 0.4039716
-0.1271676 -0.892013 0.1581056 0.4039107
0.1271147 0.891938 -0.1585981 -0.4038999
0.1269576 0.8917144 -0.160058 -0.4038672
0.1266982 0.8913419 -0.1624611 -0.4038114
0.126338 0.8908176 -0.1657852 -0.4037302
0.1258778 0.8901359 -0.1700103 -0.4036203
0.1253178 0.8892892 -0.1751178 -0.4034773
0.124658 0.8882674 -0.1810906 -0.403296
0.1238979 0.8870584 -0.1879123 -0.4030702
0.1230365 0.8856484 -0.1955674 -0.4027932
0.1220726 0.8840215 -0.2040405 -0.4024571
0.1210049 0.8821604 -0.2133164 -0.4020536
0.1198315 0.880046 -0.2233791 -0.4015734
0.1185507 0.8776582 -0.234212 -0.4010069
0.1171607 0.8749755 -0.2457974 -0.4003436
0.1156595 0.8719753 -0.2581157 -0.3995726
0.1140452 0.8686344 -0.2711459 -0.3986827
0.1123161 0.8649291 -0.2848642 -0.3976622
0.1104706 0.8608353 -0.2992445 -0.3964992
0.1085072 0.8563293 -0.3142575 -0.3951817
0.1064252 0.8513876 -0.3298709 -0.393698
0.104224 0.8459877 -0.3460489 -0.3920363
0.1019034 0.8401084 -0.3627518 -0.3901855
0.0994641 0.8337305 -0.3799364 -0.388135
0.09690733 0.8268368 -0.3975557 -0.3858749
0.0942351 0.8194131 -0.4155587 -0.3833967
0.09145021 0.8114483 -0.4338911 -0.3806929
0.08855636 0.8029354 -0.452495 -0.3777578
0.08555814 0.7938711 -0.4713099 -0.3745872
0.08246109 0.7842573 -0.4902724 -0.3711789
0.07927171 0.7741004 -0.5093173 -0.3675329
0.07599737 0.7634124 -0.5283784 -0.3636514
0.0726464 0.7522102 -0.5473884 -0.3595389
0.0692279 0.7405165 -0.5662808 -0.3552025
0.06575177 0.7283592 -0.5849899 -0.3506515
0.06222852 0.7157712 -0.6034517 -0.3458977
0.05866918 0.7027904 -0.6216053 -0.3409551
0.05508526 0.6894591 -0.639393 -0.33584
0.05148848 0.6758233 -0.6567611 -0.3305702
0.0478907 0.6619326 -0.6736609 -0.3251656
0.04430377 0.6478391 -0.6900487 -0.3196475
0.04073938 0.6335967 -0.7058865 -0.314038
0.03720894 0.6192608 -0.7211418 -0.3083603
0.03372342 0.6048874 -0.7357882 -0.302638
0.03029336 0.590532 -0.7498051 -0.296895
0.02692863 0.5762497 -0.7631776 -0.291155
0.02363849 0.5620942 -0.7758959 -0.2854415
0.02043148 0.5481173 -0.7879559 -0.2797774
0.01731543 0.5343691 -0.7993576 -0.2741849
0.01429741 0.5208966 -0.8101054 -0.268685
0.01138377 0.5077446 -0.8202073 -0.2632981
0.008580128 0.4949547 -0.8296747 -0.2580433
0.005891464 0.4825658 -0.8385212 -0.2529384
0.003322104 0.470614 -0.8467629 -0.2480002
0.0008757899 0.4591324 -0.8544173 -0.2432442
-0.001444199 0.4481515 -0.8615031 -0.238685
-0.003635127 0.4376993 -0.8680397 -0.2343357
-0.005694523 0.4278016 -0.8740465 -0.2302088
-0.007620316 0.4184821 -0.879543 -0.2263157
-0.009410632 0.4097626 -0.8845482 -0.222667
-0.01106378 0.4016635 -0.8890802 -0.2192725
-0.01257814 0.3942041 -0.8931561 -0.2161417
-0.01395218 0.3874028 -0.8967913 -0.2132833
-0.01518429 0.3812768 -0.9000003 -0.2107057
-0.01627277 0.3758437 -0.9027951 -0.2084174
-0.01721575 0.3711206 -0.9051858 -0.2064263
-0.0180112 0.3671249 -0.9071804 -0.2047406
-0.0186567 0.3638744 -0.9087842 -0.2033684
-0.01914956 0.3613878 -0.9099997 -0.2023182
-0.0194867 0.3596845 -0.9108268 -0.2015986
-0.01966453 0.3587853 -0.9112615 -0.2012186
-0.01969309 0.3586408 -0.9113312 -0.2011575
-0.01963599 0.3586228 -0.9113373 -0.2011681
-0.01946683 0.3585693 -0.911355 -0.2011996
-0.01918889 0.3584813 -0.911384 -0.2012512
-0.01880543 0.35836 -0.911424 -0.2013225
-0.01831968 0.3582062 -0.9114745 -0.2014126
-0.01773491 0.3580209 -0.9115348 -0.2015211
-0.01705435 0.3578051 -0.9116046 -0.2016473
-0.01628126 0.3575597 -0.9116834 -0.2017905
-0.01541888 0.3572857 -0.9117705 -0.2019501
-0.01447045 0.356984 -0.9118654 -0.2021253
-0.01343922 0.3566556 -0.9119675 -0.2023157
-0.01232842 0.3563013 -0.9120762 -0.2025204
-0.01114132 0.3559221 -0.9121909 -0.202739
-0.00988115 0.355519 -0.9123111 -0.2029705
-0.008551167 0.3550929 -0.9124362 -0.2032146
-0.007154624 0.3546447 -0.9125655 -0.2034703
-0.005694772 0.3541752 -0.9126986 -0.2037372
-0.004174878 0.3536856 -0.9128347 -0.2040146
-0.002598202 0.3531767 -0.9129733 -0.2043017
-0.0009680061 0.3526495 -0.913114 -0.2045979
0.0007124387 0.3521049 -0.913256 -0.2049027
0.002439854 0.3515439 -0.913399 -0.2052152
0.004210964 0.3509675 -0.9135423 -0.205535
0.006022495 0.3503765 -0.9136855 -0.2058612
0.007871154 0.3497722 -0.9138281 -0.2061934
0.009753651 0.3491553 -0.9139696 -0.2065308
0.0116667 0.348527 -0.9141096 -0.2068729
0.01360701 0.3478882 -0.9142478 -0.2072189
0.01557127 0.3472399 -0.9143836 -0.2075684
0.01755619 0.3465833 -0.9145167 -0.2079205
0.01955847 0.3459193 -0.9146469 -0.2082749
0.02157481 0.345249 -0.9147737 -0.2086307
0.0236019 0.3445735 -0.9148969 -0.2089875
0.02563644 0.3438938 -0.9150162 -0.2093447
0.02767511 0.3432111 -0.9151314 -0.2097015
0.02971462 0.3425264 -0.9152424 -0.2100576
0.03175167 0.3418409 -0.9153488 -0.2104122
0.03378295 0.3411556 -0.9154506 -0.2107649
0.03580516 0.3404717 -0.9155476 -0.2111151
0.037815 0.3397904 -0.9156399 -0.2114621
0.03980917 0.3391128 -0.9157271 -0.2118055
0.04178438 0.33844 -0.9158095 -0.2121447
0.04373734 0.3377733 -0.9158869 -0.2124792
0.04566477 0.3371137 -0.9159594 -0.2128084
0.04756338 0.3364626 -0.916027 -0.2131319
0.0494299 0.3358211 -0.9160898 -0.2134491
0.05126104 0.3351902 -0.9161478 -0.2137594
0.05305355 0.3345715 -0.9162012 -0.2140625
0.05480415 0.3339659 -0.9162501 -0.2143577
0.05650958 0.3333747 -0.9162945 -0.2146446
0.05816661 0.3327993 -0.9163348 -0.2149228
0.05977196 0.3322407 -0.9163712 -0.2151916
0.06132241 0.3317001 -0.9164037 -0.2154506
0.06281471 0.331179 -0.9164325 -0.2156994
0.06424559 0.3306784 -0.916458 -0.2159375
0.06561188 0.3301997 -0.9164804 -0.2161644
0.0669103 0.3297441 -0.9164997 -0.2163796
0.06813765 0.3293127 -0.9165164 -0.2165826
0.0692907 0.328907 -0.9165307 -0.2167731
0.07036622 0.328528 -0.9165427 -0.2169504
0.07136101 0.328177 -0.9165528 -0.2171142
0.07227181 0.3278553 -0.916561 -0.2172639
0.07309546 0.3275641 -0.9165677 -0.2173992
0.07382868 0.3273047 -0.9165732 -0.2175195
0.07446828 0.3270781 -0.9165774 -0.2176243
0.07501103 0.3268858 -0.9165806 -0.2177131
0.07545371 0.3267288 -0.916583 -0.2177856
0.07579308 0.3266084 -0.9165848 -0.2178411
0.07602592 0.3265259 -0.9165859 -0.2178791
0.07614893 0.3264821 -0.9165865 -0.2178992
0.07616872 0.3264751 -0.9165866 -0.2179025
0.07615749 0.3263299 -0.9166496 -0.2178587
0.0761242 0.3258997 -0.9168362 -0.2177289
0.07606947 0.3251927 -0.9171424 -0.2175156
0.07599386 0.3242165 -0.917564 -0.2172209
0.07589791 0.3229792 -0.9180965 -0.2168472
0.07578217 0.3214881 -0.9187356 -0.2163965
0.07564714 0.319751 -0.9194762 -0.2158711
0.07549332 0.3177753 -0.9203137 -0.2152729
0.0753212 0.3155684 -0.9212429 -0.2146039
0.07513128 0.3131376 -0.9222589 -0.2138664
0.074924 0.3104903 -0.9233562 -0.2130621
0.07469983 0.3076339 -0.9245299 -0.212193
0.07445925 0.3045757 -0.9257744 -0.2112612
0.07420272 0.301323 -0.9270844 -0.2102687
0.07393072 0.2978834 -0.9284546 -0.2092173
0.0736437 0.2942641 -0.9298794 -0.2081092
0.07334216 0.290473 -0.9313537 -0.2069464
0.07302658 0.2865173 -0.9328718 -0.2057308
0.07269745 0.282405 -0.9344286 -0.2044647
0.07235532 0.2781437 -0.9360186 -0.2031501
0.07200066 0.2737414 -0.9376368 -0.2017892
0.07163404 0.269206 -0.9392778 -0.2003843
0.071256 0.2645457 -0.9409368 -0.1989376
0.07086712 0.2597686 -0.9426087 -0.1974514
0.07046796 0.2548831 -0.9442887 -0.195928
0.07005917 0.2498976 -0.9459721 -0.1943701
0.06964133 0.2448207 -0.9476544 -0.1927799
0.06921509 0.2396611 -0.9493312 -0.1911602
0.06878112 0.2344275 -0.9509982 -0.1895134
0.0683401 0.2291288 -0.9526516 -0.1878422
0.06789272 0.223774 -0.9542873 -0.1861493
0.0674397 0.2183721 -0.9559018 -0.1844376
0.06698178 0.2129325 -0.9574917 -0.1827099
0.06651969 0.2074642 -0.9590537 -0.1809689
0.06605424 0.2019766 -0.9605849 -0.1792177
0.06558618 0.196479 -0.9620824 -0.1774593
0.06511635 0.190981 -0.9635439 -0.1756965
0.06464554 0.1854919 -0.964967 -0.1739326
0.0641746 0.1800213 -0.9663495 -0.1721706
0.06370436 0.1745786 -0.9676896 -0.1704136
0.0632357 0.1691734 -0.968986 -0.1686648
0.06276949 0.1638153 -0.970237 -0.1669274
0.06230659 0.1585137 -0.9714416 -0.1652046
0.06184791 0.1532782 -0.9725989 -0.1634995
0.06139435 0.1481182 -0.9737082 -0.1618156
0.06094679 0.1430432 -0.9747688 -0.160156
0.06050615 0.1380626 -0.9757807 -0.1585239
0.06007336 0.1331858 -0.9767436 -0.1569227
0.05964933 0.128422 -0.9776576 -0.1553557
0.05923497 0.1237806 -0.978523 -0.153826
0.0588312 0.1192706 -0.97934 -0.152337
0.05843895 0.1149013 -0.9801093 -0.1508919
0.05805915 0.1106817 -0.9808314 -0.149494
0.0576927 0.1066209 -0.9815071 -0.1481465
0.05734053 0.1027277 -0.9821372 -0.1468526
0.05700356 0.09901103 -0.9827225 -0.1456156
0.05668268 0.09547973 -0.9832641 -0.1444386
0.05637882 0.09214258 -0.9837628 -0.1433249
0.05609287 0.08900829 -0.9842196 -0.1422775
0.05582574 0.08608554 -0.9846355 -0.1412997
0.05557832 0.08338295 -0.9850115 -0.1403946
0.0553515 0.0809092 -0.9853484 -0.1395653
0.05514615 0.07867283 -0.985647 -0.1388149
0.05496317 0.07668245 -0.9859079 -0.1381465
0.0548034 0.07494663 -0.9861318 -0.1375632
0.05466773 0.07347395 -0.9863191 -0.137068
