-29.43664 16.39911 -3.129892
-29.30729 16.41991 -3.098341
-29.18034 16.43997 -3.066661
-29.05572 16.45926 -3.034872
-28.93337 16.47778 -3.00299
-28.81321 16.49553 -2.971036
-28.69518 16.5125 -2.939024
-28.57918 16.52867 -2.906975
-28.46517 16.54405 -2.874905
-28.35307 16.55863 -2.842832
-28.24279 16.57239 -2.810774
-28.13428 16.58534 -2.778748
-28.02745 16.59746 -2.746774
-27.92225 16.60875 -2.714868
-27.81858 16.61919 -2.683048
-27.7164 16.6288 -2.651332
-27.61562 16.63754 -2.619738
-27.51616 16.64543 -2.588284
-27.41797 16.65245 -2.556987
-27.32096 16.6586 -2.525865
-27.22507 16.66386 -2.494936
-27.13022 16.66824 -2.464219
-27.03634 16.67171 -2.43373
-26.94337 16.67429 -2.403487
-26.85122 16.67595 -2.373509
-26.75983 16.6767 -2.343813
-26.66912 16.67652 -2.314417
-26.57902 16.67541 -2.285338
-26.48947 16.67336 -2.256595
-26.40038 16.67037 -2.228205
-26.31169 16.66642 -2.200186
-26.22333 16.66152 -2.172557
-26.13522 16.65565 -2.145334
-26.04729 16.6488 -2.118535
-25.95948 16.64097 -2.092179
-25.8717 16.63215 -2.066283
-25.78389 16.62234 -2.040865
-25.69597 16.61152 -2.015943
-25.60788 16.5997 -1.991534
-25.51954 16.58685 -1.967656
-25.43087 16.57299 -1.944328
-25.34182 16.55809 -1.921567
-25.2523 16.54215 -1.89939
-25.16224 16.52518 -1.877817
-25.07158 16.50714 -1.856863
-24.98023 16.48805 -1.836548
-24.88814 16.46789 -1.816888
-24.79522 16.44666 -1.797903
-24.70141 16.42435 -1.779609
-24.60663 16.40095 -1.762025
-24.51081 16.37645 -1.745167
-24.41388 16.35086 -1.729055
-24.31577 16.32415 -1.713705
-24.21641 16.29633 -1.699137
-24.11572 16.26739 -1.685366
-24.01363 16.23731 -1.672412
-23.91008 16.2061 -1.660292
-23.80498 16.17374 -1.649024
-23.69827 16.14023 -1.638625
-23.58987 16.10557 -1.629114
-23.47972 16.06973 -1.620509
-23.36774 16.03273 -1.612826
-23.25386 15.99454 -1.606084
-23.13801 15.95517 -1.600301
-23.02012 15.9146 -1.595494
-22.90011 15.87283 -1.591682
-22.77791 15.82986 -1.588882
-22.65345 15.78567 -1.587111
-22.52666 15.74025 -1.586389
-22.42503 15.70359 -1.586569
-22.29594 15.6597 -1.587268
-22.16844 15.62194 -1.588058
-22.04251 15.59017 -1.588931
-21.91812 15.56426 -1.589883
-21.79525 15.54405 -1.590908
-21.67387 15.52941 -1.592001
-21.55396 15.52021 -1.593156
-21.4355 15.51629 -1.594369
-21.31846 15.51753 -1.595632
-21.20282 15.52379 -1.596941
-21.08855 15.53491 -1.59829
-20.97563 15.55077 -1.599674
-20.86403 15.57122 -1.601087
-20.75374 15.59612 -1.602524
-20.64472 15.62534 -1.603979
-20.53696 15.65873 -1.605447
-20.43042 15.69616 -1.606922
-20.32509 15.73748 -1.608398
-20.22094 15.78256 -1.609871
-20.11794 15.83126 -1.611335
-20.01608 15.88343 -1.612784
-19.91533 15.93894 -1.614212
-19.81565 15.99764 -1.615615
-19.71704 16.0594 -1.616986
-19.61947 16.12408 -1.61832
-19.5229 16.19154 -1.619612
-19.42732 16.26164 -1.620857
-19.33271 16.33423 -1.622048
-19.23903 16.40919 -1.62318
-19.14627 16.48636 -1.624248
-19.0544 16.56561 -1.625246
-18.9634 16.64681 -1.626168
-18.87324 16.7298 -1.62701
-18.7839 16.81446 -1.627766
-18.69535 16.90064 -1.628429
-18.60757 16.9882 -1.628996
-18.52053 17.077 -1.629459
-18.43422 17.1669 -1.629814
-18.34861 17.25776 -1.630055
-18.26367 17.34945 -1.630177
-18.17938 17.44182 -1.630174
-18.09571 17.53474 -1.630041
-18.01265 17.62806 -1.629771
-17.93016 17.72164 -1.629361
-17.84823 17.81535 -1.628803
-17.76682 17.90905 -1.628093
-17.68592 18.00259 -1.627225
-17.6055 18.09583 -1.626194
-17.52553 18.18864 -1.624994
-17.446 18.28088 -1.623619
-17.36687 18.37241 -1.622065
-17.28813 18.46308 -1.620325
-17.20975 18.55276 -1.618394
-17.13171 18.64131 -1.616267
-17.05397 18.72859 -1.613938
-16.97653 18.81446 -1.611401
-16.89934 18.89877 -1.608652
-16.8224 18.98139 -1.605684
-16.74567 19.06219 -1.602492
-16.66913 19.14101 -1.599071
-16.59275 19.21773 -1.595415
-16.51652 19.29219 -1.591518
-16.44041 19.36427 -1.587376
-16.3644 19.43382 -1.582982
-16.28845 19.5007 -1.578331
-16.21255 19.56477 -1.573418
-16.13667 19.6259 -1.568236
-16.06078 19.68394 -1.562782
-15.98487 19.73875 -1.557048
-15.90892 19.7902 -1.55103
-15.8642 19.81883 -1.547354
-15.78868 19.86556 -1.54035
-15.7142 19.91051 -1.532032
-15.64073 19.95371 -1.522442
-15.56824 19.99518 -1.511618
-15.49672 20.03496 -1.499601
-15.42614 20.07308 -1.486432
-15.35647 20.10955 -1.472151
-15.2877 20.14441 -1.456799
-15.21979 20.17769 -1.440415
-15.15273 20.20941 -1.42304
-15.08648 20.2396 -1.404715
-15.02104 20.2683 -1.385479
-14.95637 20.29552 -1.365373
-14.89245 20.3213 -1.344437
-14.82925 20.34567 -1.322712
-14.76676 20.36865 -1.300238
-14.70495 20.39026 -1.277056
-14.64379 20.41055 -1.253204
-14.58326 20.42953 -1.228725
-14.52334 20.44724 -1.203658
-14.464 20.4637 -1.178044
-14.40523 20.47894 -1.151922
-14.34699 20.493 -1.125334
-14.28926 20.50588 -1.098319
-14.23202 20.51763 -1.070918
-14.17525 20.52828 -1.043171
-14.11892 20.53784 -1.015119
-14.06301 20.54636 -0.9868019
-14.00749 20.55385 -0.9582597
-13.95235 20.56035 -0.9295331
-13.89755 20.56588 -0.9006622
-13.84307 20.57047 -0.8716875
-13.78889 20.57415 -0.8426493
-13.73499 20.57694 -0.8135879
-13.68135 20.57888 -0.7845436
-13.62793 20.58 -0.7555568
-13.57471 20.58031 -0.7266677
-13.52168 20.57986 -0.6979167
-13.4688 20.57866 -0.6693442
-13.41606 20.57675 -0.6409905
-13.36343 20.57415 -0.6128957
-13.31089 20.57089 -0.5851004
-13.2584 20.567 -0.5576448
-13.20596 20.56251 -0.5305693
-13.15353 20.55745 -0.5039141
-13.1011 20.55183 -0.4777197
-13.04863 20.5457 -0.4520263
-12.9961 20.53908 -0.4268742
-12.9435 20.53199 -0.4023038
-12.8908 20.52447 -0.3783554
-12.83796 20.51655 -0.3550694
-12.78498 20.50824 -0.332486
-12.73182 20.49959 -0.3106456
-12.67847 20.49061 -0.2895884
-12.62489 20.48134 -0.2693549
-12.57107 20.4718 -0.2499854
-12.51698 20.46202 -0.2315202
-12.4626 20.45204 -0.2139995
-12.4079 20.44186 -0.1974638
-12.35286 20.43154 -0.1819533
-12.29746 20.42109 -0.1675085
-12.24167 20.41054 -0.1541695
-12.18547 20.39992 -0.1419768
-12.12883 20.38926 -0.1309706
-12.07174 20.37858 -0.1211913
-12.01417 20.36792 -0.1126792
-11.95609 20.3573 -0.1054746
-11.89748 20.34675 -0.09961795
-11.83831 20.3363 -0.09514944
-11.77857 20.32597 -0.09210943
-11.74315 20.31997 -0.09100468
-11.68146 20.31082 -0.08979948
-11.61723 20.3036 -0.08908143
-11.55057 20.29823 -0.08887312
-11.48158 20.29458 -0.08919715
-11.41037 20.29255 -0.09007613
-11.33702 20.29204 -0.09153266
-11.26165 20.29294 -0.09358934
-11.18435 20.29514 -0.09626877
-11.10522 20.29853 -0.09959356
-11.02437 20.30301 -0.1035863
-10.94189 20.30847 -0.1082696
-10.85789 20.3148 -0.1136661
-10.77247 20.3219 -0.1197983
-10.68573 20.32967 -0.1266888
-10.59776 20.33798 -0.1343604
-10.50868 20.34675 -0.1428355
-10.41858 20.35585 -0.1521367
-10.32756 20.36519 -0.1622868
-10.23572 20.37465 -0.1733081
-10.14317 20.38414 -0.1852235
-10.05 20.39354 -0.1980554
-9.956322 20.40275 -0.2118265
-9.862227 20.41165 -0.2265594
-9.76782 20.42015 -0.2422766
-9.673202 20.42813 -0.2590009
-9.578473 20.4355 -0.2767547
-9.483734 20.44214 -0.2955607
-9.389088 20.44794 -0.3154414
-9.294631 20.4528 -0.3364195
-9.20047 20.45662 -0.3585176
-9.106703 20.45928 -0.3817584
-9.013429 20.46068 -0.4061643
-8.920753 20.46072 -0.431758
-8.828773 20.45928 -0.458562
-8.737589 20.45626 -0.4865991
-8.647305 20.45155 -0.5158917
-8.558021 20.44505 -0.5464626
-8.469837 20.43664 -0.5783342
-8.382854 20.42623 -0.6115292
-8.297174 20.4137 -0.6460703
-8.212897 20.39895 -0.68198
-8.130124 20.38187 -0.7192808
-8.048955 20.36236 -0.7579954
-7.969493 20.34031 -0.7981464
-7.891837 20.3156 -0.8397565
-7.81609 20.28815 -0.8828481
-7.74235 20.25783 -0.927444
-7.67072 20.22454 -0.9735667
-7.601301 20.18817 -1.021239
-7.534193 20.14863 -1.070483
-7.469497 20.10579 -1.121322
-7.407314 20.05956 -1.173777
-7.347745 20.00983 -1.227873
-7.290892 19.95648 -1.283631
-7.236854 19.89943 -1.341075
-7.185733 19.83854 -1.400225
-7.13763 19.77373 -1.461106
-7.092645 19.70489 -1.52374
-7.05088 19.6319 -1.58815
-7.012435 19.55466 -1.654357
-6.977412 19.47306 -1.722385
-6.945911 19.387 -1.792256
-6.918033 19.29637 -1.863993
-6.893879 19.20107 -1.937618
-6.87355 19.10098 -2.013155
-6.857148 18.99599 -2.090625
-6.844771 18.88602 -2.170051
-6.836523 18.77094 -2.251457
-6.832503 18.65065 -2.334863
-6.832813 18.52504 -2.420294
-6.835058 18.44862 -2.471506
-6.842806 18.31994 -2.556121
-6.855705 18.19684 -2.634752
-6.873637 18.07923 -2.707556
-6.89648 17.96701 -2.774687
-6.924116 17.86005 -2.836301
-6.956424 17.75828 -2.892554
-6.993283 17.66157 -2.943601
-7.034576 17.56982 -2.989597
-7.080181 17.48294 -3.030699
-7.129979 17.40081 -3.06706
-7.183849 17.32334 -3.098838
-7.241672 17.25041 -3.126186
-7.303329 17.18192 -3.149262
-7.368698 17.11778 -3.16822
-7.437661 17.05787 -3.183215
-7.510097 17.00209 -3.194404
-7.585886 16.95034 -3.201941
-7.664909 16.90252 -3.205983
-7.747046 16.85851 -3.206684
-7.832176 16.81822 -3.2042
-7.92018 16.78153 -3.198686
-8.010938 16.74836 -3.190299
-8.10433 16.71859 -3.179193
-8.200237 16.69211 -3.165523
-8.298537 16.66883 -3.149446
-8.399113 16.64865 -3.131117
-8.501842 16.63144 -3.110691
-8.606607 16.61712 -3.088324
-8.713286 16.60558 -3.064171
-8.82176 16.59671 -3.038388
-8.931909 16.59041 -3.01113
-9.043613 16.58658 -2.982553
-9.156754 16.58511 -2.952811
-9.271208 16.58589 -2.922061
-9.386858 16.58883 -2.890458
-9.503584 16.59382 -2.858157
-9.621264 16.60075 -2.825315
-9.739782 16.60953 -2.792086
-9.859015 16.62004 -2.758625
-9.978845 16.63218 -2.725089
-10.09915 16.64585 -2.691633
-10.21981 16.66095 -2.658411
-10.34071 16.67737 -2.625581
-10.46172 16.695 -2.593297
-10.58273 16.71375 -2.561714
-10.70362 16.7335 -2.530988
-10.82427 16.75416 -2.501275
-10.94455 16.77561 -2.472729
-11.06434 16.79776 -2.445508
-11.18354 16.82051 -2.419765
-11.30201 16.84374 -2.395656
-11.41964 16.86735 -2.373338
-11.53631 16.89125 -2.352964
-11.65189 16.91532 -2.334692
-11.76628 16.93945 -2.318675
-11.87934 16.96356 -2.305071
-11.99096 16.98753 -2.294033
-12.10101 17.01126 -2.285718
-12.20938 17.03464 -2.280282
-12.31596 17.05757 -2.277879
-12.42061 17.07995 -2.278664
-12.52322 17.10167 -2.282794
-12.62366 17.12263 -2.290425
-12.72183 17.14272 -2.30171
-12.8176 17.16184 -2.316807
-12.91084 17.17989 -2.335869
-13.00144 17.19676 -2.359054
-13.08929 17.21235 -2.386516
-13.17425 17.22655 -2.41841
-13.25621 17.23926 -2.454893
-13.30298 17.24599 -2.478561
-13.38154 17.25572 -2.519261
-13.46009 17.26297 -2.5581
-13.5386 17.26782 -2.595123
-13.61703 17.27029 -2.630377
-13.69536 17.27045 -2.663909
-13.77355 17.26835 -2.695764
-13.85158 17.26402 -2.72599
-13.92943 17.25753 -2.754633
-14.00705 17.24892 -2.781739
-14.08442 17.23824 -2.807354
-14.16151 17.22553 -2.831526
-14.2383 17.21086 -2.854299
-14.31474 17.19427 -2.875721
-14.39082 17.1758 -2.895838
-14.46651 17.15552 -2.914697
-14.54177 17.13346 -2.932344
-14.61658 17.10967 -2.948825
-14.6909 17.08422 -2.964186
-14.76471 17.05713 -2.978475
-14.83798 17.02848 -2.991737
-14.91067 16.99829 -3.004018
-14.98277 16.96663 -3.015366
-15.05424 16.93355 -3.025827
-15.12504 16.89909 -3.035446
-15.19516 16.8633 -3.044271
-15.26457 16.82623 -3.052348
-15.33323 16.78793 -3.059722
-15.40111 16.74845 -3.066442
-15.46818 16.70785 -3.072552
-15.53442 16.66616 -3.078099
-15.5998 16.62344 -3.08313
-15.66429 16.57973 -3.087692
-15.72785 16.5351 -3.09183
-15.79047 16.48958 -3.09559
-15.8521 16.44323 -3.09902
-15.91272 16.3961 -3.102166
-15.97231 16.34823 -3.105073
-16.03082 16.29968 -3.10779
-16.08824 16.25049 -3.11036
-16.14454 16.20071 -3.112833
-16.19967 16.1504 -3.115252
-16.25363 16.0996 -3.117666
-16.30637 16.04836 -3.12012
-16.35786 15.99673 -3.122661
-16.40809 15.94477 -3.125335
-16.45701 15.89251 -3.128189
-16.5046 15.84002 -3.131269
-16.55083 15.78733 -3.13462
-16.59567 15.7345 -3.138291
-16.63909 15.68158 -3.142327
-16.68107 15.62862 -3.146774
-16.72156 15.57566 -3.151679
-16.76055 15.52277 -3.157089
-16.79801 15.46997 -3.163049
-16.8339 15.41734 -3.169606
-16.8682 15.3649 -3.176807
-16.90087 15.31272 -3.184698
-16.93189 15.26085 -3.193324
-16.96123 15.20933 -3.202734
-16.98886 15.15821 -3.212972
-17.01475 15.10754 -3.224086
-17.03887 15.05737 -3.236122
-17.06119 15.00776 -3.249126
-17.08168 14.95874 -3.263144
-17.10032 14.91038 -3.278224
-17.11707 14.86271 -3.29441
-17.1319 14.81579 -3.311751
-17.14479 14.76967 -3.330292
-17.15571 14.7244 -3.350079
-17.16462 14.68003 -3.371159
-17.16891 14.65436 -3.384183
-17.17438 14.61193 -3.406531
-17.17739 14.57129 -3.4285
-17.17799 14.5324 -3.450091
-17.17625 14.49522 -3.471306
-17.1722 14.4597 -3.492147
-17.16589 14.4258 -3.512616
-17.15737 14.39348 -3.532713
-17.14668 14.36269 -3.552441
-17.13388 14.33338 -3.5718
-17.11901 14.30552 -3.590794
-17.10212 14.27905 -3.609423
-17.08326 14.25394 -3.627689
-17.06248 14.23014 -3.645594
-17.03981 14.20761 -3.663138
-17.01532 14.18629 -3.680325
-16.98904 14.16616 -3.697155
-16.96103 14.14716 -3.713631
-16.93133 14.12926 -3.729753
-16.89999 14.1124 -3.745523
-16.86707 14.09654 -3.760943
-16.83259 14.08164 -3.776015
-16.79662 14.06765 -3.79074
-16.75921 14.05453 -3.80512
-16.72039 14.04224 -3.819157
-16.68021 14.03074 -3.832851
-16.63874 14.01997 -3.846205
-16.596 14.00989 -3.85922
-16.55206 14.00046 -3.871898
-16.50694 13.99165 -3.884241
-16.46072 13.98339 -3.89625
-16.41343 13.97565 -3.907926
-16.36512 13.96838 -3.919272
-16.31583 13.96155 -3.930289
-16.26563 13.9551 -3.940979
-16.21454 13.94899 -3.951342
-16.16263 13.94318 -3.961382
-16.10993 13.93763 -3.971099
-16.0565 13.93228 -3.980495
-16.00239 13.9271 -3.989572
-15.94763 13.92204 -3.998331
-15.89229 13.91706 -4.006774
-15.8364 13.91211 -4.014902
-15.78001 13.90716 -4.022718
-15.72318 13.90215 -4.030222
-15.66595 13.89704 -4.037417
-15.60836 13.89178 -4.044304
-15.55047 13.88634 -4.050885
-15.49232 13.88067 -4.057161
-15.43397 13.87473 -4.063133
-15.37545 13.86847 -4.068804
-15.31681 13.86184 -4.074176
-15.25811 13.85481 -4.079249
-15.19939 13.84733 -4.084025
-15.1407 13.83935 -4.088506
-15.08209 13.83083 -4.092694
-15.02359 13.82173 -4.09659
-14.96527 13.81201 -4.100196
-14.90717 13.80161 -4.103514
-14.84934 13.7905 -4.106544
-14.79182 13.77863 -4.109289
-14.73466 13.76596 -4.11175
-14.67791 13.75244 -4.113929
-14.62162 13.73803 -4.115828
-14.56584 13.72268 -4.117448
-14.5106 13.70636 -4.118791
-14.45597 13.68901 -4.119858
-14.40198 13.67059 -4.120651
-14.3487 13.65107 -4.121171
-14.29615 13.63039 -4.121421
-14.24439 13.6085 -4.121402
-14.21434 13.59505 -4.121265
-14.16426 13.57214 -4.12171
-14.11568 13.54987 -4.123644
-14.0685 13.52824 -4.127041
-14.02265 13.50724 -4.131868
-13.97804 13.48686 -4.1381
-13.9346 13.46712 -4.145705
-13.89223 13.44799 -4.154655
-13.85086 13.42948 -4.16492
-13.81042 13.41158 -4.176473
-13.77081 13.39429 -4.189283
-13.73195 13.37761 -4.203321
-13.69377 13.36153 -4.21856
-13.65619 13.34604 -4.234968
-13.61911 13.33115 -4.252517
-13.58247 13.31685 -4.271179
-13.54618 13.30313 -4.290924
-13.51015 13.28999 -4.311723
-13.47431 13.27743 -4.333546
-13.43858 13.26545 -4.356366
-13.40287 13.25403 -4.380152
-13.36711 13.24318 -4.404876
-13.33121 13.23288 -4.430508
-13.29508 13.22315 -4.45702
-13.25866 13.21397 -4.484382
-13.22186 13.20533 -4.512566
-13.18459 13.19725 -4.541541
-13.14677 13.1897 -4.57128
-13.10834 13.18269 -4.601752
-13.06919 13.17621 -4.63293
-13.02925 13.17027 -4.664783
-12.98845 13.16484 -4.697284
-12.94669 13.15994 -4.730402
-12.90391 13.15556 -4.764108
-12.86001 13.15169 -4.798374
-12.81491 13.14833 -4.83317
-12.76854 13.14547 -4.868468
-12.72081 13.14312 -4.904238
-12.67164 13.14126 -4.940451
-12.62095 13.13989 -4.977077
-12.56866 13.13902 -5.014089
-12.51469 13.13863 -5.051457
-12.45895 13.13872 -5.089151
-12.40137 13.13929 -5.127144
-12.34186 13.14033 -5.165404
-12.28035 13.14184 -5.203905
-12.21674 13.14382 -5.242615
-12.15097 13.14625 -5.281507
-12.08294 13.14915 -5.320551
-12.01259 13.1525 -5.359719
-11.93981 13.15629 -5.398981
-11.86454 13.16054 -5.438306
-11.7867 13.16522 -5.477669
-11.70619 13.17034 -5.517037
-11.62295 13.1759 -5.556385
-11.53689 13.18188 -5.59568
-11.44793 13.18829 -5.634895
-11.35598 13.19512 -5.674
-11.26097 13.20237 -5.712967
-11.16281 13.21003 -5.751766
-11.06142 13.2181 -5.790368
-10.95673 13.22658 -5.828744
-10.84865 13.23546 -5.866865
-10.73709 13.24473 -5.904702
-10.62199 13.2544 -5.942226
-10.50325 13.26446 -5.979407
-10.38079 13.2749 -6.016218
-10.25454 13.28573 -6.052628
-10.12442 13.29693 -6.088608
-9.990332 13.30851 -6.124129
-9.852206 13.32045 -6.159163
-9.769029 13.32765 -6.179533
-9.629226 13.33978 -6.214761
-9.494996 13.35149 -6.251487
-9.366275 13.36278 -6.289687
-9.242996 13.37365 -6.329338
-9.125096 13.38411 -6.370418
-9.01251 13.39416 -6.412902
-8.905171 13.4038 -6.456769
-8.803017 13.41303 -6.501995
-8.70598 13.42186 -6.548556
-8.613997 13.43029 -6.596429
-8.527002 13.43832 -6.645592
-8.444932 13.44596 -6.696022
-8.36772 13.4532 -6.747694
-8.295302 13.46006 -6.800587
-8.227612 13.46653 -6.854676
-8.164587 13.47262 -6.909939
-8.10616 13.47832 -6.966353
-8.052268 13.48365 -7.023894
-8.002844 13.4886 -7.08254
-7.957824 13.49318 -7.142266
-7.917144 13.49739 -7.203052
-7.880737 13.50123 -7.264872
-7.848541 13.50471 -7.327703
-7.820488 13.50783 -7.391522
-7.796514 13.51059 -7.456308
-7.776555 13.51299 -7.522037
-7.760545 13.51504 -7.588684
-7.74842 13.51674 -7.656227
-7.740114 13.51809 -7.724644
-7.735562 13.51909 -7.79391
-7.734701 13.51975 -7.864003
-7.737464 13.52008 -7.934899
-7.743787 13.52006 -8.006577
-7.753605 13.51972 -8.079011
-7.766852 13.51904 -8.15218
-7.783465 13.51803 -8.226059
-7.803378 13.5167 -8.300626
-7.826525 13.51505 -8.375858
-7.852843 13.51307 -8.451732
-7.882265 13.51078 -8.528224
-7.914728 13.50817 -8.605311
-7.950166 13.50525 -8.682972
-7.988514 13.50202 -8.76118
-8.029708 13.49849 -8.839915
-8.073682 13.49465 -8.919152
-8.120372 13.49051 -8.99887
-8.169711 13.48607 -9.079043
-8.221637 13.48134 -9.159651
-8.276083 13.47631 -9.240668
-8.332984 13.471 -9.322073
-8.392277 13.4654 -9.403842
-8.453896 13.45951 -9.485951
-8.517774 13.45334 -9.568378
-8.58385 13.4469 -9.6511
-8.652055 13.44018 -9.734094
-8.722327 13.43318 -9.817335
-8.7946 13.42591 -9.900803
-8.868809 13.41838 -9.984471
-8.944888 13.41058 -10.06832
-9.022775 13.40252 -10.15232
-9.102402 13.3942 -10.23646
-9.183706 13.38562 -10.3207
-9.266621 13.37679 -10.40504
-9.351083 13.36771 -10.48943
-9.437026 13.35838 -10.57387
-9.524385 13.34881 -10.65832
-9.613096 13.33899 -10.74276
-9.703094 13.32893 -10.82718
-9.794312 13.31863 -10.91155
-9.886688 13.3081 -10.99584
-9.941546 13.3018 -11.04538
-10.03452 13.29085 -11.12825
-10.12634 13.27959 -11.20854
-10.21701 13.26802 -11.28633
-10.30656 13.25614 -11.36167
-10.39502 13.24397 -11.43465
-10.48241 13.2315 -11.50532
-10.56874 13.21875 -11.57376
-10.65404 13.20572 -11.64003
-10.73833 13.19243 -11.70421
-10.82163 13.17887 -11.76636
-10.90397 13.16505 -11.82655
-10.98537 13.15098 -11.88484
-11.06584 13.13667 -11.94132
-11.14542 13.12212 -11.99603
-11.22412 13.10735 -12.04907
-11.30196 13.09235 -12.10048
-11.37897 13.07713 -12.15035
-11.45517 13.06171 -12.19873
-11.53058 13.04608 -12.2457
-11.60522 13.03026 -12.29133
-11.67911 13.01425 -12.33568
-11.75228 12.99805 -12.37883
-11.82475 12.98168 -12.42084
-11.89654 12.96515 -12.46177
-11.96767 12.94845 -12.50171
-12.03816 12.93159 -12.54072
-12.10804 12.91459 -12.57885
-12.17732 12.89745 -12.6162
-12.24604 12.88017 -12.65281
-12.3142 12.86277 -12.68877
-12.38184 12.84524 -12.72414
-12.44898 12.8276 -12.75898
-12.51563 12.80985 -12.79337
-12.58182 12.792 -12.82738
-12.64757 12.77406 -12.86107
-12.7129 12.75603 -12.89451
-12.77784 12.73793 -12.92777
-12.8424 12.71974 -12.96092
-12.90661 12.7015 -12.99403
-12.9705 12.68319 -13.02716
-13.03407 12.66483 -13.06039
-13.09736 12.64642 -13.09378
-13.16038 12.62798 -13.1274
-13.22316 12.6095 -13.16132
-13.28573 12.59099 -13.19561
-13.34809 12.57247 -13.23033
-13.41028 12.55394 -13.26556
-13.47231 12.5354 -13.30137
-13.53421 12.51686 -13.33782
-13.596 12.49833 -13.37497
-13.6577 12.47981 -13.41291
-13.71933 12.46132 -13.45169
-13.78092 12.44285 -13.49139
-13.84248 12.42442 -13.53208
-13.90405 12.40603 -13.57382
-13.96563 12.3877 -13.61667
-14.02726 12.36941 -13.66072
-14.08895 12.35119 -13.70603
-14.15072 12.33304 -13.75266
-14.21261 12.31497 -13.80069
-14.27462 12.29698 -13.85019
-14.33679 12.27908 -13.90121
-14.39913 12.26127 -13.95384
-14.46167 12.24357 -14.00814
-14.52443 12.22598 -14.06417
-14.58742 12.20851 -14.12201
-14.65068 12.19116 -14.18172
-14.71422 12.17394 -14.24338
-14.77807 12.15686 -14.30705
-14.84224 12.13992 -14.3728
-14.88015 12.13002 -14.41248
-14.94349 12.11394 -14.48036
-15.00442 12.0992 -14.54781
-15.06294 12.0858 -14.61483
-15.11907 12.07371 -14.68138
-15.1728 12.0629 -14.74745
-15.22415 12.05335 -14.81303
-15.27312 12.04504 -14.8781
-15.31973 12.03795 -14.94264
-15.36398 12.03204 -15.00664
-15.40588 12.02731 -15.07007
-15.44544 12.02371 -15.13292
-15.48267 12.02124 -15.19518
-15.51757 12.01986 -15.25682
-15.55015 12.01956 -15.31783
-15.58042 12.0203 -15.3782
-15.60839 12.02207 -15.4379
-15.63407 12.02485 -15.49691
-15.65746 12.0286 -15.55523
-15.67858 12.03331 -15.61283
-15.69742 12.03895 -15.6697
-15.71401 12.0455 -15.72582
-15.72834 12.05294 -15.78117
-15.74043 12.06124 -15.83574
-15.75029 12.07037 -15.88951
-15.75791 12.08032 -15.94245
-15.76332 12.09106 -15.99457
-15.76651 12.10257 -16.04582
-15.7675 12.11483 -16.09621
-15.76629 12.1278 -16.14572
-15.76289 12.14147 -16.19432
-15.75732 12.15582 -16.242
-15.74957 12.17082 -16.28874
-15.73966 12.18644 -16.33452
-15.7276 12.20266 -16.37934
-15.71339 12.21947 -16.42316
-15.69703 12.23683 -16.46598
-15.67855 12.25473 -16.50778
-15.65795 12.27313 -16.54854
-15.63523 12.29202 -16.58823
-15.6104 12.31138 -16.62686
-15.58348 12.33117 -16.66439
-15.55447 12.35138 -16.70082
-15.52337 12.37198 -16.73612
-15.4902 12.39294 -16.77027
-15.45496 12.41426 -16.80327
-15.41767 12.43589 -16.83509
-15.37832 12.45782 -16.86572
-15.33694 12.48003 -16.89514
-15.29352 12.50249 -16.92332
-15.24807 12.52517 -16.95027
-15.20061 12.54806 -16.97595
-15.15114 12.57113 -17.00035
-15.09966 12.59436 -17.02346
-15.0462 12.61771 -17.04525
-14.99075 12.64118 -17.06572
-14.93332 12.66474 -17.08483
-14.87393 12.68836 -17.10258
-14.81257 12.71202 -17.11895
-14.74926 12.7357 -17.13393
-14.68401 12.75936 -17.14748
-14.61682 12.783 -17.15961
-14.5477 12.80658 -17.17028
-14.47667 12.83009 -17.17949
-14.40372 12.85349 -17.18721
-14.32887 12.87677 -17.19344
-14.25212 12.8999 -17.19814
-14.17348 12.92286 -17.20131
-14.09297 12.94562 -17.20293
-14.01058 12.96816 -17.20298
-13.92633 12.99046 -17.20145
-13.87591 13.00346 -17.1998
-13.78835 13.02502 -17.19607
-13.69829 13.04572 -17.19149
-13.60586 13.06559 -17.18611
-13.51117 13.08468 -17.17998
-13.41434 13.10302 -17.17315
-13.31549 13.12067 -17.16566
-13.21474 13.13765 -17.15757
-13.11222 13.15402 -17.14893
-13.00803 13.16981 -17.13978
-12.90231 13.18506 -17.13019
-12.79517 13.19982 -17.12019
-12.68673 13.21414 -17.10985
-12.57711 13.22804 -17.0992
-12.46643 13.24157 -17.08831
-12.35481 13.25477 -17.07721
-12.24237 13.26769 -17.06597
-12.12924 13.28037 -17.05462
-12.01552 13.29285 -17.04323
-11.90135 13.30516 -17.03184
-11.78683 13.31736 -17.0205
-11.6721 13.32948 -17.00927
-11.55727 13.34156 -16.99818
-11.44245 13.35365 -16.9873
-11.32778 13.36578 -16.97667
-11.21337 13.37801 -16.96635
-11.09934 13.39036 -16.95638
-10.98581 13.40289 -16.94681
-10.8729 13.41563 -16.93769
-10.76073 13.42863 -16.92908
-10.64941 13.44193 -16.92103
-10.53908 13.45556 -16.91358
-10.42985 13.46957 -16.90679
-10.32184 13.484 -16.9007
-10.21517 13.4989 -16.89536
-10.10996 13.51431 -16.89084
-10.00633 13.53026 -16.88717
-9.904397 13.54679 -16.8844
-9.804284 13.56396 -16.8826
-9.706112 13.5818 -16.8818
-9.609999 13.60035 -16.88206
-9.516065 13.61965 -16.88342
-9.424431 13.63975 -16.88594
-9.335216 13.66069 -16.88968
-9.24854 13.68251 -16.89467
-9.164523 13.70525 -16.90097
-9.083285 13.72895 -16.90863
-9.004948 13.75365 -16.9177
-8.929628 13.7794 -16.92823
-8.857448 13.80624 -16.94027
-8.788526 13.8342 -16.95387
-8.722984 13.86334 -16.96908
-8.66094 13.89369 -16.98595
-8.602514 13.92529 -17.00453
-8.547829 13.95818 -17.02488
-8.497001 13.99242 -17.04703
-8.450151 14.02803 -17.07105
-8.4074 14.06505 -17.09698
-8.368868 14.10355 -17.12488
-8.334674 14.14354 -17.15478
-8.304938 14.18508 -17.18675
-8.27978 14.2282 -17.22083
-8.259322 14.27295 -17.25708
-8.243681 14.31938 -17.29554
-8.232978 14.36751 -17.33627
-8.227333 14.41739 -17.37931
-8.226867 14.46907 -17.42472
-8.231697 14.52258 -17.47254
-8.241946 14.57797 -17.52283
-8.257732 14.63528 -17.57563
-8.279178 14.69455 -17.631
-8.294484 14.73035 -17.66479
-8.321763 14.79099 -17.72293
-8.348164 14.85005 -17.78089
-8.373727 14.90753 -17.83867
-8.398499 14.96348 -17.89627
-8.422519 15.01791 -17.95368
-8.445831 15.07084 -18.01089
-8.468481 15.12231 -18.06788
-8.490507 15.17233 -18.12467
-8.511955 15.22093 -18.18123
-8.532867 15.26813 -18.23757
-8.553288 15.31396 -18.29366
-8.573256 15.35844 -18.34952
-8.592819 15.4016 -18.40512
-8.612017 15.44346 -18.46047
-8.630894 15.48404 -18.51555
-8.649491 15.52338 -18.57035
-8.667854 15.56148 -18.62488
-8.686024 15.59839 -18.67912
-8.704044 15.63411 -18.73307
-8.721958 15.66868 -18.78671
-8.739808 15.70212 -18.84005
-8.757636 15.73446 -18.89307
-8.775487 15.76572 -18.94577
-8.793402 15.79592 -18.99813
-8.811424 15.82508 -19.05016
-8.829597 15.85324 -19.10185
-8.847964 15.88041 -19.15318
-8.866567 15.90663 -19.20415
-8.88545 15.9319 -19.25476
-8.904655 15.95627 -19.30499
-8.924224 15.97975 -19.35484
-8.944201 16.00237 -19.4043
-8.96463 16.02415 -19.45337
-8.985552 16.04511 -19.50203
-9.00701 16.06528 -19.55028
-9.029049 16.08469 -19.59812
-9.051708 16.10336 -19.64552
-9.075035 16.12131 -19.6925
-9.099069 16.13857 -19.73904
-9.123854 16.15516 -19.78514
-9.149433 16.1711 -19.83077
-9.17585 16.18642 -19.87595
-9.203145 16.20115 -19.92066
-9.231364 16.21531 -19.9649
-9.260549 16.22891 -20.00865
-9.290742 16.242 -20.05191
-9.321986 16.25459 -20.09467
-9.354324 16.2667 -20.13693
-9.387799 16.27836 -20.17868
-9.422456 16.28959 -20.21991
-9.458334 16.30043 -20.26061
-9.49548 16.31088 -20.30078
-9.533933 16.32098 -20.34041
-9.573738 16.33076 -20.37949
-9.614938 16.34023 -20.41802
-9.657576 16.34941 -20.45598
-9.701694 16.35835 -20.49337
-9.747334 16.36704 -20.53019
-9.79454 16.37554 -20.56642
-9.843358 16.38384 -20.60206
-9.893826 16.39199 -20.6371
-9.945989 16.40001 -20.67154
-9.999889 16.40791 -20.70536
-10.05557 16.41573 -20.73856
-10.11308 16.42348 -20.77113
-10.17245 16.4312 -20.80307
-10.23373 16.4389 -20.83437
-10.29696 16.44662 -20.86502
-10.36219 16.45436 -20.89501
-10.42946 16.46217 -20.92434
-10.47 16.4668 -20.94127
-10.54087 16.47552 -20.96955
-10.61437 16.48583 -20.99719
-10.69041 16.49768 -21.0242
-10.76891 16.51101 -21.05059
-10.84978 16.52575 -21.07638
-10.93294 16.54183 -21.10157
-11.0183 16.55921 -21.12618
-11.10577 16.57782 -21.15021
-11.19528 16.59759 -21.17367
-11.28672 16.61847 -21.19658
-11.38003 16.64039 -21.21894
-11.47512 16.6633 -21.24077
-11.57189 16.68712 -21.26207
-11.67027 16.7118 -21.28286
-11.77016 16.73729 -21.30314
-11.87149 16.7635 -21.32293
-11.97417 16.79039 -21.34223
-12.07811 16.8179 -21.36106
-12.18323 16.84595 -21.37942
-12.28944 16.8745 -21.39733
-12.39665 16.90348 -21.4148
-12.50479 16.93282 -21.43183
-12.61377 16.96246 -21.44844
-12.7235 16.99236 -21.46463
-12.83389 17.02243 -21.48042
-12.94487 17.05262 -21.49582
-13.05634 17.08287 -21.51083
-13.16822 17.11312 -21.52547
-13.28043 17.14331 -21.53975
-13.39287 17.17337 -21.55367
-13.50548 17.20325 -21.56726
-13.61815 17.23288 -21.5805
-13.7308 17.26219 -21.59343
-13.84336 17.29114 -21.60604
-13.95572 17.31965 -21.61836
-14.06782 17.34767 -21.63038
-14.17956 17.37513 -21.64211
-14.29086 17.40198 -21.65358
-14.40163 17.42814 -21.66479
-14.51178 17.45357 -21.67574
-14.62124 17.4782 -21.68645
-14.72992 17.50196 -21.69693
-14.83773 17.52479 -21.70719
-14.94458 17.54664 -21.71724
-15.0504 17.56744 -21.72709
-15.15509 17.58713 -21.73675
-15.25857 17.60565 -21.74623
-15.36076 17.62294 -21.75553
-15.46157 17.63894 -21.76468
-15.56091 17.65358 -21.77368
-15.6587 17.6668 -21.78253
-15.75486 17.67854 -21.79126
-15.84929 17.68874 -21.79987
-15.94192 17.69734 -21.80836
-16.03266 17.70428 -21.81676
-16.12142 17.70949 -21.82507
-16.20812 17.71292 -21.8333
-16.29267 17.7145 -21.84146
-16.37499 17.71417 -21.84957
-16.45499 17.71187 -21.85762
-16.53259 17.70753 -21.86564
-16.6077 17.7011 -21.87362
-16.68023 17.69252 -21.88159
-16.75011 17.68172 -21.88955
-16.81725 17.66864 -21.89752
-16.88155 17.65323 -21.90549
-16.94294 17.63541 -21.91349
-17.00133 17.61512 -21.92152
-17.05664 17.59232 -21.92959
-17.10877 17.56693 -21.93772
-17.13793 17.55075 -21.94253
-17.18989 17.52241 -21.95016
-17.24844 17.4939 -21.95668
-17.31339 17.46522 -21.96211
-17.38453 17.43635 -21.96646
-17.46166 17.40728 -21.96976
-17.54458 17.37799 -21.97202
-17.63308 17.34846 -21.97327
-17.72697 17.31869 -21.97351
-17.82603 17.28865 -21.97278
-17.93008 17.25834 -21.97109
-18.0389 17.22774 -21.96845
-18.15229 17.19682 -21.96488
-18.27005 17.16559 -21.96042
-18.39198 17.13401 -21.95506
-18.51788 17.10209 -21.94884
-18.64754 17.06979 -21.94177
-18.78077 17.03712 -21.93387
-18.91735 17.00405 -21.92515
-19.05709 16.97056 -21.91565
-19.19978 16.93665 -21.90536
-19.34523 16.90229 -21.89433
-19.49322 16.86749 -21.88256
-19.64356 16.8322 -21.87007
-19.79605 16.79643 -21.85687
-19.95048 16.76016 -21.843
-20.10665 16.72338 -21.82847
-20.26435 16.68606 -21.81329
-20.4234 16.64819 -21.79749
-20.58357 16.60977 -21.78109
-20.74468 16.57077 -21.7641
-20.90651 16.53117 -21.74653
-21.06887 16.49098 -21.72842
-21.23155 16.45016 -21.70978
-21.39436 16.4087 -21.69062
-21.55708 16.3666 -21.67097
-21.71952 16.32383 -21.65085
-21.88148 16.28037 -21.63027
-22.04274 16.23623 -21.60926
-22.20312 16.19137 -21.58782
-22.3624 16.14579 -21.56599
-22.52039 16.09946 -21.54377
-22.67687 16.05239 -21.5212
-22.83166 16.00454 -21.49827
-22.98455 15.95591 -21.47503
-23.13533 15.90648 -21.45148
-23.28381 15.85623 -21.42764
-23.42977 15.80515 -21.40353
-23.57302 15.75323 -21.37917
-23.71336 15.70045 -21.35458
-23.85058 15.6468 -21.32978
-23.98449 15.59226 -21.30478
-24.11487 15.53681 -21.27961
-24.24153 15.48044 -21.25428
-24.36426 15.42314 -21.22882
-24.48286 15.3649 -21.20323
-24.59713 15.30568 -21.17754
-24.70687 15.24549 -21.15178
-24.81188 15.18431 -21.12595
-24.91194 15.12211 -21.10007
-25.00687 15.0589 -21.07418
-25.09645 14.99464 -21.04827
-25.18049 14.92934 -21.02238
-25.25878 14.86296 -20.99652
-25.33112 14.7955 -20.9707
-25.39731 14.72694 -20.94496
-25.45714 14.65728 -20.9193
-25.51042 14.58648 -20.89375
-25.55694 14.51454 -20.86832
-25.59649 14.44144 -20.84304
-25.62889 14.36717 -20.81791
-25.64451 14.32293 -20.80322
-25.66864 14.2472 -20.77768
-25.69227 14.17118 -20.75094
-25.7154 14.09489 -20.72302
-25.73803 14.01835 -20.69393
-25.76018 13.94159 -20.66371
-25.78184 13.86463 -20.63237
-25.80301 13.78751 -20.59994
-25.8237 13.71025 -20.56643
-25.84391 13.63288 -20.53187
-25.86363 13.55542 -20.49628
-25.88289 13.4779 -20.45969
-25.90167 13.40034 -20.42211
-25.91998 13.32279 -20.38356
-25.93782 13.24525 -20.34408
-25.95519 13.16776 -20.30367
-25.9721 13.09035 -20.26237
-25.98855 13.01303 -20.22018
-26.00454 12.93585 -20.17715
-26.02007 12.85882 -20.13328
-26.03515 12.78197 -20.08861
-26.04978 12.70532 -20.04314
-26.06396 12.62892 -19.99691
-26.07769 12.55277 -19.94993
-26.09098 12.47691 -19.90223
-26.10383 12.40137 -19.85383
-26.11624 12.32617 -19.80475
-26.12821 12.25134 -19.75501
-26.13975 12.17691 -19.70464
-26.15086 12.10289 -19.65366
-26.16153 12.02933 -19.60208
-26.17179 11.95624 -19.54993
-26.18161 11.88366 -19.49724
-26.19102 11.8116 -19.44402
-26.2 11.7401 -19.3903
-26.20857 11.66918 -19.33609
-26.21673 11.59887 -19.28143
-26.22447 11.5292 -19.22632
-26.2318 11.46019 -19.1708
-26.23873 11.39187 -19.11489
-26.24525 11.32427 -19.05861
-26.25137 11.2574 -19.00197
-26.25709 11.19131 -18.945
-26.26242 11.12602 -18.88773
-26.26735 11.06155 -18.83018
-26.27188 10.99793 -18.77236
-26.27603 10.93519 -18.71429
-26.27979 10.87335 -18.65602
-26.28317 10.81244 -18.59754
-26.28616 10.75249 -18.53889
-26.28877 10.69353 -18.48008
-26.29101 10.63557 -18.42114
-26.29288 10.57865 -18.3621
-26.29436 10.5228 -18.30296
-26.29548 10.46803 -18.24376
-26.29624 10.41439 -18.18452
-26.29662 10.36189 -18.12525
-26.29665 10.31056 -18.06599
-26.29631 10.26043 -18.00674
-26.29562 10.21152 -17.94754
-26.29458 10.16387 -17.8884
-26.29318 10.11749 -17.82936
-26.29143 10.07242 -17.77042
-26.28933 10.02868 -17.71161
-26.28689 9.986299 -17.65296
-26.2841 9.945305 -17.59448
-26.28098 9.905721 -17.5362
-26.27751 9.867577 -17.47813
-26.27371 9.830897 -17.42031
-26.26958 9.795712 -17.36275
-26.26512 9.762045 -17.30548
-26.26234 9.742959 -17.27192
-26.25683 9.712248 -17.21593
-26.24996 9.684043 -17.1618
-26.24177 9.658283 -17.10946
-26.23229 9.634906 -17.05884
-26.22156 9.613853 -17.00987
-26.20963 9.595059 -16.96249
-26.19652 9.578466 -16.91662
-26.18229 9.564013 -16.8722
-26.16695 9.551635 -16.82916
-26.15056 9.541275 -16.78743
-26.13315 9.532869 -16.74694
-26.11476 9.526358 -16.70763
-26.09543 9.521679 -16.66943
-26.0752 9.518769 -16.63226
-26.05409 9.517572 -16.59606
-26.03216 9.518023 -16.56076
-26.00943 9.520062 -16.5263
-25.98596 9.523628 -16.4926
-25.96176 9.528659 -16.45959
-25.93689 9.535093 -16.42722
-25.91138 9.542871 -16.3954
-25.88527 9.551929 -16.36407
-25.8586 9.562209 -16.33317
-25.8314 9.573647 -16.30262
-25.80372 9.586183 -16.27236
-25.77558 9.599755 -16.24232
-25.74704 9.614305 -16.21242
-25.71812 9.629766 -16.18261
-25.68886 9.646082 -16.15281
-25.65931 9.663188 -16.12295
-25.6295 9.681026 -16.09297
-25.59947 9.699533 -16.0628
-25.56925 9.718648 -16.03236
-25.53889 9.738308 -16.0016
-25.50842 9.758456 -15.97044
-25.47788 9.779028 -15.93882
-25.44731 9.799962 -15.90666
-25.41675 9.821198 -15.87389
-25.38623 9.842676 -15.84046
-25.35579 9.864333 -15.80629
-25.32548 9.886107 -15.77131
-25.29532 9.90794 -15.73546
-25.26536 9.929768 -15.69866
-25.23563 9.95153 -15.66085
-25.20617 9.973165 -15.62196
-25.17703 9.994614 -15.58192
-25.14823 10.01581 -15.54066
-25.11982 10.0367 -15.49812
-25.09184 10.05722 -15.45422
-25.06431 10.0773 -15.4089
-25.03729 10.09689 -15.36209
-25.0108 10.11592 -15.31372
-24.98489 10.13434 -15.26372
-24.9596 10.15208 -15.21203
-24.93495 10.16908 -15.15858
-24.911 10.18528 -15.10329
-24.88778 10.20062 -15.0461
-24.86531 10.21504 -14.98694
-24.84366 10.22847 -14.92575
-24.82284 10.24086 -14.86244
-24.80291 10.25214 -14.79697
-24.78389 10.26226 -14.72925
-24.76583 10.27114 -14.65922
-24.74877 10.27874 -14.58681
-24.73273 10.28498 -14.51196
-24.71776 10.28981 -14.43459
