0.09494229 0.7295274 -0.1369742 0.6633354
0.09442254 0.7293525 -0.135963 0.6638098
0.09368681 0.7291031 -0.1345318 0.6644794
0.09274095 0.7287791 -0.132692 0.6653367
0.09159064 0.7283805 -0.1304549 0.6663742
0.0902414 0.7279062 -0.1278313 0.667584
0.08869865 0.7273549 -0.1248321 0.6689577
0.08696771 0.7267253 -0.1214678 0.6704869
0.08505388 0.7260153 -0.1177489 0.6721629
0.08296242 0.7252229 -0.1136861 0.6739767
0.08069859 0.7243457 -0.1092897 0.6759192
0.07826769 0.7233817 -0.1045704 0.677981
0.07567509 0.722328 -0.09953887 0.6801526
0.07292624 0.7211823 -0.09420607 0.6824244
0.07002667 0.719942 -0.08858309 0.6847867
0.06698209 0.7186047 -0.08268125 0.6872295
0.06379832 0.7171682 -0.07651222 0.689743
0.06048134 0.7156303 -0.07008792 0.6923172
0.05703731 0.7139888 -0.06342058 0.6949421
0.05347262 0.7122423 -0.05652291 0.6976079
0.0497938 0.7103893 -0.04940786 0.7003046
0.04600761 0.7084287 -0.04208881 0.7030224
0.04212103 0.7063599 -0.03457956 0.705752
0.03814123 0.7041826 -0.02689422 0.7084836
0.03407559 0.7018968 -0.01904731 0.711208
0.02993168 0.6995034 -0.01105371 0.7139165
0.02571727 0.6970035 -0.002928594 0.7166004
0.02144031 0.6943988 0.005312464 0.7192513
0.0171089 0.6916915 0.0136537 0.7218614
0.01273128 0.6888845 0.02207906 0.7244229
0.008315844 0.6859811 0.03057228 0.7269292
0.00387109 0.6829854 0.0391169 0.7293736
-0.0005944259 0.6799019 0.04769637 0.7317501
-0.005072106 0.6767357 0.05629414 0.7340531
-0.00955326 0.6734927 0.06489349 0.736278
-0.01402925 0.6701789 0.07347782 0.7384202
-0.01849139 0.6668014 0.08203053 0.7404763
-0.02293112 0.6633672 0.09053524 0.7424429
-0.02733989 0.6598845 0.09897569 0.7443178
-0.03170926 0.6563612 0.1073358 0.7460988
-0.03603092 0.6528063 0.1155999 0.7477851
-0.04029668 0.6492286 0.1237523 0.7493756
-0.04449852 0.6456377 0.131778 0.7508705
-0.04862858 0.6420432 0.1396622 0.75227
-0.0526792 0.6384553 0.1473904 0.7535753
-0.05664289 0.6348842 0.1549486 0.7547878
-0.06051239 0.6313401 0.1623233 0.7559094
-0.06428067 0.6278337 0.1695013 0.7569426
-0.06794085 0.6243758 0.1764698 0.75789
-0.07148634 0.620977 0.1832166 0.7587548
-0.07491067 0.6176482 0.1897297 0.7595405
-0.07820766 0.6144001 0.1959977 0.7602506
-0.08137126 0.6112436 0.2020093 0.7608891
-0.08439561 0.6081893 0.2077538 0.7614601
-0.08727508 0.6052479 0.2132208 0.7619678
-0.09000405 0.60243 0.2184 0.7624164
-0.09257718 0.5997459 0.2232816 0.7628103
-0.09498911 0.5972061 0.2278558 0.7631539
-0.09723467 0.5948204 0.232113 0.7634512
-0.09930865 0.5925992 0.2360437 0.7637063
-0.1012059 0.590552 0.2396384 0.7639236
-0.1029213 0.5886885 0.2428877 0.7641065
-0.1044498 0.5870181 0.2457822 0.7642586
-0.105786 0.5855499 0.2483121 0.7643833
-0.1069247 0.5842931 0.2504676 0.7644834
-0.1078604 0.5832562 0.2522386 0.7645613
-0.1085876 0.5824481 0.2536148 0.7646192
-0.1091005 0.5818767 0.2545854 0.7646586
-0.1093931 0.5815502 0.2551391 0.7646807
-0.1094645 0.5814705 0.2552743 0.764686
0.1095082 -0.5815745 -0.2551652 -0.7646371
0.1096376 -0.5818824 -0.2548422 -0.7644919
0.1098502 -0.5823882 -0.2543113 -0.7642531
0.1101434 -0.5830854 -0.2535784 -0.7639228
0.1105147 -0.5839679 -0.2526492 -0.7635028
0.1109616 -0.5850291 -0.2515296 -0.7629949
0.1114815 -0.5862626 -0.2502252 -0.7624011
0.1120719 -0.5876616 -0.2487416 -0.7617226
0.1127302 -0.5892197 -0.2470843 -0.7609609
0.1134537 -0.5909299 -0.2452589 -0.7601172
0.1142399 -0.5927856 -0.2432708 -0.7591929
0.1150861 -0.5947798 -0.2411256 -0.7581891
0.1159898 -0.5969056 -0.2388286 -0.7571069
0.1169483 -0.5991562 -0.2363856 -0.7559476
0.1179589 -0.6015245 -0.233802 -0.7547123
0.1190189 -0.6040034 -0.2310833 -0.7534022
0.1201258 -0.6065861 -0.2282353 -0.7520185
0.1212767 -0.6092654 -0.2252637 -0.7505624
0.122469 -0.6120343 -0.2221741 -0.7490355
0.1236999 -0.6148857 -0.2189724 -0.747439
0.1249668 -0.6178126 -0.2156646 -0.7457746
0.1262669 -0.6208081 -0.2122565 -0.7440438
0.1275974 -0.623865 -0.2087544 -0.7422486
0.1289557 -0.6269767 -0.2051642 -0.7403907
0.130339 -0.6301358 -0.2014924 -0.7384723
0.1317445 -0.633336 -0.1977451 -0.7364956
0.1331695 -0.6365702 -0.1939288 -0.734463
0.1346112 -0.6398318 -0.19005 -0.7323769
0.1360671 -0.6431144 -0.1861154 -0.7302402
0.1375343 -0.6464112 -0.1821315 -0.7280557
0.1390102 -0.649716 -0.1781051 -0.7258264
0.140492 -0.6530224 -0.1740431 -0.7235557
0.1419772 -0.6563244 -0.1699522 -0.7212468
0.1434631 -0.659616 -0.1658396 -0.7189035
0.1449472 -0.6628913 -0.1617121 -0.7165296
0.1464268 -0.6661446 -0.1575767 -0.714129
0.1478995 -0.6693704 -0.1534407 -0.7117058
0.1493627 -0.6725631 -0.1493111 -0.7092643
0.150814 -0.6757178 -0.145195 -0.7068091
0.152251 -0.6788293 -0.1410997 -0.7043446
0.1536713 -0.6818927 -0.1370322 -0.7018759
0.1550726 -0.6849034 -0.1329999 -0.6994076
0.1564527 -0.6878567 -0.1290097 -0.696945
0.1578092 -0.6907485 -0.125069 -0.694493
0.1591399 -0.6935745 -0.1211849 -0.6920572
0.1604429 -0.6963307 -0.1173644 -0.6896428
0.1617159 -0.6990134 -0.1136147 -0.6872554
0.162957 -0.7016187 -0.1099429 -0.6849006
0.1641641 -0.7041433 -0.106356 -0.682584
0.1653353 -0.7065836 -0.1028609 -0.6803113
0.1664686 -0.7089366 -0.09946458 -0.6780884
0.1675623 -0.7111992 -0.09617399 -0.6759211
0.1686144 -0.7133682 -0.09299595 -0.6738151
0.1696232 -0.7154408 -0.08993726 -0.6717766
0.1705868 -0.7174143 -0.08700468 -0.6698112
0.1715036 -0.7192859 -0.08420491 -0.6679251
0.1723718 -0.7210529 -0.08154465 -0.666124
0.1731898 -0.7227128 -0.07903051 -0.6644139
0.1739557 -0.7242629 -0.07666907 -0.6628006
0.174668 -0.7257007 -0.07446692 -0.6612899
0.1753249 -0.7270235 -0.07243056 -0.6598877
0.1759249 -0.7282287 -0.07056658 -0.6585999
0.176466 -0.7293137 -0.06888136 -0.6574318
0.1769467 -0.7302758 -0.06738149 -0.6563894
0.1773653 -0.7311119 -0.0660734 -0.6554779
0.1777198 -0.7318192 -0.06496359 -0.654703
0.1780086 -0.7323946 -0.06405855 -0.65407
0.1782297 -0.7328348 -0.06336485 -0.6535841
0.1783812 -0.7331364 -0.06288894 -0.6532504
0.1784613 -0.7332956 -0.06263749 -0.653074
0.1784742 -0.7333212 -0.06259706 -0.6530457
0.1783285 -0.7333708 -0.06258515 -0.6530309
0.1778969 -0.7335175 -0.06254983 -0.6529872
0.1771876 -0.7337583 -0.06249176 -0.6529151
0.1762087 -0.73409 -0.06241158 -0.6528149
0.174968 -0.734509 -0.06230988 -0.652687
0.1734736 -0.7350119 -0.06218727 -0.6525313
0.1717332 -0.7355951 -0.06204432 -0.6523482
0.1697546 -0.7362548 -0.06188162 -0.6521372
0.1675457 -0.7369871 -0.06169972 -0.6518985
0.1651141 -0.7377883 -0.06149919 -0.6516317
0.1624676 -0.7386542 -0.06128056 -0.6513364
0.1596138 -0.7395809 -0.06104439 -0.6510123
0.1565607 -0.7405643 -0.06079124 -0.6506593
0.1533159 -0.7416006 -0.06052165 -0.6502769
0.1498873 -0.7426852 -0.06023616 -0.6498647
0.1462827 -0.7438144 -0.05993535 -0.6494223
0.14251 -0.7449839 -0.05961977 -0.6489495
0.1385773 -0.7461897 -0.05928999 -0.648446
0.1344925 -0.7474275 -0.05894659 -0.6479114
0.1302637 -0.7486937 -0.05859016 -0.6473456
0.1258992 -0.749984 -0.05822128 -0.6467485
0.1214072 -0.7512947 -0.05784058 -0.6461201
0.1167961 -0.7526217 -0.05744867 -0.6454603
0.1120742 -0.7539613 -0.05704619 -0.6447693
0.1072501 -0.75531 -0.05663379 -0.6440473
0.1023324 -0.756664 -0.05621212 -0.6432947
0.09732965 -0.7580198 -0.05578187 -0.6425118
0.09225068 -0.7593741 -0.05534371 -0.6416992
0.08710428 -0.7607237 -0.05489837 -0.6408577
0.08189931 -0.7620653 -0.05444654 -0.6399879
0.07664468 -0.7633961 -0.05398897 -0.639091
0.07134937 -0.764713 -0.05352641 -0.6381679
0.06602242 -0.7660136 -0.05305962 -0.6372197
0.06067289 -0.7672951 -0.05258936 -0.6362479
0.05530987 -0.7685552 -0.05211642 -0.635254
0.04994245 -0.7697916 -0.05164161 -0.6342395
0.0445798 -0.7710024 -0.05116573 -0.6332062
0.03923101 -0.7721854 -0.0506896 -0.632156
0.03390525 -0.7733391 -0.05021405 -0.6310909
0.0286116 -0.7744617 -0.04973991 -0.630013
0.02335919 -0.775552 -0.04926804 -0.6289245
0.01815708 -0.7766086 -0.04879928 -0.627828
0.01301431 -0.7776304 -0.04833449 -0.6267257
0.007939901 -0.7786167 -0.04787456 -0.6256205
0.002942762 -0.7795665 -0.04742033 -0.6245149
-0.001968172 -0.780479 -0.04697267 -0.6234118
-0.006784111 -0.7813539 -0.04653247 -0.622314
-0.01149622 -0.7821909 -0.04610061 -0.6212246
-0.01609581 -0.7829895 -0.04567795 -0.6201466
-0.02057421 -0.7837498 -0.04526538 -0.6190832
-0.02492288 -0.7844717 -0.04486376 -0.6180374
-0.02913328 -0.7851552 -0.04447399 -0.6170126
-0.03319699 -0.7858006 -0.04409694 -0.6160121
-0.0371056 -0.786408 -0.04373346 -0.6150391
-0.04085081 -0.7869778 -0.04338445 -0.6140969
-0.04442437 -0.7875103 -0.04305075 -0.6131889
-0.04781804 -0.7880058 -0.04273324 -0.6123186
-0.05102373 -0.7884649 -0.04243277 -0.6114893
-0.05403325 -0.7888879 -0.0421502 -0.6107043
-0.05683858 -0.7892751 -0.04188639 -0.6099669
-0.05943164 -0.7896271 -0.04164217 -0.6092806
-0.06180437 -0.7899441 -0.04141839 -0.6086486
-0.06394878 -0.7902265 -0.0412159 -0.608074
-0.06585681 -0.7904744 -0.04103553 -0.6075602
-0.06752042 -0.7906879 -0.0408781 -0.60711
-0.06893158 -0.7908672 -0.04074446 -0.6067268
-0.07008214 -0.7910122 -0.04063543 -0.6064132
-0.0709639 -0.7911225 -0.04055181 -0.6061724
-0.07156875 -0.7911977 -0.04049443 -0.6060068
-0.07188832 -0.7912374 -0.04046411 -0.6059192
-0.07193969 -0.7912438 -0.04045923 -0.6059052
0.07184829 0.7914777 0.0401235 0.6056328
0.0715772 0.79217 0.03912799 0.6048242
0.07113048 0.7933064 0.03748864 0.60349
0.07051155 0.794871 0.03521954 0.6016375
0.06972324 0.7968479 0.03233305 0.5992718
0.06876779 0.79922 0.02884014 0.5963948
0.06764704 0.8019691 0.02475056 0.5930066
0.06636243 0.8050764 0.02007309 0.5891055
0.06491505 0.8085214 0.01481581 0.5846877
0.06330579 0.812283 0.008986305 0.5797482
0.06153535 0.8163385 0.002591957 0.5742806
0.05960435 0.8206636 -0.00435982 0.5682778
0.05751336 0.8252327 -0.01186128 0.5617318
0.05526306 0.8300185 -0.01990413 0.5546343
0.05285427 0.8349921 -0.02847917 0.5469769
0.05028805 0.8401226 -0.03757609 0.5387515
0.04756577 0.8453776 -0.0471832 0.5299509
0.04468926 0.850723 -0.05728704 0.5205684
0.04166081 0.856123 -0.06787229 0.5105988
0.03848334 0.8615403 -0.07892139 0.5000389
0.03516043 0.866936 -0.09041443 0.4888875
0.03169644 0.8722705 -0.1023288 0.4771461
0.02809652 0.8775031 -0.1146392 0.4648191
0.02436674 0.8825928 -0.1273177 0.4519143
0.0205141 0.8874984 -0.1403331 0.4384432
0.01654655 0.8921793 -0.1536515 0.4244214
0.01247302 0.8965958 -0.1672363 0.4098687
0.008303371 0.9007098 -0.1810484 0.3948094
0.004048417 0.9044851 -0.195046 0.3792723
-0.0002801569 0.9078884 -0.2091855 0.3632907
-0.004669927 0.9108895 -0.2234215 0.3469025
-0.009107742 0.9134622 -0.2377075 0.3301499
-0.01357995 0.9155846 -0.2519963 0.3130786
-0.01807244 0.9172395 -0.2662404 0.2957384
-0.02257089 0.9184146 -0.2803928 0.2781818
-0.02706089 0.9191031 -0.2944076 0.2604636
-0.03152813 0.9193038 -0.3082401 0.2426409
-0.03595854 0.9190205 -0.3218479 0.2247716
-0.04033847 0.9182627 -0.3351911 0.206914
-0.04465489 0.9170448 -0.3482326 0.1891264
-0.04889543 0.9153861 -0.3609389 0.1714658
-0.05304857 0.9133103 -0.3732797 0.1539882
-0.05710372 0.9108449 -0.3852287 0.1367468
-0.06105123 0.9080206 -0.3967632 0.1197929
-0.06488255 0.9048712 -0.4078645 0.1031741
-0.0685901 0.9014326 -0.4185175 0.08693522
-0.0721674 0.8977423 -0.4287107 0.07111728
-0.07560895 0.8938389 -0.4384361 0.05575798
-0.07891023 0.8897617 -0.4476888 0.0408909
-0.08206764 0.8855498 -0.4564665 0.02654643
-0.08507844 0.8812423 -0.4647698 0.01275118
-0.08794059 0.8768776 -0.4726013 -0.0004713773
-0.09065278 0.8724928 -0.4799654 -0.01310097
-0.09321425 0.8681242 -0.486868 -0.02511998
-0.09562472 0.8638065 -0.4933163 -0.03651343
-0.09788432 0.8595729 -0.4993183 -0.04726844
-0.09999341 0.8554551 -0.5048824 -0.0573739
-0.1019527 0.8514829 -0.5100174 -0.06682034
-0.1037628 0.8476845 -0.5147321 -0.07559922
-0.1054245 0.8440868 -0.5190348 -0.08370291
-0.1069385 0.8407146 -0.5229336 -0.09112428
-0.1083055 0.8375916 -0.5264356 -0.09785612
-0.1095258 0.8347399 -0.5295471 -0.1038912
-0.1105994 0.83218 -0.5322732 -0.1092217
-0.1115263 0.8299316 -0.5346178 -0.1138388
-0.1123058 0.8280127 -0.5365831 -0.1177328
-0.1129367 0.8264405 -0.5381695 -0.1208925
-0.1134175 0.8252311 -0.5393757 -0.1233047
-0.1137459 0.8243992 -0.5401982 -0.1249547
-0.1139189 0.823959 -0.5406313 -0.1258249
-0.1139467 0.8238882 -0.5407008 -0.1259647
-0.1139294 0.8239511 -0.5405247 -0.1263243
-0.1138781 0.8241367 -0.5400022 -0.1273898
-0.1137933 0.8244395 -0.5391409 -0.1291423
-0.1136755 0.8248526 -0.537947 -0.1315638
-0.1135245 0.8253683 -0.5364254 -0.1346367
-0.1133405 0.8259777 -0.5345797 -0.1383446
-0.1131231 0.826671 -0.5324126 -0.1426711
-0.1128719 0.8274373 -0.5299261 -0.1476004
-0.1125863 0.8282651 -0.527121 -0.1531167
-0.1122657 0.8291421 -0.5239978 -0.1592044
-0.1119093 0.8300552 -0.5205567 -0.1658477
-0.1115161 0.8309906 -0.5167972 -0.1730305
-0.1110853 0.8319339 -0.5127188 -0.1807361
-0.1106159 0.8328702 -0.5083209 -0.1889475
-0.110107 0.8337842 -0.5036031 -0.197647
-0.1095575 0.8346601 -0.498565 -0.2068158
-0.1089665 0.8354816 -0.4932067 -0.2164344
-0.1083331 0.8362327 -0.487529 -0.226482
-0.1076565 0.8368972 -0.4815331 -0.236937
-0.106936 0.8374586 -0.4752209 -0.2477762
-0.1061709 0.8379007 -0.4685957 -0.2589755
-0.1053608 0.8382081 -0.4616613 -0.2705092
-0.1045054 0.8383653 -0.4544231 -0.2823506
-0.1036046 0.838358 -0.4468876 -0.2944715
-0.1026586 0.8381724 -0.4390627 -0.3068424
-0.1016676 0.8377957 -0.4309578 -0.3194332
-0.1006324 0.8372164 -0.4225838 -0.3322119
-0.09955381 0.8364244 -0.4139532 -0.3451466
-0.09843295 0.8354108 -0.4050801 -0.3582038
-0.09727129 0.8341687 -0.39598 -0.3713498
-0.09607058 0.8326928 -0.3866703 -0.3845507
-0.09483285 0.8309797 -0.3771696 -0.397772
-0.0935604 0.8290279 -0.3674981 -0.4109797
-0.09225585 0.8268381 -0.3576772 -0.42414
-0.09092208 0.8244128 -0.3477296 -0.4372195
-0.08956216 0.8217568 -0.337679 -0.4501858
-0.08817948 0.8188769 -0.3275501 -0.4630075
-0.08677759 0.815782 -0.3173681 -0.4756543
-0.08536021 0.8124825 -0.3071592 -0.4880975
-0.08393126 0.8089912 -0.2969494 -0.5003099
-0.08249471 0.8053222 -0.2867652 -0.5122661
-0.08105472 0.8014913 -0.2766332 -0.5239427
-0.07961542 0.7975157 -0.2665797 -0.535318
-0.07818102 0.7934138 -0.2566305 -0.5463726
-0.07675575 0.7892051 -0.2468111 -0.557089
-0.07534376 0.7849098 -0.2371464 -0.5674518
-0.0739492 0.7805489 -0.2276604 -0.5774476
-0.07257614 0.776144 -0.2183765 -0.5870647
-0.07122856 0.7717167 -0.209317 -0.5962938
-0.06991033 0.7672891 -0.2005033 -0.6051268
-0.06862519 0.7628832 -0.1919557 -0.6135576
-0.06737679 0.7585208 -0.1836938 -0.6215812
-0.06616864 0.7542236 -0.175736 -0.6291941
-0.06500407 0.750013 -0.1680997 -0.6363941
-0.06388634 0.7459097 -0.1608015 -0.6431798
-0.06281851 0.741934 -0.153857 -0.6495504
-0.06180358 0.738106 -0.1472813 -0.655506
-0.06084438 0.7344447 -0.1410885 -0.6610469
-0.05994368 0.7309689 -0.1352922 -0.6661736
-0.05910408 0.7276963 -0.1299055 -0.670887
-0.05832815 0.7246444 -0.1249411 -0.6751874
-0.05761839 0.7218298 -0.1204115 -0.6790751
-0.05697719 0.7192686 -0.1163288 -0.6825497
-0.05640694 0.716976 -0.1127052 -0.6856101
-0.05590999 0.714967 -0.1095529 -0.6882546
-0.05548866 0.7132556 -0.1068845 -0.6904804
-0.0551453 0.7118554 -0.1047125 -0.6922833
-0.05488224 0.7107794 -0.1030502 -0.6936579
-0.05470186 0.7100399 -0.1019111 -0.6945971
-0.05460657 0.7096487 -0.1013097 -0.6950922
-0.05459125 0.7095858 -0.101213 -0.6951717
-0.05470236 0.709893 -0.1013886 -0.6948237
-0.05503174 0.710803 -0.1019092 -0.6937904
-0.05557385 0.7122979 -0.1027658 -0.6920856
-0.05632366 0.7143598 -0.1039505 -0.6897188
-0.05727651 0.7169705 -0.1054558 -0.6866964
-0.05842812 0.7201115 -0.1072747 -0.6830211
-0.05977446 0.7237635 -0.1094006 -0.6786935
-0.06131168 0.7279071 -0.1118272 -0.6737113
-0.06303607 0.7325213 -0.1145484 -0.6680702
-0.06494394 0.7375845 -0.1175579 -0.6617638
-0.06703155 0.7430741 -0.1208497 -0.6547847
-0.06929507 0.7489657 -0.1244172 -0.6471236
-0.07173038 0.7552334 -0.1282536 -0.638771
-0.07433309 0.7618496 -0.1323515 -0.6297165
-0.07709846 0.7687849 -0.1367029 -0.6199498
-0.0800212 0.7760078 -0.1412992 -0.6094612
-0.08309552 0.7834846 -0.1461305 -0.5982416
-0.08631495 0.7911792 -0.1511863 -0.5862831
-0.08967232 0.7990538 -0.1564547 -0.5735797
-0.09315972 0.807068 -0.1619228 -0.5601282
-0.09676838 0.8151794 -0.1675761 -0.5459275
-0.1004886 0.8233436 -0.173399 -0.5309804
-0.10431 0.8315147 -0.1793744 -0.5152937
-0.1082212 0.8396454 -0.1854839 -0.4988782
-0.1122098 0.8476874 -0.1917078 -0.4817502
-0.1162629 0.8555917 -0.1980251 -0.4639308
-0.1203666 0.8633099 -0.2044137 -0.4454469
-0.1245065 0.8707938 -0.2108506 -0.4263312
-0.1286676 0.8779968 -0.2173119 -0.4066224
-0.1328347 0.8848743 -0.2237734 -0.3863651
-0.1369921 0.8913844 -0.2302106 -0.3656094
-0.1411243 0.8974885 -0.236599 -0.3444114
-0.145216 0.9031526 -0.2429145 -0.3228316
-0.1492521 0.9083469 -0.2491339 -0.3009354
-0.1532183 0.9130469 -0.2552347 -0.2787918
-0.1571011 0.9172338 -0.261196 -0.2564723
-0.1608876 0.9208949 -0.2669982 -0.2340512
-0.1645663 0.9240229 -0.2726239 -0.2116034
-0.168127 0.9266171 -0.2780575 -0.1892039
-0.1715606 0.9286827 -0.2832855 -0.1669274
-0.1748597 0.9302304 -0.2882969 -0.1448464
-0.1780181 0.9312761 -0.293083 -0.1230313
-0.1810311 0.931841 -0.2976372 -0.1015491
-0.1838955 0.9319502 -0.3019553 -0.08046297
-0.1866095 0.9316326 -0.3060355 -0.05983181
-0.1891723 0.9309205 -0.3098773 -0.03970998
-0.1915847 0.9298484 -0.3134829 -0.02014665
-0.1938481 0.9284526 -0.3168554 -0.001186472
-0.1959653 0.9267709 -0.32 0.0171314
-0.1979394 0.9248416 -0.3229225 0.03477211
-0.1997747 0.9227034 -0.3256302 0.05170598
-0.2014756 0.9203947 -0.3281308 0.06790722
-0.2030471 0.9179532 -0.330433 0.08335428
-0.2044944 0.9154156 -0.3325456 0.09802898
-0.2058231 0.9128178 -0.3344777 0.1119165
-0.2070385 0.9101936 -0.3362387 0.1250045
-0.2081463 0.9075761 -0.3378375 0.137283
-0.2091516 0.9049961 -0.3392831 0.1487438
-0.2100598 0.9024829 -0.3405841 0.1593798
-0.2108757 0.9000643 -0.3417486 0.1691849
-0.2116041 0.8977661 -0.3427845 0.1781535
-0.2122492 0.8956123 -0.3436987 0.1862796
-0.2128148 0.8936256 -0.3444977 0.1935573
-0.2133044 0.891827 -0.3451872 0.1999793
-0.2137209 0.8902356 -0.3457721 0.2055374
-0.2140667 0.8888693 -0.3462565 0.2102218
-0.2143436 0.8877445 -0.3466435 0.2140206
-0.2145527 0.886876 -0.3469354 0.2169194
-0.2146947 0.886277 -0.3471332 0.2189015
-0.2147692 0.8859594 -0.347237 0.2199467
-0.2147811 0.8859084 -0.3472537 0.2201146
0.2148815 -0.8858929 0.3471214 -0.2202874
0.2151787 -0.8858467 0.3467296 -0.2207992
0.215667 -0.88577 0.3460852 -0.2216403
0.2163406 -0.885662 0.3451948 -0.2228008
0.2171936 -0.8855218 0.3440649 -0.224271
0.2182203 -0.8853479 0.3427016 -0.2260413
0.2194145 -0.8851386 0.3411108 -0.2281018
0.2207705 -0.8848917 0.3392982 -0.2304428
0.2222822 -0.8846048 0.3372694 -0.2330545
0.2239436 -0.8842751 0.33503 -0.2359273
0.2257486 -0.8839 0.3325853 -0.239051
0.227691 -0.8834764 0.3299409 -0.2424158
0.2297646 -0.8830011 0.3271021 -0.2460116
0.231963 -0.8824709 0.3240743 -0.2498281
0.2342799 -0.8818828 0.3208632 -0.2538552
0.2367089 -0.8812335 0.3174743 -0.2580824
0.2392434 -0.8805198 0.3139134 -0.2624992
0.2418769 -0.8797388 0.3101864 -0.2670949
0.2446028 -0.8788875 0.3062992 -0.2718587
0.2474142 -0.8779631 0.3022583 -0.2767796
0.2503044 -0.8769633 0.29807 -0.2818465
0.2532667 -0.8758855 0.2937411 -0.2870483
0.256294 -0.874728 0.2892785 -0.2923736
0.2593797 -0.8734888 0.2846893 -0.2978111
0.2625166 -0.8721668 0.2799811 -0.3033492
0.265698 -0.8707608 0.2751616 -0.3089762
0.2689169 -0.8692703 0.2702386 -0.3146807
0.2721664 -0.8676952 0.2652205 -0.3204509
0.2754396 -0.8660355 0.2601156 -0.3262752
0.2787297 -0.8642921 0.2549329 -0.3321418
0.2820301 -0.8624662 0.2496811 -0.3380392
0.2853341 -0.8605594 0.2443695 -0.3439559
0.288635 -0.8585739 0.2390076 -0.3498802
0.2919265 -0.8565122 0.2336049 -0.355801
0.2952023 -0.8543778 0.2281713 -0.361707
0.2984564 -0.8521741 0.2227166 -0.3675874
0.3016826 -0.8499053 0.217251 -0.373431
0.3048751 -0.847576 0.2117847 -0.3792275
0.3080285 -0.8451912 0.2063279 -0.3849665
0.3111371 -0.8427566 0.200891 -0.3906378
0.314196 -0.8402781 0.1954843 -0.3962317
0.3172001 -0.837762 0.1901184 -0.4017388
0.3201445 -0.8352151 0.1848035 -0.4071497
0.3230248 -0.8326446 0.1795501 -0.4124557
0.3258367 -0.8300579 0.1743686 -0.4176482
0.3285761 -0.8274627 0.1692691 -0.422719
0.331239 -0.824867 0.1642619 -0.4276603
0.3338219 -0.8222791 0.1593571 -0.4324644
0.3363213 -0.8197074 0.1545646 -0.4371242
0.3387339 -0.8171607 0.1498944 -0.4416327
0.3410567 -0.8146477 0.1453561 -0.4459834
0.3432868 -0.8121772 0.1409593 -0.4501697
0.3454215 -0.8097584 0.1367136 -0.4541858
0.3474582 -0.8074001 0.1326282 -0.4580258
0.3493944 -0.8051116 0.1287123 -0.4616839
0.3512278 -0.8029017 0.124975 -0.4651548
0.3529562 -0.8007798 0.1214252 -0.4684332
0.3545774 -0.7987545 0.1180717 -0.4715138
0.3560891 -0.7968349 0.1149232 -0.4743916
0.3574894 -0.7950297 0.1119884 -0.4770616
0.358776 -0.7933477 0.1092757 -0.4795187
0.3599468 -0.7917973 0.1067936 -0.4817578
0.3609996 -0.7903869 0.1045506 -0.4837739
0.361932 -0.7891246 0.1025549 -0.4855617
0.3627417 -0.7880185 0.1008151 -0.4871157
0.3634261 -0.7870762 0.09933949 -0.4884305
0.3639825 -0.786305 0.09813646 -0.4895001
0.3644078 -0.7857125 0.09721454 -0.4903185
0.3646991 -0.7853051 0.09658222 -0.4908791
0.3648529 -0.7850897 0.09624811 -0.4911751
0.3648776 -0.785055 0.09619441 -0.4912226
-0.3648299 0.7849983 -0.09629174 0.4913295
-0.3646886 0.7848303 -0.09658002 0.4916461
-0.3644563 0.7845538 -0.09705373 0.4921661
-0.3641353 0.7841715 -0.09770734 0.4928833
-0.3637279 0.7836856 -0.09853534 0.4937911
-0.3632364 0.7830986 -0.09953222 0.4948831
-0.3626629 0.7824125 -0.1006925 0.4961527
-0.3620095 0.781629 -0.1020107 0.4975934
-0.3612781 0.7807501 -0.1034813 0.4991984
-0.3604708 0.7797776 -0.1050988 0.500961
-0.3595895 0.7787132 -0.1068576 0.5028745
-0.3586361 0.7775582 -0.1087523 0.504932
-0.3576127 0.7763145 -0.1107773 0.5071267
-0.356521 0.7749835 -0.1129269 0.5094515
-0.3553629 0.773567 -0.1151956 0.5118998
-0.3541405 0.7720664 -0.1175778 0.5144643
-0.3528557 0.7704834 -0.1200676 0.5171382
-0.3515106 0.7688199 -0.1226595 0.5199144
-0.3501071 0.7670774 -0.1253476 0.522786
-0.3486474 0.7652582 -0.1281263 0.5257458
-0.3471337 0.7633639 -0.1309896 0.5287869
-0.3455682 0.7613967 -0.1339318 0.5319023
-0.3439532 0.7593589 -0.1369469 0.5350848
-0.342291 0.757253 -0.1400291 0.5383277
-0.3405841 0.7550812 -0.1431724 0.5416238
-0.3388351 0.7528465 -0.1463709 0.5449665
-0.3370465 0.7505516 -0.1496186 0.5483487
-0.3352211 0.7481995 -0.1529095 0.5517636
-0.3333616 0.7457933 -0.1562376 0.5552047
-0.3314708 0.7433366 -0.1595969 0.5586652
-0.3295518 0.7408326 -0.1629815 0.5621384
-0.3276077 0.7382853 -0.1663854 0.5656182
-0.3256415 0.7356985 -0.1698025 0.5690979
-0.3236564 0.7330763 -0.173227 0.5725715
-0.3216558 0.730423 -0.1766528 0.5760327
-0.319643 0.7277429 -0.1800743 0.5794756
-0.3176214 0.7250407 -0.1834854 0.5828943
-0.3155947 0.7223212 -0.1868805 0.5862831
-0.3135664 0.7195892 -0.1902537 0.5896363
-0.3115401 0.71685 -0.1935994 0.5929487
-0.3095196 0.7141088 -0.1969119 0.5962148
-0.3075087 0.7113708 -0.2001857 0.5994295
-0.3055111 0.7086417 -0.2034152 0.6025879
-0.3035308 0.7059271 -0.2065951 0.6056852
-0.3015717 0.7032326 -0.20972 0.6087167
-0.2996376 0.7005643 -0.2127847 0.6116778
-0.2977326 0.697928 -0.2157839 0.6145642
-0.2958607 0.6953297 -0.2187126 0.6173718
-0.2940259 0.6927755 -0.2215656 0.6200964
-0.2922322 0.6902718 -0.2243382 0.6227341
-0.2904837 0.6878245 -0.2270252 0.625281
-0.2887844 0.6854399 -0.2296221 0.6277335
-0.2871383 0.6831246 -0.2321239 0.630088
-0.2855496 0.6808847 -0.2345261 0.632341
-0.2840223 0.6787263 -0.236824 0.634489
-0.2825604 0.6766561 -0.239013 0.6365288
-0.2811679 0.6746804 -0.2410887 0.6384571
-0.2798488 0.6728052 -0.2430464 0.6402705
-0.2786072 0.671037 -0.2448819 0.641966
-0.277447 0.6693821 -0.2465905 0.6435403
-0.276372 0.6678465 -0.248168 0.6449901
-0.2753864 0.6664365 -0.2496098 0.6463124
-0.2744939 0.6651582 -0.2509115 0.6475037
-0.2736984 0.6640176 -0.2520688 0.6485608
-0.2730039 0.6630207 -0.2530769 0.6494802
-0.2724139 0.6621733 -0.2539314 0.6502585
-0.2719324 0.6614811 -0.2546277 0.650892
-0.2715631 0.6609499 -0.2551611 0.6513767
-0.2713096 0.6605851 -0.2555269 0.6517089
-0.2711756 0.6603923 -0.2557201 0.6518843
-0.271154 0.6603613 -0.2557512 0.6519125
-0.2711204 0.660742 -0.2557376 0.6515459
-0.2710203 0.6618699 -0.2556969 0.6504578
-0.2708538 0.6637244 -0.2556286 0.6486619
-0.2706204 0.666285 -0.2555312 0.6461679
-0.2703182 0.6695317 -0.2554023 0.6429814
-0.2699448 0.6734447 -0.2552392 0.6391048
-0.2694967 0.6780042 -0.2550382 0.6345372
-0.2689698 0.6831896 -0.2547949 0.6292748
-0.2683591 0.6889803 -0.2545044 0.6233114
-0.2676592 0.6953541 -0.2541611 0.6166388
-0.2668637 0.7022882 -0.2537587 0.6092467
-0.2659659 0.709758 -0.2532906 0.6011236
-0.2649583 0.7177371 -0.2527494 0.592257
-0.263833 0.7261971 -0.2521274 0.5826335
-0.2625818 0.7351071 -0.2514162 0.5722396
-0.261196 0.7444337 -0.2506073 0.5610625
-0.2596667 0.7541404 -0.2496917 0.5490898
-0.257985 0.7641876 -0.2486601 0.5363107
-0.2561417 0.7745328 -0.2475034 0.5227165
-0.2541281 0.7851297 -0.2462121 0.508301
-0.2519357 0.795929 -0.2447772 0.4930614
-0.2495564 0.806878 -0.2431897 0.4769993
-0.246983 0.817921 -0.2414414 0.4601203
-0.2442092 0.8289997 -0.2395246 0.4424357
-0.2412297 0.8400533 -0.2374325 0.4239629
-0.2380407 0.8510194 -0.2351594 0.4047255
-0.2346401 0.8618345 -0.2327009 0.384754
-0.2310274 0.872435 -0.2300542 0.3640861
-0.2272041 0.8827577 -0.2272182 0.3427669
-0.223174 0.8927411 -0.2241935 0.3208487
-0.2189429 0.9023266 -0.2209828 0.298391
-0.2145191 0.911459 -0.217591 0.2754599
-0.2099131 0.9200879 -0.214025 0.2521273
-0.2051374 0.9281682 -0.2102937 0.228471
-0.2002072 0.9356617 -0.2064083 0.2045726
-0.195139 0.9425371 -0.2023818 0.1805168
-0.1899513 0.9487707 -0.1982288 0.1563907
-0.1846642 0.9543469 -0.1939657 0.132282
-0.1792988 0.959258 -0.1896102 0.1082778
-0.1738769 0.9635045 -0.1851807 0.08446345
-0.1684209 0.9670945 -0.1806966 0.06092142
-0.1629534 0.9700434 -0.1761776 0.03773051
-0.1574968 0.9723731 -0.1716435 0.01496435
-0.1520729 0.9741116 -0.167114 -0.007308517
-0.146703 0.975292 -0.1626083 -0.02902604
-0.1414072 0.9759513 -0.158145 -0.05013187
-0.1362045 0.9761305 -0.1537419 -0.07057676
-0.131113 0.9758725 -0.1494157 -0.09031755
-0.126149 0.9752222 -0.1451824 -0.1093175
-0.1213277 0.9742252 -0.1410563 -0.1275458
-0.1166627 0.9729277 -0.137051 -0.1449776
-0.1121663 0.9713753 -0.1331787 -0.1615926
-0.1078496 0.9696128 -0.1294503 -0.1773758
-0.1037223 0.9676837 -0.125876 -0.1923157
-0.09979305 0.9656299 -0.1224647 -0.2064044
-0.09606949 0.9634914 -0.1192245 -0.219637
-0.09255835 0.9613066 -0.1161625 -0.2320106
-0.08926559 0.9591111 -0.1132852 -0.2435243
-0.08619653 0.9569387 -0.1105984 -0.2541778
-0.08335602 0.9548211 -0.1081075 -0.2639719
-0.08074848 0.9527875 -0.1058174 -0.2729073
-0.07837819 0.9508651 -0.1037327 -0.2809841
-0.07624921 0.9490789 -0.101858 -0.2882019
-0.07436574 0.9474521 -0.1001976 -0.2945586
-0.07273195 0.9460058 -0.09875596 -0.3000508
-0.07135238 0.9447591 -0.09753764 -0.3046728
-0.07023188 0.9437296 -0.09654742 -0.3084163
-0.06937578 0.9429327 -0.09579048 -0.3112702
-0.06878988 0.9423822 -0.09527222 -0.3132202
-0.06848074 0.9420902 -0.09499874 -0.314248
-0.06843108 0.9420431 -0.09495479 -0.3144131
0.06830247 -0.942034 0.09484125 0.3145027
0.06792148 -0.9420067 0.09450489 0.314768
0.06729528 -0.9419612 0.09395202 0.3152039
0.06643095 -0.941897 0.09318884 0.3158051
0.06533546 -0.9418133 0.09222148 0.3165661
0.06401571 -0.9417092 0.09105597 0.3174817
0.06247853 -0.9415833 0.08969827 0.3185462
0.06073074 -0.9414339 0.08815432 0.3197543
0.05877908 -0.9412595 0.08642999 0.3211003
0.05663034 -0.9410582 0.0845312 0.3225786
0.05429123 -0.940828 0.08246378 0.3241836
0.05176854 -0.9405666 0.0802336 0.3259096
0.04906906 -0.9402721 0.0778466 0.3277508
0.04619962 -0.9399422 0.0753087 0.3297013
0.0431671 -0.9395746 0.07262585 0.3317555
0.03997844 -0.9391672 0.06980409 0.3339073
0.03664066 -0.9387179 0.06684954 0.3361509
0.03316085 -0.9382244 0.06376834 0.3384803
0.02954618 -0.9376849 0.06056674 0.3408896
0.02580392 -0.9370974 0.05725105 0.3433728
0.02194141 -0.9364603 0.0538277 0.3459239
0.01796613 -0.9357719 0.05030318 0.3485368
0.0138856 -0.9350308 0.04668409 0.3512055
0.00970745 -0.9342358 0.04297708 0.3539242
0.005439448 -0.9333859 0.03918896 0.3566867
0.001089421 -0.9324805 0.03532659 0.3594872
-0.003334727 -0.931519 0.03139691 0.3623197
-0.007825021 -0.9305012 0.02740693 0.3651783
-0.01237338 -0.9294272 0.02336378 0.3680573
-0.01697167 -0.9282974 0.01927462 0.3709508
-0.0216117 -0.9271123 0.01514667 0.3738533
-0.02628525 -0.9258731 0.01098722 0.3767591
-0.03098406 -0.924581 0.006803596 0.3796627
-0.03569979 -0.9232376 0.002603176 0.3825588
-0.04042417 -0.9218448 -0.001606667 0.385442
-0.04514891 -0.9204049 -0.005818562 0.3883074
-0.04986569 -0.9189205 -0.01002509 0.3911498
-0.05456622 -0.9173945 -0.01421887 0.3939643
-0.05924228 -0.91583 -0.01839251 0.3967462
-0.06388568 -0.9142306 -0.02253869 0.399491
-0.06848829 -0.9126001 -0.02665012 0.4021943
-0.07304202 -0.9109426 -0.0307195 0.4048516
-0.0775389 -0.9092624 -0.03473968 0.4074591
-0.08197097 -0.907564 -0.03870351 0.4100127
-0.0863305 -0.9058525 -0.04260395 0.4125085
-0.09060971 -0.9041327 -0.04643399 0.4149431
-0.09480102 -0.9024101 -0.05018678 0.4173129
-0.09889691 -0.9006901 -0.05385548 0.4196145
-0.10289 -0.8989783 -0.05743339 0.421845
-0.106773 -0.8972805 -0.06091383 0.424001
-0.1105387 -0.8956025 -0.06429037 0.4260799
-0.1141801 -0.8939506 -0.0675565 0.4280788
-0.1176902 -0.8923307 -0.0707059 0.4299949
-0.1210622 -0.8907491 -0.07373229 0.4318258
-0.1242893 -0.8892121 -0.07662949 0.433569
-0.1273648 -0.8877258 -0.07939141 0.435222
-0.1302821 -0.8862966 -0.08201197 0.4367826
-0.1330347 -0.8849308 -0.08448523 0.4382483
-0.1356161 -0.8836346 -0.08680523 0.4396169
-0.1380199 -0.8824142 -0.08896609 0.4408863
-0.1402397 -0.8812758 -0.09096198 0.442054
-0.1422691 -0.8802254 -0.09278697 0.4431178
-0.1441017 -0.8792688 -0.09443529 0.4440754
-0.145731 -0.8784121 -0.09590106 0.4449244
-0.1471507 -0.8776607 -0.09717839 0.4456622
-0.1483542 -0.8770202 -0.09826138 0.4462863
-0.149335 -0.8764957 -0.09914403 0.446794
-0.1500864 -0.8760924 -0.09982027 0.4471823
-0.1506016 -0.8758152 -0.100284 0.4474483
-0.1508738 -0.8756685 -0.100529 0.4475888
-0.1509176 -0.8756449 -0.1005684 0.4476114
0.1510452 0.8758276 0.1007129 -0.4471783
0.1514232 0.8763679 0.101141 -0.4458935
0.152045 0.8772532 0.1018456 -0.4437756
0.152904 0.8784697 0.1028198 -0.4408396
0.1539942 0.8800022 0.1040572 -0.4370973
0.1553095 0.8818343 0.105552 -0.4325576
0.156844 0.8839481 0.1072985 -0.4272269
0.1585919 0.8863245 0.1092911 -0.4211093
0.1605472 0.8889427 0.1115245 -0.4142073
0.1627039 0.8917809 0.1139933 -0.4065218
0.1650558 0.894815 0.1166919 -0.3980525
0.1675962 0.8980197 0.1196146 -0.3887986
0.1703182 0.9013681 0.1227552 -0.3787591
0.1732142 0.9048311 0.1261074 -0.3679327
0.1762762 0.9083781 0.1296638 -0.356319
0.1794956 0.9119766 0.1334169 -0.3439185
0.1828627 0.9155924 0.1373582 -0.3307333
0.1863675 0.9191897 0.1414782 -0.3167672
0.1899987 0.922731 0.1457667 -0.3020267
0.1937445 0.9261776 0.1502124 -0.286521
0.1975919 0.9294899 0.1548031 -0.2702631
0.201527 0.932627 0.1595252 -0.2532694
0.2055352 0.9355483 0.1643642 -0.2355611
0.209601 0.9382129 0.1693045 -0.2171638
0.2137081 0.9405803 0.1743296 -0.198108
0.2178394 0.9426116 0.1794217 -0.1784298
0.2219776 0.9442694 0.1845625 -0.1581704
0.2261049 0.9455188 0.1897328 -0.1373764
0.2302033 0.9463278 0.1949129 -0.1160996
0.234255 0.9466682 0.2000828 -0.09439716
0.2382422 0.946516 0.2052226 -0.07233047
0.2421481 0.9458523 0.2103123 -0.04996539
0.2459561 0.9446631 0.2153323 -0.02737106
0.2496512 0.9429405 0.220264 -0.004619714
0.2532191 0.9406822 0.2250895 0.01821474
0.2566473 0.9378924 0.2297921 0.04105739
0.2599247 0.934581 0.2343565 0.06383297
0.263042 0.9307641 0.2387691 0.08646716
0.2659917 0.9264634 0.2430179 0.1088873
0.2687682 0.9217058 0.2470929 0.1310235
0.2713678 0.9165233 0.2509859 0.1528091
0.2737888 0.9109519 0.2546907 0.1741814
0.2760307 0.905031 0.2582029 0.1950826
0.2780956 0.8988032 0.2615202 0.2154595
0.2799865 0.8923132 0.2646418 0.2352647
0.2817078 0.8856072 0.2675686 0.2544556
0.2832654 0.8787321 0.2703032 0.2729958
0.2846662 0.8717355 0.2728491 0.2908536
0.2859178 0.8646641 0.2752113 0.3080029
0.2870286 0.8575643 0.2773956 0.3244223
0.2880076 0.850481 0.2794088 0.3400949
0.2888638 0.8434579 0.2812578 0.3550079
0.2896069 0.8365366 0.2829505 0.3691522
0.2902462 0.8297572 0.2844947 0.3825218
0.2907912 0.8231573 0.2858987 0.3951133
0.291251 0.8167726 0.2871704 0.4069256
0.2916349 0.8106369 0.2883178 0.417959
0.2919515 0.8047815 0.2893488 0.4282153
0.2922089 0.7992361 0.2902708 0.4376968
0.2924151 0.7940284 0.291091 0.446406
0.2925774 0.7891843 0.291816 0.4543456
0.2927027 0.7847284 0.2924521 0.4615174
0.2927972 0.7806835 0.2930048 0.4679224
0.2928667 0.7770713 0.2934792 0.4735603
0.2929162 0.7739125 0.2938796 0.4784291
0.2929503 0.7712268 0.2942097 0.4825247
0.2929727 0.7690329 0.2944725 0.4858409
0.2929868 0.7673492 0.29467 0.4883682
0.2929948 0.7661932 0.2948036 0.4900948
0.2929986 0.7655821 0.2948735 0.4910047
0.2929991 0.7654839 0.2948847 0.4911508
-0.2928243 -0.7657132 -0.2948965 -0.4908904
-0.2923061 -0.7663924 -0.2949309 -0.4901181
-0.2914527 -0.7675073 -0.2949868 -0.4888463
-0.2902718 -0.7690435 -0.2950623 -0.4870859
-0.2887699 -0.7709859 -0.2951552 -0.4848466
-0.2869529 -0.773319 -0.2952629 -0.4821365
-0.284826 -0.7760267 -0.2953827 -0.4789633
-0.2823941 -0.7790923 -0.2955114 -0.4753335
-0.2796614 -0.7824985 -0.2956454 -0.471253
-0.276632 -0.7862278 -0.2957811 -0.4667272
-0.2733096 -0.7902614 -0.2959146 -0.461761
-0.2696981 -0.7945806 -0.2960418 -0.4563594
-0.2658009 -0.7991654 -0.2961583 -0.4505271
-0.261622 -0.8039957 -0.2962597 -0.4442691
-0.2571652 -0.8090504 -0.2963413 -0.4375904
-0.2524349 -0.8143078 -0.2963986 -0.4304965
-0.2474356 -0.8197457 -0.2964267 -0.4229938
-0.2421725 -0.8253413 -0.2964209 -0.415089
-0.2366512 -0.8310712 -0.2963766 -0.4067897
-0.230878 -0.8369116 -0.2962889 -0.3981047
-0.2248599 -0.8428382 -0.2961533 -0.3890437
-0.2186048 -0.8488268 -0.2959655 -0.3796176
-0.2121213 -0.8548526 -0.2957212 -0.3698387
-0.205419 -0.8608909 -0.2954165 -0.3597208
-0.1985083 -0.8669174 -0.2950477 -0.3492788
-0.1914007 -0.8729076 -0.2946115 -0.3385294
-0.1841087 -0.8788379 -0.2941051 -0.3274908
-0.1766455 -0.884685 -0.2935259 -0.3161826
-0.1690254 -0.8904265 -0.2928721 -0.3046259
-0.1612637 -0.8960411 -0.2921423 -0.2928434
-0.1533766 -0.9015085 -0.2913356 -0.280859
-0.1453807 -0.9068096 -0.2904516 -0.268698
-0.1372938 -0.9119272 -0.2894909 -0.2563869
-0.1291339 -0.9168454 -0.2884544 -0.2439532
-0.1209199 -0.92155 -0.2873436 -0.2314253
-0.1126708 -0.926029 -0.286161 -0.2188321
-0.104406 -0.9302722 -0.2849092 -0.2062035
-0.09614511 -0.9342712 -0.2835917 -0.1935694
-0.08790781 -0.9380201 -0.2822128 -0.1809599
-0.07971356 -0.9415146 -0.2807769 -0.1684053
-0.07158174 -0.9447528 -0.279289 -0.1559354
-0.06353141 -0.9477345 -0.2777548 -0.1435799
-0.05558121 -0.9504619 -0.2761803 -0.1313677
-0.04774927 -0.9529383 -0.2745716 -0.1193271
-0.04005308 -0.9551695 -0.2729355 -0.1074857
-0.03250962 -0.9571624 -0.2712789 -0.0958701
-0.02513496 -0.9589256 -0.2696086 -0.08450565
-0.01794466 -0.9604689 -0.267932 -0.07341695
-0.01095333 -0.9618033 -0.2662563 -0.06262717
-0.004174856 -0.9629407 -0.2645889 -0.05215853
0.002377667 -0.9638941 -0.2629371 -0.04203189
0.008691855 -0.9646768 -0.2613083 -0.03226711
0.01475618 -0.9653029 -0.2597094 -0.0228828
0.02055969 -0.9657866 -0.2581478 -0.01389665
0.02609212 -0.9661427 -0.2566305 -0.005325224
0.03134383 -0.9663855 -0.255164 0.00281583
0.03630565 -0.9665297 -0.2537552 0.01051148
0.04096887 -0.9665896 -0.2524104 0.01774764
0.04532516 -0.9665793 -0.2511361 0.02451065
0.0493665 -0.9665123 -0.2499382 0.03078746
0.053085 -0.9664018 -0.2488226 0.03656514
0.05647292 -0.9662601 -0.247795 0.04183112
0.05952254 -0.9660993 -0.2468609 0.04657286
0.06222608 -0.9659301 -0.2460255 0.05077775
0.06457556 -0.9657629 -0.245294 0.05443289
0.06656273 -0.9656066 -0.2446713 0.05752514
0.06817903 -0.9654697 -0.2441621 0.06004067
0.06941534 -0.9653588 -0.2437709 0.06196515
0.07026215 -0.9652799 -0.2435022 0.06328344
0.07070918 -0.9652372 -0.24336 0.06397941
0.07078101 -0.9652302 -0.2433371 0.06409125
-0.0705696 0.965223 0.2433235 -0.06448464
-0.06994281 0.9652002 0.2432829 -0.06565061
-0.0689111 0.9651591 0.2432152 -0.06756913
-0.06748387 0.9650947 0.2431196 -0.07022157
-0.06566974 0.9650002 0.2429949 -0.07359052
-0.06347653 0.9648672 0.2428396 -0.0776596
-0.06091148 0.9646855 0.2426515 -0.08241323
-0.05798137 0.9644437 0.242428 -0.08783645
-0.05469259 0.9641287 0.2421664 -0.09391468
-0.05105129 0.9637265 0.2418635 -0.1006335
-0.04706356 0.9632215 0.2415159 -0.1079785
-0.04273549 0.9625976 0.2411196 -0.1159349
-0.03807335 0.9618372 0.240671 -0.1244875
-0.03308367 0.9609222 0.2401657 -0.1336204
-0.02777343 0.9598339 0.2395995 -0.1433166
-0.02215013 0.9585528 0.2389681 -0.1535584
-0.01622194 0.9570593 0.238267 -0.1643264
-0.009997833 0.9553337 0.2374918 -0.1755999
-0.003487637 0.9533561 0.2366381 -0.1873565
0.003297823 0.9511072 0.2357019 -0.199572
0.01034666 0.948568 0.2346789 -0.2122203
0.01764577 0.9457207 0.2335655 -0.2252734
0.02518094 0.9425483 0.2323583 -0.2387013
0.03293673 0.9390352 0.2310544 -0.2524719
0.04089636 0.9351676 0.2296511 -0.2665511
0.04904187 0.9309337 0.2281467 -0.2809031
0.05735413 0.9263239 0.2265397 -0.2954899
0.06581287 0.9213313 0.2248296 -0.3102725
0.07439677 0.9159515 0.2230164 -0.3252102
0.08308355 0.9101834 0.2211013 -0.340261
0.09185025 0.9040289 0.2190858 -0.3553825
0.1006732 0.8974932 0.2169727 -0.3705316
0.1095284 0.8905851 0.2147654 -0.3856651
0.1183915 0.8833166 0.2124683 -0.40074
0.1272381 0.8757031 0.2100865 -0.4157141
0.1360442 0.8677635 0.2076261 -0.4305462
0.1447861 0.8595195 0.2050939 -0.4451964
0.1534405 0.8509962 0.2024972 -0.4596265
0.1619852 0.842221 0.1998442 -0.4738004
0.1703988 0.8332242 0.1971435 -0.4876845
0.1786612 0.8240378 0.1944042 -0.5012475
0.1867533 0.8146956 0.1916358 -0.5144609
0.1946576 0.8052332 0.188848 -0.5272992
0.2023581 0.7956868 0.1860508 -0.5397396
0.2098402 0.7860936 0.1832542 -0.5517626
0.2170907 0.776491 0.1804682 -0.5633512
0.2240982 0.7669165 0.1777027 -0.5744918
0.2308527 0.7574074 0.1749675 -0.585173
0.2373455 0.7480004 0.1722722 -0.5953863
0.2435694 0.7387314 0.1696262 -0.6051254
0.2495186 0.7296355 0.1670384 -0.6143866
0.255188 0.7207465 0.1645176 -0.6231675
0.2605741 0.712097 0.1620719 -0.6314678
0.2656741 0.7037187 0.1597095 -0.6392888
0.2704856 0.6956415 0.1574378 -0.6466327
0.2750076 0.687894 0.1552641 -0.6535026
0.279239 0.6805039 0.1531952 -0.6599025
0.2831793 0.673497 0.1512376 -0.6658366
0.2868281 0.6668985 0.1493975 -0.6713095
0.2901853 0.660732 0.1476809 -0.6763256
0.2932505 0.6550201 0.1460932 -0.6808888
0.2960234 0.649785 0.1446402 -0.6850028
0.2985031 0.6450474 0.1433269 -0.6886706
0.3006884 0.6408277 0.1421584 -0.691894
0.3025778 0.6371458 0.1411399 -0.6946738
0.3041685 0.6340207 0.1402761 -0.6970093
0.3054575 0.6314718 0.139572 -0.6988983
0.3064405 0.6295177 0.1390325 -0.7003368
0.3071123 0.6281771 0.1386626 -0.7013189
0.3074665 0.6274687 0.1384671 -0.7018363
0.3075234 0.6273548 0.1384357 -0.7019194
-0.3075142 -0.6275349 -0.1381814 0.7018126
-0.3074867 -0.6280683 -0.1374278 0.7014955
-0.3074408 -0.6289439 -0.1361883 0.7009724
-0.3073762 -0.6301508 -0.1344757 0.7002472
-0.3072921 -0.6316772 -0.1323023 0.6993223
-0.3071873 -0.6335114 -0.1296799 0.6981994
-0.3070608 -0.6356411 -0.1266198 0.6968799
-0.3069108 -0.638054 -0.1231331 0.6953641
-0.3067357 -0.6407371 -0.1192308 0.6936522
-0.3065335 -0.6436773 -0.1149235 0.6917437
-0.3063022 -0.6468611 -0.1102221 0.6896381
-0.3060397 -0.6502749 -0.1051372 0.6873343
-0.3057436 -0.6539044 -0.09967992 0.6848313
-0.3054116 -0.6577351 -0.0938612 0.6821278
-0.3050413 -0.6617523 -0.0876925 0.6792228
-0.3046304 -0.6659411 -0.08118556 0.6761152
-0.3041764 -0.6702858 -0.07435251 0.6728041
-0.3036771 -0.6747712 -0.06720601 0.6692888
-0.3031301 -0.6793811 -0.05975918 0.6655692
-0.3025334 -0.6840996 -0.05202573 0.6616454
-0.301885 -0.6889107 -0.04401996 0.657518
-0.301183 -0.6937978 -0.03575683 0.6531882
-0.3004258 -0.6987449 -0.02725193 0.648658
-0.299612 -0.7037356 -0.01852141 0.64393
-0.2987404 -0.7087538 -0.009582211 0.6390074
-0.2978102 -0.7137834 -0.0004518369 0.6338944
-0.2968208 -0.7188087 0.008851585 0.6285962
-0.295772 -0.7238143 0.01830943 0.6231184
-0.2946639 -0.7287852 0.02790244 0.6174681
-0.293497 -0.7337067 0.03761088 0.611653
-0.2922721 -0.7385651 0.04741473 0.6056818
-0.2909904 -0.7433471 0.05729348 0.5995641
-0.2896537 -0.74804 0.06722648 0.5933106
-0.2882639 -0.7526322 0.07719278 0.5869327
-0.2868234 -0.7571127 0.08717144 0.5804427
-0.2853351 -0.7614717 0.0971415 0.5738539
-0.2838021 -0.7657 0.1070821 0.5671802
-0.282228 -0.7697898 0.1169724 0.5604361
-0.2806166 -0.773734 0.1267921 0.553637
-0.2789721 -0.7775267 0.1365211 0.5467986
-0.2772991 -0.7811633 0.1461397 0.5399374
-0.2756023 -0.7846398 0.1556287 0.53307
-0.2738867 -0.7879534 0.1649696 0.5262134
-0.2721575 -0.7911025 0.1741444 0.5193851
-0.2704203 -0.7940863 0.1831358 0.5126024
-0.2686804 -0.7969049 0.1919273 0.5058829
-0.2669437 -0.7995594 0.2005029 0.4992439
-0.2652159 -0.8020515 0.2088476 0.4927033
-0.2635028 -0.8043841 0.216947 0.4862783
-0.2618104 -0.8065602 0.2247873 0.4799861
-0.2601446 -0.8085838 0.2323559 0.4738437
-0.2585112 -0.8104593 0.2396403 0.4678679
-0.2569161 -0.8121915 0.2466291 0.4620749
-0.255365 -0.8137857 0.2533112 0.4564811
-0.2538639 -0.8152473 0.2596764 0.4511022
-0.2524182 -0.816582 0.2657146 0.4459535
-0.2510336 -0.8177958 0.2714164 0.4410503
-0.2497156 -0.8188943 0.2767727 0.4364072
-0.2484694 -0.8198833 0.2817746 0.4320387
-0.2473003 -0.8207686 0.2864136 0.4279588
-0.2462135 -0.8215556 0.290681 0.4241815
-0.2452138 -0.8222495 0.2945683 0.4207201
-0.2443062 -0.8228553 0.2980671 0.417588
-0.2434954 -0.8233772 0.3011684 0.4147983
-0.2427861 -0.8238192 0.3038635 0.4123639
-0.2421826 -0.8241845 0.3061428 0.4102975
-0.2416894 -0.8244761 0.3079966 0.4086117
-0.2413108 -0.8246955 0.3094147 0.4073193
-0.2410507 -0.8248442 0.3103859 0.4064324
-0.2409131 -0.824922 0.3108986 0.4059638
-0.240891 -0.8249345 0.310981 0.4058884
0.2407929 0.8248299 -0.3113935 -0.4058429
0.2405019 0.8245189 -0.3126159 -0.4057076
0.2400222 0.8240041 -0.3146263 -0.4054835
0.2393571 0.8232862 -0.3174036 -0.4051704
0.2385091 0.8223637 -0.3209277 -0.4047677
0.2374802 0.8212337 -0.3251789 -0.4042735
0.2362717 0.8198919 -0.330138 -0.4036854
0.2348844 0.8183323 -0.3357862 -0.4030004
0.2333186 0.8165478 -0.3421045 -0.4022147
0.2315744 0.8145303 -0.3490739 -0.4013241
0.2296514 0.8122708 -0.3566751 -0.400324
0.2275492 0.8097593 -0.3648883 -0.3992092
0.2252672 0.8069852 -0.3736926 -0.3979743
0.2228048 0.8039375 -0.3830667 -0.3966137
0.2201613 0.800605 -0.3929879 -0.3951217
0.2173365 0.7969762 -0.4034325 -0.3934922
0.21433 0.7930397 -0.4143751 -0.3917194
0.211142 0.7887843 -0.425789 -0.3897975
0.2077731 0.7841995 -0.4376459 -0.3877211
0.2042243 0.7792752 -0.4499156 -0.3854848
0.2004971 0.7740026 -0.4625664 -0.3830838
0.1965939 0.7683737 -0.4755647 -0.3805139
0.1925178 0.7623823 -0.4888751 -0.3777715
0.1882725 0.7560233 -0.5024608 -0.3748538
0.1838629 0.7492941 -0.5162832 -0.3717588
0.1792945 0.7421936 -0.5303022 -0.3684857
0.1745742 0.7347234 -0.5444769 -0.3650345
0.1697094 0.7268875 -0.5587652 -0.3614067
0.1647089 0.7186922 -0.5731242 -0.3576048
0.1595823 0.7101468 -0.5875108 -0.3536328
0.1543402 0.7012632 -0.6018817 -0.3494958
0.1489943 0.6920564 -0.6161942 -0.3452006
0.1435568 0.6825436 -0.6304059 -0.3407551
0.1380412 0.6727454 -0.6444756 -0.3361687
0.1324612 0.6626846 -0.6583638 -0.331452
0.1268313 0.6523863 -0.6720324 -0.3266167
0.1211665 0.6418784 -0.6854455 -0.321676
0.1154821 0.6311902 -0.6985697 -0.3166437
0.1097938 0.6203535 -0.7113742 -0.3115346
0.1041169 0.6094006 -0.7238311 -0.3063646
0.09846718 0.5983658 -0.7359154 -0.3011497
0.09285997 0.587284 -0.7476054 -0.2959067
0.08731036 0.5761903 -0.7588826 -0.2906525
0.08183309 0.5651206 -0.7697315 -0.2854042
0.07644232 0.5541103 -0.7801397 -0.2801791
0.07115176 0.5431945 -0.7900983 -0.2749941
0.06597437 0.5324081 -0.7996007 -0.2698661
0.06092254 0.5217849 -0.8086433 -0.2648115
0.05600786 0.5113577 -0.8172249 -0.2598462
0.0512413 0.5011582 -0.8253466 -0.2549859
0.04663293 0.4912171 -0.8330116 -0.2502453
0.0421923 0.4815637 -0.8402249 -0.2456389
0.03792812 0.4722257 -0.8469926 -0.2411802
0.03384854 0.4632298 -0.8533225 -0.2368823
0.02996104 0.4546011 -0.859223 -0.2327576
0.02627255 0.4463634 -0.8647034 -0.2288179
0.0227896 0.4385397 -0.869773 -0.2250743
0.01951815 0.4311513 -0.874442 -0.2215374
0.01646397 0.4242187 -0.8787199 -0.2182174
0.01363241 0.4177615 -0.8826161 -0.2151239
0.01102871 0.4117986 -0.8861396 -0.2122662
0.00865799 0.406348 -0.8892985 -0.2096532
0.006525248 0.4014274 -0.8921003 -0.2072937
0.004635626 0.3970541 -0.8945509 -0.205196
0.00299433 0.3932451 -0.8966552 -0.2033686
0.001606735 0.3900174 -0.8984167 -0.2018199
0.0004785841 0.3873881 -0.8998371 -0.200558
-0.0003840724 0.3853745 -0.900916 -0.1995916
-0.0009748278 0.3839941 -0.9016512 -0.1989289
-0.001286638 0.3832649 -0.9020382 -0.1985789
-0.001336738 0.3831477 -0.9021002 -0.1985226
-0.00143818 0.3830258 -0.902159 -0.1984905
-0.001738681 0.3826647 -0.9023326 -0.1983951
-0.002232518 0.3820711 -0.9026175 -0.1982383
-0.002914023 0.3812515 -0.9030096 -0.1980218
-0.003777569 0.3802121 -0.9035047 -0.1977469
-0.004817563 0.3789592 -0.9040984 -0.1974154
-0.006028438 0.377499 -0.9047862 -0.1970285
-0.007404642 0.3758375 -0.9055631 -0.1965879
-0.008940635 0.3739806 -0.9064245 -0.1960948
-0.01063088 0.3719341 -0.9073654 -0.1955506
-0.01246983 0.3697041 -0.9083806 -0.1949567
-0.01445193 0.3672962 -0.909465 -0.1943143
-0.0165716 0.3647164 -0.9106134 -0.193625
-0.01882323 0.3619706 -0.9118205 -0.1928898
-0.02120119 0.3590645 -0.913081 -0.1921103
-0.0236998 0.3560043 -0.9143896 -0.1912877
-0.02631335 0.3527958 -0.915741 -0.1904234
-0.02903608 0.3494453 -0.9171301 -0.1895189
-0.03186218 0.3459589 -0.9185513 -0.1885755
-0.0347858 0.3423428 -0.9199998 -0.1875948
-0.03780102 0.3386034 -0.9214703 -0.1865781
-0.04090188 0.3347473 -0.9229578 -0.1855271
-0.04408238 0.3307809 -0.9244574 -0.1844434
-0.04733647 0.3267111 -0.9259642 -0.1833285
-0.05065803 0.3225448 -0.9274738 -0.1821842
-0.05404091 0.3182888 -0.9289814 -0.1810122
-0.05747889 0.3139503 -0.9304828 -0.1798143
-0.0609658 0.3095365 -0.9319738 -0.1785924
-0.06449533 0.3050548 -0.9334503 -0.1773483
-0.0680612 0.3005127 -0.9349087 -0.176084
-0.07165714 0.2959178 -0.9363452 -0.1748016
-0.07527679 0.2912778 -0.9377566 -0.173503
-0.07891382 0.2866004 -0.9391396 -0.1721904
-0.08256192 0.2818938 -0.9404915 -0.1708661
-0.08621475 0.2771659 -0.9418094 -0.1695322
-0.089866 0.2724247 -0.943091 -0.1681909
-0.09350941 0.2676784 -0.9443342 -0.1668446
-0.0971387 0.2629355 -0.945537 -0.1654958
-0.1007476 0.2582039 -0.9466977 -0.1641466
-0.10433 0.2534923 -0.9478149 -0.1627997
-0.1078798 0.2488089 -0.9488876 -0.1614575
-0.1113907 0.2441622 -0.9499146 -0.1601224
-0.114857 0.2395606 -0.9508954 -0.1587971
-0.1182725 0.2350126 -0.9518296 -0.157484
-0.1216313 0.2305265 -0.9527169 -0.1561857
-0.1249278 0.2261109 -0.9535573 -0.1549049
-0.128156 0.2217741 -0.954351 -0.1536441
-0.1313104 0.2175245 -0.9550985 -0.152406
-0.1343854 0.2133705 -0.9558004 -0.1511931
-0.1373754 0.2093205 -0.9564573 -0.1500081
-0.1402749 0.2053826 -0.9570703 -0.1488536
-0.1430787 0.2015651 -0.9576404 -0.1477323
-0.1457814 0.1978762 -0.9581689 -0.1466467
-0.1483778 0.1943241 -0.9586569 -0.1455995
-0.1508627 0.1909168 -0.9591058 -0.1445933
-0.153231 0.1876623 -0.9595173 -0.1436307
-0.1554775 0.1845687 -0.9598926 -0.1427142
-0.1575975 0.1816438 -0.9602334 -0.1418464
-0.1595857 0.1788956 -0.9605412 -0.14103
-0.1614372 0.1763318 -0.9608175 -0.1402673
-0.1631472 0.1739604 -0.9610637 -0.1395611
-0.1647105 0.171789 -0.9612814 -0.1389137
-0.1661224 0.1698254 -0.9614719 -0.1383277
-0.1673778 0.1680773 -0.9616363 -0.1378056
-0.1684717 0.1665525 -0.9617758 -0.1373498
-0.1693992 0.1652585 -0.9618913 -0.1369628
-0.170155 0.1642032 -0.9619835 -0.1366469
-0.170734 0.1633942 -0.962053 -0.1364046
-0.1711312 0.1628391 -0.9621001 -0.1362384
-0.171341 0.1625459 -0.9621248 -0.1361506
-0.1713747 0.1624987 -0.9621288 -0.1361364
-0.1712429 0.1624979 -0.9621321 -0.1362797
-0.1708525 0.1624956 -0.9621417 -0.1367041
-0.1702108 0.1624917 -0.9621567 -0.1374016
-0.1693249 0.162486 -0.9621761 -0.138364
-0.1682019 0.1624785 -0.9621983 -0.1395832
-0.1668486 0.1624687 -0.9622214 -0.1410513
-0.1652718 0.1624566 -0.9622436 -0.1427602
-0.1634782 0.1624418 -0.9622624 -0.1447018
-0.1614747 0.1624239 -0.9622755 -0.1468682
-0.1592677 0.1624025 -0.9622803 -0.1492513
-0.1568639 0.1623773 -0.9622739 -0.1518429
-0.1542701 0.1623479 -0.9622536 -0.1546351
-0.1514928 0.1623138 -0.9622163 -0.1576195
-0.1485388 0.1622746 -0.9621592 -0.1607881
-0.1454148 0.1622299 -0.9620793 -0.1641325
-0.1421276 0.1621792 -0.9619735 -0.1676443
-0.1386841 0.1621222 -0.961839 -0.1713151
-0.1350913 0.1620584 -0.9616728 -0.1751365
-0.1313563 0.1619874 -0.9614722 -0.1790999
-0.1274863 0.1619088 -0.9612345 -0.1831967
-0.1234885 0.1618223 -0.9609572 -0.1874181
-0.1193703 0.1617277 -0.9606377 -0.1917553
-0.1151393 0.1616244 -0.9602741 -0.1961995
-0.110803 0.1615124 -0.9598641 -0.2007418
-0.1063694 0.1613914 -0.9594062 -0.2053732
-0.1018462 0.1612612 -0.9588987 -0.2100847
-0.09724144 0.1611216 -0.9583403 -0.2148672
-0.09256324 0.1609727 -0.9577299 -0.2197116
-0.08781984 0.1608143 -0.9570671 -0.2246089
-0.08301953 0.1606465 -0.9563511 -0.2295499
-0.0781707 0.1604693 -0.9555819 -0.2345254
-0.07328187 0.1602829 -0.9547598 -0.2395265
-0.06836158 0.1600873 -0.9538852 -0.244544
-0.06341847 0.1598829 -0.952959 -0.2495689
-0.0584612 0.15967 -0.9519824 -0.2545922
-0.05349844 0.1594488 -0.9509569 -0.2596052
-0.04853896 0.1592198 -0.9498844 -0.2645989
-0.04359148 0.1589835 -0.9487671 -0.2695648
-0.03866474 0.1587402 -0.9476073 -0.2744941
-0.03376745 0.1584907 -0.946408 -0.2793784
-0.02890832 0.1582354 -0.9451724 -0.2842094
-0.02409602 0.1579752 -0.9439039 -0.2889789
-0.01933913 0.1577105 -0.942606 -0.2936788
-0.01464624 0.1574424 -0.941283 -0.2983013
-0.01002577 0.1571714 -0.9399391 -0.3028387
-0.005486165 0.1568985 -0.9385786 -0.3072832
-0.001035708 0.1566245 -0.9372064 -0.3116277
0.003317318 0.1563504 -0.9358274 -0.3158647
0.007564832 0.1560771 -0.9344468 -0.3199874
0.01169876 0.1558055 -0.9330698 -0.3239887
0.01571119 0.1555366 -0.9317018 -0.3278619
0.01959427 0.1552715 -0.9303483 -0.3316004
0.02334029 0.1550111 -0.9290152 -0.3351977
0.02694159 0.1547565 -0.9277081 -0.3386476
0.03039058 0.1545088 -0.9264329 -0.3419438
0.03367988 0.154269 -0.9251953 -0.3450802
0.03680203 0.1540382 -0.9240014 -0.3480508
0.03974975 0.1538173 -0.9228569 -0.3508496
0.04251575 0.1536075 -0.9217676 -0.3534709
0.04509284 0.1534099 -0.9207395 -0.3559086
0.04747388 0.1532253 -0.9197781 -0.3581572
0.04965165 0.1530549 -0.9188892 -0.3602105
0.05161909 0.1528997 -0.9180782 -0.3620629
0.053369 0.1527605 -0.9173506 -0.3637083
0.05489426 0.1526384 -0.9167116 -0.365141
0.05618766 0.1525343 -0.9161662 -0.3663547
