-30.50708 16.25471 -3.681874
-30.37598 16.27943 -3.644477
-30.24505 16.30408 -3.607011
-30.11428 16.3286 -3.569498
-29.98367 16.35299 -3.531961
-29.85321 16.3772 -3.494421
-29.7229 16.4012 -3.456901
-29.59273 16.42497 -3.419424
-29.46269 16.44847 -3.38201
-29.33279 16.47168 -3.344684
-29.20302 16.49456 -3.307466
-29.07338 16.51709 -3.27038
-28.94385 16.53923 -3.233446
-28.81445 16.56095 -3.196689
-28.68515 16.58223 -3.160129
-28.55596 16.60303 -3.123789
-28.42687 16.62333 -3.087692
-28.29788 16.64308 -3.051859
-28.16898 16.66227 -3.016313
-28.04018 16.68086 -2.981076
-27.91145 16.69882 -2.946171
-27.78281 16.71613 -2.911618
-27.65424 16.73274 -2.877442
-27.52575 16.74864 -2.843664
-27.39732 16.76379 -2.810305
-27.26896 16.77816 -2.77739
-27.14065 16.79171 -2.744939
-27.01239 16.80443 -2.712975
-26.88418 16.81628 -2.68152
-26.75602 16.82723 -2.650597
-26.6279 16.83725 -2.620227
-26.49982 16.84631 -2.590433
-26.37176 16.85437 -2.561237
-26.24373 16.86142 -2.532662
-26.11573 16.86741 -2.504729
-25.98774 16.87233 -2.477461
-25.85976 16.87613 -2.450881
-25.7318 16.87878 -2.425009
-25.60383 16.88027 -2.399869
-25.47587 16.88055 -2.375484
-25.34791 16.8796 -2.351874
-25.21993 16.87739 -2.329062
-25.09194 16.87388 -2.307071
-24.96393 16.86905 -2.285923
-24.8359 16.86287 -2.265639
-24.70785 16.8553 -2.246243
-24.57976 16.84632 -2.227757
-24.45163 16.8359 -2.210202
-24.32347 16.82399 -2.193601
-24.19526 16.81059 -2.177977
-24.067 16.79564 -2.163351
-23.93869 16.77914 -2.149745
-23.81032 16.76104 -2.137182
-23.68188 16.74131 -2.125685
-23.55338 16.71992 -2.115275
-23.42481 16.69685 -2.105975
-23.29617 16.67206 -2.097806
-23.16744 16.64553 -2.090792
-23.03862 16.61721 -2.084954
-22.90972 16.58709 -2.080315
-22.78073 16.55514 -2.076896
-22.65163 16.52131 -2.074721
-22.52243 16.48559 -2.073811
-22.39313 16.44794 -2.074188
-22.26371 16.40833 -2.075875
-22.13418 16.36673 -2.078895
-22.00452 16.32311 -2.083268
-21.87474 16.27744 -2.089018
-21.74484 16.22969 -2.096167
-21.64234 16.19057 -2.102803
-21.51394 16.14313 -2.111225
-21.38886 16.10167 -2.118545
-21.26703 16.06605 -2.124787
-21.14837 16.03614 -2.129977
-21.03281 16.0118 -2.134142
-20.92026 15.99291 -2.137306
-20.81067 15.97932 -2.139497
-20.70394 15.9709 -2.14074
-20.60002 15.96753 -2.14106
-20.49882 15.96906 -2.140484
-20.40026 15.97536 -2.139038
-20.30429 15.98631 -2.136746
-20.21081 16.00175 -2.133636
-20.11976 16.02157 -2.129732
-20.03106 16.04563 -2.125061
-19.94464 16.07379 -2.119649
-19.86042 16.10592 -2.113521
-19.77833 16.14188 -2.106704
-19.6983 16.18155 -2.099222
-19.62024 16.22479 -2.091102
-19.54408 16.27146 -2.082371
-19.46976 16.32143 -2.073053
-19.3972 16.37457 -2.063174
-19.32631 16.43075 -2.052761
-19.25703 16.48982 -2.041839
-19.18928 16.55166 -2.030433
-19.12299 16.61614 -2.018571
-19.05809 16.68311 -2.006277
-18.99449 16.75245 -1.993578
-18.93213 16.82401 -1.980499
-18.87092 16.89768 -1.967067
-18.8108 16.97331 -1.953306
-18.7517 17.05077 -1.939244
-18.69353 17.12993 -1.924905
-18.63622 17.21065 -1.910316
-18.5797 17.2928 -1.895502
-18.52389 17.37625 -1.880489
-18.46872 17.46085 -1.865304
-18.41412 17.54649 -1.849971
-18.36 17.63302 -1.834517
-18.3063 17.7203 -1.818968
-18.25294 17.80822 -1.803349
-18.19984 17.89663 -1.787687
-18.14694 17.9854 -1.772007
-18.09416 18.07439 -1.756334
-18.04141 18.16348 -1.740696
-17.98864 18.25252 -1.725117
-17.93576 18.34139 -1.709624
-17.8827 18.42994 -1.694242
-17.82938 18.51806 -1.678997
-17.77574 18.6056 -1.663916
-17.72169 18.69242 -1.649023
-17.66716 18.77841 -1.634345
-17.61208 18.86341 -1.619907
-17.55637 18.94731 -1.605736
-17.49996 19.02995 -1.591858
-17.44277 19.11122 -1.578297
-17.38473 19.19098 -1.56508
-17.32577 19.26909 -1.552233
-17.2658 19.34542 -1.539782
-17.20476 19.41983 -1.527752
-17.14257 19.4922 -1.516169
-17.07916 19.56238 -1.50506
-17.01445 19.63025 -1.494449
-16.94837 19.69567 -1.484364
-16.88084 19.75851 -1.474829
-16.81179 19.81863 -1.46587
-16.74115 19.8759 -1.457514
-16.66883 19.93018 -1.449787
-16.59477 19.98135 -1.442713
-16.55036 20.00994 -1.438867
-16.47443 20.05682 -1.432084
-16.39874 20.10221 -1.424419
-16.32328 20.14614 -1.415901
-16.24805 20.18861 -1.406557
-16.17305 20.22965 -1.396415
-16.09828 20.26928 -1.385503
-16.02375 20.30752 -1.373848
-15.94944 20.34439 -1.361479
-15.87536 20.37991 -1.348423
-15.80151 20.41409 -1.334706
-15.72789 20.44697 -1.320359
-15.65451 20.47855 -1.305407
-15.58134 20.50885 -1.289879
-15.50841 20.5379 -1.273803
-15.43571 20.56572 -1.257205
-15.36323 20.59232 -1.240115
-15.29098 20.61773 -1.222559
-15.21896 20.64196 -1.204565
-15.14716 20.66503 -1.186162
-15.07559 20.68697 -1.167376
-15.00425 20.70779 -1.148236
-14.93313 20.72751 -1.128768
-14.86224 20.74615 -1.109002
-14.79158 20.76374 -1.088964
-14.72114 20.78028 -1.068683
-14.65092 20.79581 -1.048186
-14.58093 20.81034 -1.0275
-14.51116 20.82388 -1.006654
-14.44162 20.83647 -0.9856746
-14.3723 20.84811 -0.9645904
-14.3032 20.85883 -0.9434288
-14.23433 20.86864 -0.9222175
-14.16568 20.87758 -0.9009842
-14.09725 20.88565 -0.8797566
-14.02904 20.89288 -0.8585625
-13.96105 20.89928 -0.8374295
-13.89329 20.90488 -0.8163854
-13.82575 20.90969 -0.795458
-13.75843 20.91374 -0.7746748
-13.69133 20.91704 -0.7540635
-13.62445 20.91961 -0.7336521
-13.55779 20.92148 -0.7134681
-13.49134 20.92266 -0.6935393
-13.42512 20.92317 -0.6738933
-13.35912 20.92303 -0.6545579
-13.29334 20.92226 -0.6355609
-13.22777 20.92089 -0.6169298
-13.16242 20.91892 -0.5986924
-13.09729 20.91638 -0.5808765
-13.03238 20.91329 -0.5635098
-12.96769 20.90967 -0.5466199
-12.90321 20.90554 -0.5302346
-12.83895 20.90092 -0.5143817
-12.7749 20.89582 -0.4990887
-12.71107 20.89027 -0.4843835
-12.64746 20.88428 -0.4702937
-12.58407 20.87789 -0.4568471
-12.52088 20.8711 -0.4440713
-12.45792 20.86393 -0.4319941
-12.39516 20.8564 -0.4206432
-12.33262 20.84854 -0.4100463
-12.2703 20.84037 -0.4002312
-12.20819 20.83189 -0.3912255
-12.14629 20.82314 -0.383057
-12.08461 20.81413 -0.3757533
-12.02314 20.80489 -0.3693423
-11.96188 20.79542 -0.3638515
-11.90083 20.78575 -0.3593087
-11.83999 20.77591 -0.3557416
-11.77937 20.7659 -0.353178
-11.7438 20.75995 -0.3521499
-11.6821 20.75061 -0.3508494
-11.61782 20.74285 -0.3498492
-11.55109 20.73658 -0.3491773
-11.48199 20.73169 -0.3488618
-11.41064 20.72809 -0.3489307
-11.33714 20.72568 -0.3494121
-11.26157 20.72437 -0.3503339
-11.18406 20.72407 -0.3517244
-11.10469 20.72467 -0.3536114
-11.02358 20.72608 -0.3560231
-10.94082 20.7282 -0.3589876
-10.85651 20.73094 -0.3625328
-10.77076 20.7342 -0.3666868
-10.68367 20.73788 -0.3714777
-10.59534 20.7419 -0.3769335
-10.50587 20.74615 -0.3830823
-10.41537 20.75053 -0.3899522
-10.32393 20.75495 -0.397571
-10.23166 20.75932 -0.405967
-10.13865 20.76353 -0.4151682
-10.04502 20.7675 -0.4252026
-9.950865 20.77112 -0.4360983
-9.856281 20.7743 -0.4478833
-9.761374 20.77694 -0.4605857
-9.666245 20.77895 -0.4742335
-9.570997 20.78023 -0.4888549
-9.475731 20.78069 -0.5044777
-9.380548 20.78023 -0.5211301
-9.285551 20.77874 -0.5388401
-9.190842 20.77614 -0.5576359
-9.096522 20.77234 -0.5775453
-9.002693 20.76723 -0.5985966
-8.909457 20.76071 -0.6208177
-8.816916 20.7527 -0.6442367
-8.72517 20.74309 -0.6688816
-8.634323 20.73179 -0.6947805
-8.544477 20.7187 -0.7219615
-8.455732 20.70373 -0.7504525
-8.368192 20.68678 -0.7802816
-8.281957 20.66776 -0.811477
-8.197129 20.64656 -0.8440667
-8.113811 20.62309 -0.8780785
-8.032103 20.59727 -0.9135408
-7.952108 20.56898 -0.9504815
-7.873928 20.53813 -0.9889286
-7.797665 20.50463 -1.02891
-7.723419 20.46839 -1.070454
-7.651294 20.4293 -1.113589
-7.58139 20.38726 -1.158342
-7.513812 20.34219 -1.204743
-7.448657 20.29399 -1.252817
-7.38603 20.24256 -1.302595
-7.326033 20.1878 -1.354104
-7.268766 20.12962 -1.407371
-7.214333 20.06792 -1.462425
-7.162833 20.00261 -1.519295
-7.11437 19.93359 -1.578007
-7.069046 19.86076 -1.638591
-7.026961 19.78403 -1.701073
-6.988219 19.7033 -1.765483
-6.952919 19.61847 -1.831849
-6.921166 19.52946 -1.900197
-6.89306 19.43615 -1.970557
-6.868702 19.33846 -2.042956
-6.848196 19.2363 -2.117423
-6.831643 19.12955 -2.193985
-6.819144 19.01814 -2.272671
-6.810801 18.90196 -2.353508
-6.806716 18.78091 -2.436525
-6.806993 18.6549 -2.52175
-6.809232 18.57842 -2.572929
-6.817173 18.44954 -2.657295
-6.830644 18.32586 -2.735189
-6.849514 18.20728 -2.806781
-6.873652 18.09373 -2.872241
-6.902929 17.98509 -2.931738
-6.937212 17.88129 -2.985442
-6.97637 17.78222 -3.033524
-7.020273 17.6878 -3.076151
-7.06879 17.59793 -3.113495
-7.12179 17.51252 -3.145724
-7.179142 17.43147 -3.17301
-7.240714 17.35469 -3.19552
-7.306377 17.2821 -3.213426
-7.375998 17.21359 -3.226896
-7.449449 17.14908 -3.236101
-7.526596 17.08846 -3.24121
-7.607311 17.03166 -3.242393
-7.69146 16.97858 -3.239819
-7.778913 16.92911 -3.233659
-7.869541 16.88318 -3.224082
-7.963211 16.84069 -3.211257
-8.059793 16.80153 -3.195354
-8.159155 16.76564 -3.176544
-8.261168 16.7329 -3.154996
-8.365699 16.70323 -3.130879
-8.472619 16.67653 -3.104363
-8.581796 16.65271 -3.075618
-8.693098 16.63169 -3.044814
-8.806396 16.61335 -3.01212
-8.921559 16.59762 -2.977706
-9.038455 16.5844 -2.941742
-9.156953 16.5736 -2.904397
-9.276923 16.56511 -2.865841
-9.398233 16.55887 -2.826245
-9.520754 16.55476 -2.785776
-9.644353 16.55269 -2.744606
-9.7689 16.55258 -2.702904
-9.894264 16.55433 -2.66084
-10.02031 16.55785 -2.618583
-10.14692 16.56304 -2.576303
-10.27395 16.56981 -2.53417
-10.40127 16.57808 -2.492353
-10.52876 16.58773 -2.451023
-10.65627 16.59869 -2.410348
-10.78369 16.61087 -2.370499
-10.91087 16.62416 -2.331645
-11.0377 16.63847 -2.293956
-11.16403 16.65372 -2.257602
-11.28974 16.66981 -2.222753
-11.4147 16.68664 -2.189577
-11.53877 16.70413 -2.158245
-11.66182 16.72218 -2.128927
-11.78373 16.7407 -2.101792
-11.90436 16.75959 -2.07701
-12.02358 16.77876 -2.054751
-12.14126 16.79813 -2.035184
-12.25727 16.81759 -2.018479
-12.37148 16.83706 -2.004805
-12.48375 16.85644 -1.994334
-12.59397 16.87564 -1.987233
-12.70199 16.89456 -1.983673
-12.80768 16.91311 -1.983824
-12.91092 16.93121 -1.987855
-13.01157 16.94876 -1.995936
-13.1095 16.96565 -2.008237
-13.20458 16.98182 -2.024927
-13.29668 16.99714 -2.046176
-13.38568 17.01155 -2.072154
-13.47143 17.02494 -2.10303
-13.5538 17.03723 -2.138975
-13.60064 17.04389 -2.162557
-13.67918 17.05377 -2.20354
-13.75767 17.06147 -2.243214
-13.83607 17.06705 -2.281613
-13.91436 17.07053 -2.318764
-13.9925 17.07197 -2.354698
-14.07048 17.0714 -2.389446
-14.14825 17.06886 -2.423039
-14.2258 17.0644 -2.455505
-14.3031 17.05806 -2.486875
-14.38012 17.04987 -2.51718
-14.45682 17.03988 -2.54645
-14.53319 17.02813 -2.574715
-14.60919 17.01465 -2.602005
-14.6848 16.9995 -2.62835
-14.75998 16.98271 -2.653781
-14.83472 16.96432 -2.678328
-14.90898 16.94437 -2.702021
-14.98273 16.9229 -2.72489
-15.05595 16.89996 -2.746966
-15.1286 16.87558 -2.768279
-15.20067 16.84981 -2.788858
-15.27212 16.82269 -2.808735
-15.34292 16.79425 -2.82794
-15.41305 16.76454 -2.846502
-15.48248 16.7336 -2.864452
-15.55117 16.70148 -2.88182
-15.61911 16.6682 -2.898636
-15.68627 16.63381 -2.914932
-15.75261 16.59836 -2.930736
-15.8181 16.56188 -2.946079
-15.88273 16.52441 -2.960991
-15.94646 16.486 -2.975502
-16.00927 16.44668 -2.989644
-16.07112 16.40651 -3.003446
-16.13198 16.36551 -3.016937
-16.19184 16.32372 -3.030149
-16.25066 16.2812 -3.043112
-16.30842 16.23798 -3.055856
-16.36508 16.1941 -3.06841
-16.42062 16.1496 -3.080806
-16.47501 16.10452 -3.093074
-16.52822 16.0589 -3.105243
-16.58023 16.0128 -3.117345
-16.631 15.96623 -3.129408
-16.68051 15.91925 -3.141464
-16.72873 15.8719 -3.153543
-16.77563 15.82422 -3.165674
-16.82119 15.77625 -3.177889
-16.86537 15.72802 -3.190217
-16.90815 15.67959 -3.202689
-16.9495 15.63098 -3.215334
-16.9894 15.58225 -3.228184
-17.02781 15.53343 -3.241267
-17.0647 15.48457 -3.254615
-17.10005 15.4357 -3.268259
-17.13383 15.38686 -3.282226
-17.16602 15.33811 -3.29655
-17.19658 15.28946 -3.311258
-17.22548 15.24098 -3.326382
-17.25271 15.19269 -3.341952
-17.27822 15.14465 -3.357998
-17.302 15.09688 -3.37455
-17.32401 15.04944 -3.391639
-17.34422 15.00236 -3.409294
-17.36262 14.95568 -3.427547
-17.37916 14.90945 -3.446426
-17.39383 14.8637 -3.465964
-17.40659 14.81847 -3.486188
-17.41742 14.77381 -3.507131
-17.42628 14.72976 -3.528822
-17.43057 14.70415 -3.541944
-17.4361 14.66148 -3.564296
-17.4393 14.62016 -3.586278
-17.44022 14.58015 -3.60789
-17.43891 14.54141 -3.629134
-17.4354 14.50393 -3.650011
-17.42974 14.46766 -3.670523
-17.42199 14.43258 -3.690671
-17.41217 14.39866 -3.710457
-17.40034 14.36586 -3.729882
-17.38653 14.33415 -3.748947
-17.3708 14.30351 -3.767653
-17.35319 14.27391 -3.786002
-17.33373 14.2453 -3.803996
-17.31248 14.21767 -3.821635
-17.28948 14.19098 -3.838922
-17.26477 14.1652 -3.855857
-17.23839 14.14029 -3.872441
-17.2104 14.11624 -3.888677
-17.18083 14.093 -3.904566
-17.14973 14.07055 -3.920108
-17.11714 14.04885 -3.935306
-17.0831 14.02788 -3.950161
-17.04767 14.00761 -3.964673
-17.01088 13.988 -3.978845
-16.97278 13.96902 -3.992678
-16.93341 13.95064 -4.006173
-16.89281 13.93283 -4.019331
-16.85104 13.91557 -4.032155
-16.80813 13.89881 -4.044644
-16.76413 13.88253 -4.056802
-16.71908 13.8667 -4.068628
-16.67303 13.85129 -4.080125
-16.62601 13.83627 -4.091294
-16.57808 13.82159 -4.102136
-16.52928 13.80725 -4.112652
-16.47965 13.7932 -4.122844
-16.42924 13.77941 -4.132714
-16.37809 13.76585 -4.142262
-16.32624 13.7525 -4.15149
-16.27373 13.73931 -4.1604
-16.22062 13.72627 -4.168993
-16.16695 13.71333 -4.177269
-16.11275 13.70048 -4.185231
-16.05808 13.68767 -4.19288
-16.00298 13.67488 -4.200217
-15.94749 13.66207 -4.207244
-15.89165 13.64922 -4.213962
-15.83551 13.63629 -4.220372
-15.77912 13.62326 -4.226476
-15.72251 13.61009 -4.232275
-15.66574 13.59675 -4.237771
-15.60884 13.58322 -4.242964
-15.55186 13.56945 -4.247857
-15.49485 13.55542 -4.25245
-15.43784 13.54111 -4.256746
-15.38089 13.52647 -4.260745
-15.32403 13.51147 -4.264448
-15.2673 13.4961 -4.267858
-15.21077 13.48031 -4.270975
-15.15446 13.46407 -4.2738
-15.09842 13.44736 -4.276337
-15.04269 13.43014 -4.278584
-14.98733 13.41239 -4.280545
-14.93237 13.39406 -4.28222
-14.87786 13.37514 -4.283611
-14.82384 13.35559 -4.284719
-14.77035 13.33537 -4.285545
-14.71744 13.31447 -4.286091
-14.66516 13.29284 -4.286359
-14.61354 13.27046 -4.286349
-14.58351 13.25693 -4.286214
-14.53323 13.23376 -4.286359
-14.48404 13.21073 -4.287408
-14.43585 13.18785 -4.28935
-14.38862 13.16513 -4.29217
-14.34226 13.14258 -4.295858
-14.2967 13.12021 -4.300403
-14.25189 13.09804 -4.30579
-14.20773 13.07606 -4.31201
-14.16418 13.0543 -4.31905
-14.12115 13.03276 -4.326898
-14.07858 13.01146 -4.335541
-14.0364 12.9904 -4.344968
-13.99454 12.9696 -4.355167
-13.95293 12.94907 -4.366127
-13.91149 12.92881 -4.377833
-13.87017 12.90884 -4.390276
-13.82889 12.88916 -4.403443
-13.78758 12.8698 -4.417322
-13.74617 12.85076 -4.431901
-13.7046 12.83204 -4.447168
-13.66279 12.81367 -4.463111
-13.62067 12.79565 -4.479718
-13.57817 12.77799 -4.496977
-13.53523 12.76071 -4.514876
-13.49178 12.74381 -4.533403
-13.44774 12.7273 -4.552547
-13.40304 12.7112 -4.572294
-13.35763 12.69551 -4.592634
-13.31142 12.68025 -4.613553
-13.26434 12.66543 -4.635041
-13.21634 12.65105 -4.657085
-13.16733 12.63714 -4.679674
-13.11725 12.62369 -4.702794
-13.06603 12.61072 -4.726435
-13.01361 12.59824 -4.750584
-12.9599 12.58626 -4.775229
-12.90484 12.5748 -4.800358
-12.84836 12.56385 -4.82596
-12.7904 12.55344 -4.852022
-12.73088 12.54357 -4.878533
-12.66973 12.53426 -4.905479
-12.60688 12.52551 -4.932851
-12.54227 12.51734 -4.960634
-12.47583 12.50975 -4.988818
-12.40747 12.50276 -5.017391
-12.33715 12.49638 -5.04634
-12.26477 12.49061 -5.075653
-12.19029 12.48548 -5.105319
-12.11362 12.48098 -5.135324
-12.0347 12.47713 -5.165659
-11.95346 12.47395 -5.19631
-11.86982 12.47143 -5.227266
-11.78373 12.4696 -5.258514
-11.6951 12.46846 -5.290043
-11.60387 12.46802 -5.32184
-11.50998 12.4683 -5.353894
-11.41334 12.4693 -5.386192
-11.3139 12.47104 -5.418724
-11.21157 12.47353 -5.451475
-11.10631 12.47676 -5.484436
-10.99802 12.48077 -5.517593
-10.88664 12.48556 -5.550935
-10.77211 12.49113 -5.584449
-10.65436 12.4975 -5.618124
-10.5333 12.50469 -5.651947
-10.40889 12.51269 -5.685908
-10.28104 12.52153 -5.719994
-10.14968 12.5312 -5.754192
-10.01476 12.54173 -5.788491
-9.876185 12.55312 -5.822878
-9.792936 12.56023 -5.843145
-9.653284 12.57293 -5.87837
-9.5195 12.58631 -5.915088
-9.39151 12.60036 -5.953277
-9.269239 12.61503 -5.992911
-9.152618 12.6303 -6.033969
-9.041571 12.64614 -6.076428
-8.936023 12.66252 -6.120265
-8.835902 12.6794 -6.165457
-8.741135 12.69677 -6.211981
-8.651646 12.71459 -6.259813
-8.567364 12.73283 -6.308932
-8.488214 12.75147 -6.359313
-8.414124 12.77046 -6.410933
-8.345018 12.78979 -6.463771
-8.280825 12.80942 -6.517803
-8.22147 12.82932 -6.573006
-8.16688 12.84947 -6.629356
-8.116981 12.86983 -6.686831
-8.071699 12.89037 -6.745408
-8.030962 12.91107 -6.805064
-7.994696 12.9319 -6.865776
-7.962827 12.95282 -6.927521
-7.935281 12.97381 -6.990275
-7.911985 12.99483 -7.054017
-7.892866 13.01586 -7.118722
-7.87785 13.03686 -7.184369
-7.866862 13.05782 -7.250933
-7.859831 13.07869 -7.318392
-7.856682 13.09945 -7.386724
-7.857341 13.12007 -7.455904
-7.861736 13.14052 -7.525909
-7.869792 13.16077 -7.596718
-7.881437 13.18078 -7.668307
-7.896596 13.20054 -7.740654
-7.915196 13.22001 -7.813734
-7.937163 13.23916 -7.887525
-7.962425 13.25796 -7.962004
-7.990906 13.27639 -8.037147
-8.022534 13.2944 -8.112932
-8.057237 13.31198 -8.189338
-8.094937 13.32909 -8.266338
-8.135565 13.3457 -8.343913
-8.179046 13.36179 -8.422036
-8.225305 13.37733 -8.500689
-8.274269 13.39227 -8.579844
-8.325866 13.4066 -8.659479
-8.380022 13.42029 -8.739573
-8.436662 13.43331 -8.820104
-8.495713 13.44562 -8.901045
-8.557102 13.45719 -8.982375
-8.620755 13.46801 -9.064071
-8.6866 13.47803 -9.146111
-8.754561 13.48723 -9.228471
-8.824567 13.49557 -9.311128
-8.896541 13.50304 -9.394058
-8.970413 13.50959 -9.477241
-9.046108 13.51521 -9.560651
-9.123551 13.51985 -9.644266
-9.202671 13.52349 -9.728064
-9.283394 13.52611 -9.81202
-9.365644 13.52767 -9.896112
-9.449351 13.52813 -9.980319
-9.534439 13.52748 -10.06461
-9.620835 13.52568 -10.14898
-9.708467 13.52271 -10.23339
-9.797258 13.51852 -10.31781
-9.887138 13.5131 -10.40224
-9.978032 13.50642 -10.48664
-10.06986 13.49843 -10.571
-10.16257 13.48912 -10.65528
-10.21748 13.48302 -10.70482
-10.3105 13.47168 -10.78787
-10.40247 13.45926 -10.8687
-10.49338 13.44578 -10.94735
-10.58328 13.43126 -11.0239
-10.67217 13.41575 -11.0984
-10.76007 13.39927 -11.17091
-10.84701 13.38184 -11.24148
-10.93299 13.36351 -11.31018
-11.01805 13.34429 -11.37706
-11.10219 13.32422 -11.44219
-11.18544 13.30332 -11.50561
-11.26783 13.28162 -11.56738
-11.34935 13.25916 -11.62758
-11.43005 13.23597 -11.68625
-11.50992 13.21207 -11.74345
-11.589 13.18748 -11.79924
-11.6673 13.16225 -11.85368
-11.74485 13.1364 -11.90682
-11.82165 13.10996 -11.95873
-11.89773 13.08296 -12.00947
-11.97312 13.05542 -12.05908
-12.04782 13.02739 -12.10764
-12.12185 12.99887 -12.15519
-12.19524 12.96992 -12.2018
-12.26801 12.94055 -12.24752
-12.34016 12.91079 -12.29242
-12.41173 12.88068 -12.33655
-12.48274 12.85024 -12.37996
-12.55319 12.8195 -12.42273
-12.62311 12.78849 -12.4649
-12.69252 12.75724 -12.50653
-12.76144 12.72578 -12.54768
-12.82988 12.69414 -12.58842
-12.89787 12.66235 -12.62879
-12.96542 12.63044 -12.66886
-13.03256 12.59843 -12.70869
-13.0993 12.56636 -12.74833
-13.16566 12.53425 -12.78784
-13.23166 12.50214 -12.82727
-13.29732 12.47005 -12.8667
-13.36266 12.43802 -12.90617
-13.4277 12.40606 -12.94575
-13.49245 12.37422 -12.98549
-13.55694 12.34252 -13.02545
-13.62119 12.31098 -13.06569
-13.6852 12.27965 -13.10627
-13.74901 12.24854 -13.14724
-13.81263 12.2177 -13.18866
-13.87608 12.18713 -13.2306
-13.93938 12.15689 -13.27311
-14.00255 12.12699 -13.31624
-14.06561 12.09746 -13.36007
-14.12857 12.06834 -13.40463
-14.19146 12.03965 -13.45
-14.2543 12.01143 -13.49623
-14.31709 11.98369 -13.54338
-14.37987 11.95648 -13.59151
-14.44265 11.92981 -13.64068
-14.50545 11.90372 -13.69094
-14.5683 11.87825 -13.74235
-14.6312 11.85341 -13.79497
-14.69417 11.82923 -13.84886
-14.75725 11.80576 -13.90407
-14.82044 11.783 -13.96068
-14.88376 11.76101 -14.01872
-14.94724 11.73979 -14.07827
-15.01089 11.71939 -14.13938
-15.07473 11.69983 -14.2021
-15.13878 11.68115 -14.26651
-15.20306 11.66336 -14.33264
-15.241 11.65333 -14.37238
-15.30411 11.63752 -14.4404
-15.36436 11.62359 -14.50824
-15.42177 11.61152 -14.57589
-15.47636 11.60125 -14.64332
-15.52815 11.59276 -14.71051
-15.57716 11.586 -14.77743
-15.62341 11.58094 -14.84406
-15.66693 11.57753 -14.91037
-15.70773 11.57574 -14.97635
-15.74584 11.57553 -15.04195
-15.78128 11.57685 -15.10717
-15.81407 11.57967 -15.17197
-15.84422 11.58395 -15.23633
-15.87177 11.58965 -15.30023
-15.89673 11.59674 -15.36365
-15.91912 11.60516 -15.42654
-15.93897 11.61489 -15.48891
-15.95629 11.62589 -15.55071
-15.97111 11.63811 -15.61192
-15.98345 11.65151 -15.67252
-15.99333 11.66607 -15.73249
-16.00076 11.68173 -15.79179
-16.00578 11.69846 -15.85042
-16.00841 11.71622 -15.90833
-16.00865 11.73497 -15.96551
-16.00654 11.75467 -16.02193
-16.0021 11.77528 -16.07756
-15.99535 11.79677 -16.13239
-15.98631 11.8191 -16.18639
-15.97499 11.84222 -16.23953
-15.96143 11.86609 -16.2918
-15.94564 11.89068 -16.34315
-15.92764 11.91595 -16.39358
-15.90746 11.94186 -16.44305
-15.88511 11.96837 -16.49154
-15.86062 11.99544 -16.53902
-15.83401 12.02304 -16.58548
-15.8053 12.05111 -16.63089
-15.77451 12.07963 -16.67522
-15.74166 12.10855 -16.71844
-15.70677 12.13784 -16.76054
-15.66987 12.16746 -16.80149
-15.63097 12.19736 -16.84126
-15.5901 12.22751 -16.87984
-15.54728 12.25787 -16.91718
-15.50253 12.2884 -16.95328
-15.45586 12.31907 -16.98811
-15.40731 12.34982 -17.02163
-15.3569 12.38063 -17.05383
-15.30463 12.41145 -17.08469
-15.25054 12.44224 -17.11417
-15.19464 12.47297 -17.14226
-15.13697 12.5036 -17.16892
-15.07753 12.53408 -17.19414
-15.01635 12.56439 -17.21789
-14.95345 12.59447 -17.24015
-14.88886 12.62429 -17.26088
-14.82258 12.65382 -17.28007
-14.75465 12.683 -17.29769
-14.68509 12.71181 -17.31372
-14.61392 12.74021 -17.32813
-14.54115 12.76814 -17.3409
-14.46681 12.79559 -17.35201
-14.39092 12.8225 -17.36142
-14.3135 12.84884 -17.36911
-14.23458 12.87456 -17.37507
-14.15417 12.89964 -17.37925
-14.07229 12.92403 -17.38165
-13.98897 12.94768 -17.38224
-13.90423 12.97057 -17.38099
-13.85372 12.98367 -17.37938
-13.76627 13.00537 -17.37555
-13.67652 13.02648 -17.37066
-13.5846 13.04704 -17.36477
-13.4906 13.06707 -17.35793
-13.39466 13.08661 -17.35019
-13.29688 13.10569 -17.34163
-13.19738 13.12435 -17.33228
-13.09626 13.14261 -17.32222
-12.99365 13.16052 -17.31148
-12.88966 13.17811 -17.30014
-12.7844 13.19541 -17.28824
-12.67799 13.21245 -17.27585
-12.57054 13.22926 -17.26301
-12.46216 13.24589 -17.24979
-12.35297 13.26236 -17.23625
-12.24308 13.27872 -17.22243
-12.13261 13.29498 -17.2084
-12.02166 13.31118 -17.1942
-11.91036 13.32737 -17.17991
-11.79882 13.34357 -17.16557
-11.68715 13.35981 -17.15123
-11.57547 13.37613 -17.13697
-11.46389 13.39257 -17.12282
-11.35252 13.40915 -17.10886
-11.24148 13.42591 -17.09513
-11.13088 13.44289 -17.08169
-11.02083 13.46011 -17.0686
-10.91146 13.47761 -17.05592
-10.80287 13.49542 -17.04369
-10.69517 13.51359 -17.03198
-10.58849 13.53213 -17.02085
-10.48294 13.55109 -17.01034
-10.37862 13.5705 -17.00052
-10.27566 13.59039 -16.99144
-10.17416 13.61079 -16.98316
-10.07425 13.63174 -16.97574
-9.97603 13.65328 -16.96922
-9.879622 13.67543 -16.96367
-9.785135 13.69823 -16.95915
-9.692687 13.72171 -16.95571
-9.602391 13.74592 -16.9534
-9.514359 13.77087 -16.95229
-9.428707 13.7966 -16.95242
-9.345548 13.82315 -16.95386
-9.264996 13.85055 -16.95666
-9.187165 13.87884 -16.96088
-9.11217 13.90804 -16.96657
-9.040124 13.9382 -16.97379
-8.971141 13.96934 -16.9826
-8.905334 14.0015 -16.99306
-8.84282 14.03471 -17.00521
-8.78371 14.06901 -17.01912
-8.728118 14.10442 -17.03484
-8.676161 14.14099 -17.05242
-8.62795 14.17874 -17.07194
-8.5836 14.21772 -17.09343
-8.543224 14.25794 -17.11696
-8.506938 14.29946 -17.14259
-8.474854 14.34229 -17.17036
-8.447088 14.38648 -17.20035
-8.423752 14.43206 -17.23259
-8.404961 14.47905 -17.26715
-8.390828 14.5275 -17.30409
-8.381469 14.57744 -17.34346
-8.376996 14.6289 -17.38532
-8.377523 14.68192 -17.42972
-8.383165 14.73653 -17.47672
-8.394036 14.79275 -17.52638
-8.41025 14.85064 -17.57875
-8.43192 14.91021 -17.63389
-8.447263 14.94606 -17.66765
-8.475669 15.00732 -17.72591
-8.505407 15.06822 -17.78424
-8.536455 15.12873 -17.84264
-8.568793 15.18885 -17.90108
-8.602399 15.24856 -17.95955
-8.63725 15.30786 -18.01804
-8.673325 15.36673 -18.07653
-8.710602 15.42516 -18.13501
-8.74906 15.48314 -18.19346
-8.788679 15.54066 -18.25187
-8.829434 15.59771 -18.31023
-8.871306 15.65427 -18.36852
-8.914273 15.71033 -18.42672
-8.958314 15.76589 -18.48483
-9.003406 15.82094 -18.54282
-9.049528 15.87545 -18.60069
-9.096658 15.92942 -18.65841
-9.144775 15.98284 -18.71598
-9.193857 16.03569 -18.77338
-9.243883 16.08798 -18.8306
-9.294831 16.13967 -18.88761
-9.346681 16.19077 -18.94441
-9.399408 16.24126 -19.00099
-9.452993 16.29113 -19.05732
-9.507414 16.34037 -19.11339
-9.562649 16.38897 -19.16919
-9.618677 16.43691 -19.22471
-9.675476 16.48419 -19.27993
-9.733025 16.5308 -19.33483
-9.791301 16.57671 -19.3894
-9.850284 16.62193 -19.44363
-9.909951 16.66644 -19.49751
-9.970282 16.71022 -19.55101
-10.03125 16.75327 -19.60412
-10.09285 16.79558 -19.65683
-10.15504 16.83713 -19.70913
-10.21781 16.87792 -19.761
-10.28113 16.91793 -19.81242
-10.34499 16.95715 -19.86338
-10.40936 16.99557 -19.91388
-10.47422 17.03317 -19.96388
-10.53954 17.06996 -20.01338
-10.60532 17.10591 -20.06237
-10.67152 17.14101 -20.11082
-10.73813 17.17525 -20.15874
-10.80512 17.20863 -20.20609
-10.87247 17.24113 -20.25286
-10.94016 17.27274 -20.29905
-11.00817 17.30345 -20.34464
-11.07647 17.33324 -20.3896
-11.14505 17.36211 -20.43394
-11.21388 17.39004 -20.47763
-11.28295 17.41702 -20.52066
-11.35222 17.44305 -20.56302
-11.42169 17.4681 -20.60468
-11.49131 17.49218 -20.64565
-11.56109 17.51526 -20.68589
-11.63099 17.53734 -20.7254
-11.70099 17.5584 -20.76417
-11.77107 17.57844 -20.80217
-11.84121 17.59744 -20.8394
-11.91139 17.61539 -20.87584
-11.98159 17.63227 -20.91147
-12.05178 17.64809 -20.94629
-12.12194 17.66283 -20.98026
-12.19205 17.67647 -21.0134
-12.26209 17.689 -21.04567
-12.33204 17.70042 -21.07706
-12.40188 17.71071 -21.10756
-12.47158 17.71986 -21.13716
-12.51252 17.72471 -21.15415
-12.58242 17.73321 -21.18195
-12.65304 17.74289 -21.20819
-12.72435 17.75369 -21.23292
-12.79632 17.76558 -21.25615
-12.86892 17.77849 -21.27794
-12.94212 17.79238 -21.29831
-13.01589 17.8072 -21.31731
-13.09021 17.8229 -21.33497
-13.16503 17.83943 -21.35133
-13.24034 17.85674 -21.36643
-13.3161 17.87479 -21.3803
-13.39229 17.89352 -21.39299
-13.46887 17.91288 -21.40452
-13.54581 17.93283 -21.41493
-13.62309 17.95331 -21.42427
-13.70067 17.97429 -21.43256
-13.77852 17.99569 -21.43985
-13.85662 18.01749 -21.44618
-13.93494 18.03963 -21.45157
-14.01344 18.06205 -21.45607
-14.0921 18.08472 -21.45972
-14.17089 18.10757 -21.46255
-14.24977 18.13058 -21.46459
-14.32872 18.15367 -21.46589
-14.40771 18.1768 -21.46648
-14.48671 18.19993 -21.46641
-14.56568 18.22301 -21.46569
-14.64461 18.24598 -21.46439
-14.72345 18.2688 -21.46252
-14.80219 18.29141 -21.46013
-14.88078 18.31378 -21.45725
-14.95921 18.33584 -21.45393
-15.03743 18.35755 -21.4502
-15.11543 18.37886 -21.44609
-15.19317 18.39972 -21.44165
-15.27062 18.42009 -21.4369
-15.34775 18.43991 -21.43189
-15.42454 18.45913 -21.42666
-15.50095 18.47771 -21.42124
-15.57695 18.49559 -21.41566
-15.65252 18.51273 -21.40997
-15.72762 18.52907 -21.40421
-15.80223 18.54457 -21.3984
-15.87631 18.55918 -21.39259
-15.94983 18.57285 -21.38681
-16.02278 18.58553 -21.38111
-16.09511 18.59717 -21.37551
-16.16679 18.60772 -21.37005
-16.2378 18.61713 -21.36478
-16.30811 18.62536 -21.35973
-16.37769 18.63235 -21.35493
-16.4465 18.63805 -21.35043
-16.51453 18.64242 -21.34626
-16.58173 18.6454 -21.34245
-16.64808 18.64695 -21.33905
-16.71355 18.64702 -21.33609
-16.77811 18.64556 -21.33361
-16.84173 18.64251 -21.33164
-16.90438 18.63784 -21.33022
-16.96604 18.63148 -21.3294
-17.02666 18.6234 -21.3292
-17.08623 18.61354 -21.32967
-17.1447 18.60185 -21.33083
-17.20206 18.58829 -21.33274
-17.25828 18.5728 -21.33541
-17.31331 18.55533 -21.3389
-17.36715 18.53584 -21.34324
-17.41974 18.51428 -21.34847
-17.47107 18.49059 -21.35462
-17.5211 18.46474 -21.36172
-17.54992 18.44849 -21.36637
-17.6016 18.41938 -21.37453
-17.65935 18.38863 -21.38263
-17.72298 18.35626 -21.39065
-17.79229 18.32229 -21.39858
-17.86711 18.28677 -21.4064
-17.94724 18.24971 -21.41412
-18.03251 18.21114 -21.4217
-18.12271 18.1711 -21.42915
-18.21767 18.12961 -21.43645
-18.3172 18.08671 -21.44359
-18.42111 18.04241 -21.45056
-18.52921 17.99675 -21.45734
-18.64133 17.94975 -21.46393
-18.75727 17.90145 -21.47031
-18.87684 17.85188 -21.47647
-18.99986 17.80105 -21.4824
-19.12613 17.74901 -21.48808
-19.25549 17.69577 -21.49352
-19.38773 17.64137 -21.49868
-19.52267 17.58584 -21.50357
-19.66013 17.5292 -21.50816
-19.79991 17.47149 -21.51246
-19.94183 17.41272 -21.51644
-20.08571 17.35294 -21.5201
-20.23135 17.29216 -21.52342
-20.37857 17.23042 -21.52639
-20.52719 17.16774 -21.52901
-20.67701 17.10416 -21.53124
-20.82786 17.0397 -21.5331
-20.97953 16.97439 -21.53456
-21.13185 16.90826 -21.53562
-21.28463 16.84134 -21.53625
-21.43768 16.77366 -21.53646
-21.59082 16.70524 -21.53622
-21.74386 16.63611 -21.53552
-21.8966 16.5663 -21.53437
-22.04888 16.49585 -21.53273
-22.20049 16.42477 -21.53061
-22.35125 16.3531 -21.52799
-22.50098 16.28087 -21.52485
-22.64948 16.2081 -21.52118
-22.79658 16.13482 -21.51699
-22.94208 16.06107 -21.51224
-23.0858 15.98686 -21.50694
-23.22755 15.91223 -21.50106
-23.36714 15.83721 -21.4946
-23.50439 15.76182 -21.48754
-23.63911 15.6861 -21.47988
-23.77112 15.61007 -21.4716
-23.90021 15.53376 -21.46269
-24.02622 15.4572 -21.45314
-24.14896 15.38042 -21.44294
-24.26823 15.30344 -21.43207
-24.38384 15.2263 -21.42052
-24.49563 15.14902 -21.40829
-24.60338 15.07164 -21.39535
-24.70693 14.99417 -21.3817
-24.80608 14.91665 -21.36733
-24.90064 14.83911 -21.35222
-24.99043 14.76158 -21.33637
-25.07527 14.68408 -21.31976
-25.15496 14.60664 -21.30237
-25.22932 14.52929 -21.2842
-25.29815 14.45207 -21.26524
-25.36129 14.37499 -21.24548
-25.41853 14.29809 -21.22489
-25.46969 14.22139 -21.20348
-25.51459 14.14493 -21.18122
-25.55303 14.06873 -21.15812
-25.58484 13.99282 -21.13414
-25.60037 13.94831 -21.11963
-25.62463 13.8731 -21.09401
-25.64864 13.7986 -21.06702
-25.67241 13.72481 -21.03868
-25.69593 13.65171 -21.00901
-25.71919 13.57932 -20.97806
-25.7422 13.50762 -20.94584
-25.76493 13.43661 -20.91239
-25.7874 13.3663 -20.87772
-25.80959 13.29668 -20.84186
-25.83149 13.22774 -20.80485
-25.85312 13.15949 -20.7667
-25.87445 13.09191 -20.72745
-25.89548 13.02502 -20.68712
-25.91622 12.9588 -20.64574
-25.93664 12.89325 -20.60334
-25.95676 12.82838 -20.55994
-25.97656 12.76417 -20.51556
-25.99604 12.70063 -20.47025
-26.01519 12.63775 -20.42401
-26.03401 12.57553 -20.37689
-26.05249 12.51397 -20.3289
-26.07064 12.45306 -20.28007
-26.08843 12.3928 -20.23044
-26.10588 12.3332 -20.18002
-26.12296 12.27424 -20.12884
-26.13969 12.21593 -20.07694
-26.15605 12.15825 -20.02433
-26.17204 12.10122 -19.97105
-26.18765 12.04482 -19.91712
-26.20288 11.98906 -19.86256
-26.21772 11.93393 -19.80741
-26.23217 11.87942 -19.75169
-26.24622 11.82554 -19.69543
-26.25987 11.77229 -19.63866
-26.27312 11.71966 -19.58139
-26.28595 11.66764 -19.52367
-26.29836 11.61624 -19.46551
-26.31036 11.56545 -19.40694
-26.32192 11.51528 -19.34799
-26.33306 11.46571 -19.28869
-26.34375 11.41674 -19.22906
-26.35401 11.36838 -19.16913
-26.36381 11.32062 -19.10892
-26.37317 11.27345 -19.04847
-26.38206 11.22688 -18.9878
-26.3905 11.18091 -18.92694
-26.39846 11.13552 -18.8659
-26.40596 11.09071 -18.80473
-26.41298 11.0465 -18.74345
-26.41951 11.00286 -18.68208
-26.42555 10.9598 -18.62065
-26.43111 10.91732 -18.55919
-26.43616 10.87541 -18.49772
-26.44072 10.83407 -18.43627
-26.44476 10.79331 -18.37488
-26.44829 10.7531 -18.31355
-26.45131 10.71346 -18.25233
-26.4538 10.67438 -18.19124
-26.45576 10.63586 -18.1303
-26.45719 10.5979 -18.06954
-26.45808 10.56048 -18.009
-26.45843 10.52362 -17.94868
-26.45823 10.4873 -17.88864
-26.45748 10.45153 -17.82888
-26.45617 10.4163 -17.76943
-26.45429 10.38161 -17.71033
-26.45185 10.34746 -17.6516
-26.44884 10.31384 -17.59327
-26.44524 10.28076 -17.53535
-26.44106 10.2482 -17.47789
-26.43833 10.22929 -17.44431
-26.4335 10.1972 -17.38787
-26.42865 10.1649 -17.33239
-26.42376 10.13242 -17.27782
-26.41885 10.09977 -17.22414
-26.41391 10.06697 -17.1713
-26.40894 10.03404 -17.11925
-26.40394 10.001 -17.06795
-26.39891 9.967856 -17.01736
-26.39384 9.934634 -16.96745
-26.38874 9.901352 -16.91815
-26.38361 9.868027 -16.86944
-26.37844 9.834676 -16.82127
-26.37324 9.801317 -16.7736
-26.368 9.767968 -16.72639
-26.36272 9.734648 -16.67958
-26.3574 9.701371 -16.63316
-26.35204 9.668159 -16.58706
-26.34664 9.635029 -16.54125
-26.3412 9.601996 -16.49568
-26.33571 9.569081 -16.45032
-26.33018 9.5363 -16.40512
-26.32461 9.503672 -16.36003
-26.31898 9.471212 -16.31503
-26.31332 9.438941 -16.27005
-26.30761 9.406876 -16.22507
-26.30184 9.375033 -16.18003
-26.29603 9.343432 -16.13491
-26.29017 9.312091 -16.08965
-26.28425 9.281024 -16.04421
-26.27829 9.250254 -15.99855
-26.27227 9.219795 -15.95263
-26.26619 9.189666 -15.90641
-26.26006 9.159885 -15.85984
-26.25387 9.13047 -15.81288
-26.24763 9.101438 -15.76549
-26.24133 9.072807 -15.71762
-26.23497 9.044595 -15.66924
-26.22855 9.016819 -15.62031
-26.22207 8.989498 -15.57077
-26.21553 8.96265 -15.52059
-26.20892 8.936292 -15.46972
-26.20225 8.91044 -15.41813
-26.19552 8.885115 -15.36577
-26.18872 8.860332 -15.3126
-26.18185 8.836112 -15.25858
-26.17492 8.81247 -15.20365
-26.16792 8.789425 -15.14779
-26.16085 8.766994 -15.09096
-26.15371 8.745195 -15.03309
-26.14649 8.724047 -14.97417
-26.13921 8.703567 -14.91413
-26.13185 8.683771 -14.85295
-26.12442 8.66468 -14.79057
-26.11691 8.646308 -14.72696
-26.10933 8.628677 -14.66208
-26.10167 8.611801 -14.59587
-26.09393 8.595701 -14.5283
-26.08611 8.580392 -14.45934
-26.07821 8.565894 -14.38892
-26.07024 8.552224 -14.31702
-26.06218 8.539398 -14.24359
-26.05404 8.527436 -14.16859
-26.04581 8.516356 -14.09197
-26.0375 8.506174 -14.01369
-26.02911 8.49691 -13.93372
-26.02062 8.488579 -13.85201
