-29.47502 16.48626 -2.950299
-29.34547 16.5073 -2.918846
-29.21825 16.52768 -2.887308
-29.09329 16.5474 -2.8557
-28.97051 16.56644 -2.824038
-28.84986 16.58479 -2.792341
-28.73125 16.60244 -2.760623
-28.61463 16.61939 -2.728902
-28.49992 16.63562 -2.697193
-28.38705 16.65112 -2.665515
-28.27595 16.66588 -2.633882
-28.16656 16.67989 -2.602312
-28.05881 16.69314 -2.570822
-27.95261 16.70563 -2.539427
-27.84792 16.71734 -2.508144
-27.74465 16.72826 -2.47699
-27.64273 16.73838 -2.445982
-27.54211 16.74769 -2.415135
-27.4427 16.75619 -2.384467
-27.34444 16.76385 -2.353994
-27.24726 16.77068 -2.323732
-27.1511 16.77666 -2.293699
-27.05587 16.78177 -2.263909
-26.96152 16.78602 -2.234381
-26.86796 16.78939 -2.20513
-26.77514 16.79187 -2.176174
-26.68299 16.79346 -2.147528
-26.59143 16.79413 -2.11921
-26.50039 16.79388 -2.091235
-26.40981 16.79271 -2.063621
-26.31961 16.79059 -2.036383
-26.22973 16.78752 -2.009539
-26.14011 16.7835 -1.983105
-26.05065 16.7785 -1.957097
-25.96131 16.77253 -1.931532
-25.87201 16.76556 -1.906426
-25.78267 16.7576 -1.881797
-25.69324 16.74862 -1.85766
-25.60364 16.73863 -1.834032
-25.51381 16.72761 -1.81093
-25.42366 16.71554 -1.78837
-25.33314 16.70243 -1.766369
-25.24217 16.68825 -1.744943
-25.15069 16.673 -1.724109
-25.05862 16.65668 -1.703883
-24.9659 16.63926 -1.684282
-24.87246 16.62074 -1.665322
-24.77822 16.60111 -1.64702
-24.68312 16.58036 -1.629393
-24.58709 16.55848 -1.612457
-24.49006 16.53546 -1.596228
-24.39196 16.51129 -1.580723
-24.29272 16.48595 -1.565959
-24.19227 16.45945 -1.551952
-24.09055 16.43176 -1.538719
-23.98748 16.40289 -1.526275
-23.88299 16.37281 -1.514639
-23.77701 16.34152 -1.503826
-23.66948 16.309 -1.493852
-23.56033 16.27526 -1.484735
-23.44948 16.24028 -1.476491
-23.33687 16.20404 -1.469136
-23.22242 16.16654 -1.462687
-23.10608 16.12777 -1.457161
-22.98776 16.08772 -1.452574
-22.8674 16.04637 -1.448942
-22.74493 16.00373 -1.446282
-22.62028 15.95977 -1.444611
-22.49339 15.91448 -1.443945
-22.39173 15.87785 -1.444139
-22.26272 15.83406 -1.445046
-22.13546 15.79658 -1.446448
-22.00993 15.76528 -1.44833
-21.88609 15.74 -1.450672
-21.76391 15.72061 -1.453459
-21.64337 15.70695 -1.456672
-21.52444 15.69888 -1.460295
-21.40708 15.69625 -1.46431
-21.29128 15.69893 -1.468699
-21.17699 15.70677 -1.473446
-21.0642 15.71961 -1.478532
-20.95287 15.73732 -1.483942
-20.84298 15.75975 -1.489656
-20.73449 15.78676 -1.495658
-20.62737 15.81819 -1.501931
-20.52161 15.85392 -1.508457
-20.41716 15.89378 -1.515219
-20.314 15.93764 -1.522199
-20.21211 15.98534 -1.52938
-20.11144 16.03675 -1.536745
-20.01198 16.09173 -1.544277
-19.9137 16.15011 -1.551957
-19.81656 16.21177 -1.559769
-19.72054 16.27655 -1.567696
-19.62561 16.34431 -1.57572
-19.53173 16.4149 -1.583823
-19.43889 16.48818 -1.591989
-19.34705 16.56401 -1.600199
-19.25618 16.64224 -1.608437
-19.16626 16.72272 -1.616685
-19.07725 16.8053 -1.624927
-18.98913 16.88986 -1.633143
-18.90187 16.97623 -1.641318
-18.81543 17.06427 -1.649434
-18.7298 17.15384 -1.657473
-18.64493 17.2448 -1.665419
-18.56081 17.33699 -1.673253
-18.47741 17.43028 -1.680959
-18.39468 17.52451 -1.688518
-18.31262 17.61955 -1.695915
-18.23118 17.71525 -1.70313
-18.15034 17.81145 -1.710148
-18.07007 17.90803 -1.716951
-17.99034 18.00483 -1.72352
-17.91112 18.1017 -1.72984
-17.83239 18.19851 -1.735892
-17.75411 18.2951 -1.74166
-17.67625 18.39134 -1.747126
-17.5988 18.48708 -1.752272
-17.52171 18.58216 -1.757081
-17.44496 18.67645 -1.761536
-17.36852 18.76981 -1.76562
-17.29236 18.86208 -1.769314
-17.21645 18.95312 -1.772603
-17.14077 19.04279 -1.775468
-17.06528 19.13094 -1.777892
-16.98996 19.21742 -1.779858
-16.91478 19.3021 -1.781348
-16.8397 19.38482 -1.782345
-16.76471 19.46545 -1.782832
-16.68976 19.54383 -1.782792
-16.61484 19.61982 -1.782206
-16.53991 19.69327 -1.781058
-16.46495 19.76405 -1.77933
-16.38992 19.832 -1.777005
-16.3148 19.89698 -1.774065
-16.23956 19.95885 -1.770494
-16.16416 20.01746 -1.766274
-16.08859 20.07266 -1.761387
-16.01281 20.12431 -1.755817
-15.96811 20.15298 -1.752213
-15.89239 20.1994 -1.745128
-15.81729 20.24345 -1.736571
-15.74281 20.28516 -1.726587
-15.66893 20.32459 -1.71522
-15.59564 20.36177 -1.702516
-15.52293 20.39676 -1.688519
-15.45079 20.42959 -1.673275
-15.3792 20.46032 -1.656828
-15.30815 20.48899 -1.639223
-15.23764 20.51564 -1.620506
-15.16765 20.54033 -1.600721
-15.09816 20.56309 -1.579914
-15.02917 20.58397 -1.558129
-14.96067 20.60302 -1.53541
-14.89264 20.62028 -1.511804
-14.82507 20.6358 -1.487355
-14.75795 20.64962 -1.462108
-14.69127 20.66179 -1.436108
-14.62501 20.67236 -1.4094
-14.55917 20.68137 -1.382029
-14.49373 20.68886 -1.354039
-14.42868 20.69488 -1.325477
-14.36401 20.69948 -1.296386
-14.2997 20.7027 -1.266811
-14.23575 20.70459 -1.236799
-14.17214 20.7052 -1.206393
-14.10886 20.70456 -1.175638
-14.04591 20.70272 -1.14458
-13.98326 20.69974 -1.113263
-13.92091 20.69565 -1.081733
-13.85884 20.6905 -1.050034
-13.79704 20.68433 -1.018211
-13.7355 20.6772 -0.98631
-13.67422 20.66915 -0.9543748
-13.61316 20.66021 -0.9224507
-13.55234 20.65045 -0.8905826
-13.49173 20.63989 -0.8588156
-13.43132 20.6286 -0.8271946
-13.3711 20.61661 -0.7957646
-13.31105 20.60398 -0.7645704
-13.25117 20.59073 -0.7336571
-13.19145 20.57693 -0.7030696
-13.13187 20.56262 -0.6728528
-13.07242 20.54783 -0.6430518
-13.01309 20.53263 -0.6137114
-12.95387 20.51704 -0.5848766
-12.89474 20.50113 -0.5565923
-12.8357 20.48493 -0.5289036
-12.77673 20.46848 -0.5018553
-12.71782 20.45185 -0.4754925
-12.65895 20.43506 -0.44986
-12.60012 20.41817 -0.4250028
-12.54132 20.40122 -0.4009659
-12.48253 20.38426 -0.3777942
-12.42374 20.36733 -0.3555327
-12.36494 20.35048 -0.3342263
-12.30612 20.33375 -0.3139199
-12.24726 20.31718 -0.2946587
-12.18836 20.30084 -0.2764873
-12.1294 20.28475 -0.2594509
-12.07037 20.26897 -0.2435944
-12.01126 20.25354 -0.2289627
-11.95205 20.23851 -0.2156008
-11.89274 20.22392 -0.2035537
-11.83331 20.20981 -0.1928662
-11.77376 20.19624 -0.1835833
-11.71406 20.18324 -0.1757501
-11.65421 20.17087 -0.1694114
-11.59419 20.15917 -0.1646122
-11.53401 20.14818 -0.1613974
-11.49851 20.14207 -0.1602646
-11.43696 20.13308 -0.1591531
-11.37317 20.12632 -0.1587127
-11.30722 20.1217 -0.1589605
-11.23921 20.11909 -0.1599139
-11.16923 20.11838 -0.16159
-11.09738 20.11946 -0.1640061
-11.02374 20.1222 -0.1671795
-10.94841 20.12649 -0.1711273
-10.87149 20.13222 -0.1758669
-10.79305 20.13927 -0.1814154
-10.71321 20.14752 -0.1877901
-10.63204 20.15687 -0.1950082
-10.54965 20.16718 -0.2030869
-10.46612 20.17836 -0.2120436
-10.38154 20.19028 -0.2218955
-10.29602 20.20283 -0.2326597
-10.20964 20.21588 -0.2443536
-10.12249 20.22933 -0.2569943
-10.03467 20.24307 -0.2705991
-9.946273 20.25697 -0.2851852
-9.857386 20.27091 -0.30077
-9.768105 20.28479 -0.3173705
-9.67852 20.29849 -0.3350042
-9.588726 20.31189 -0.3536881
-9.498816 20.32487 -0.3734395
-9.408879 20.33733 -0.3942757
-9.319012 20.34915 -0.416214
-9.229304 20.3602 -0.4392715
-9.13985 20.37037 -0.4634655
-9.05074 20.37956 -0.4888132
-8.96207 20.38763 -0.5153319
-8.87393 20.39449 -0.5430388
-8.786413 20.40001 -0.5719512
-8.699613 20.40407 -0.6020863
-8.613621 20.40656 -0.6334612
-8.528529 20.40737 -0.6660935
-8.444432 20.40638 -0.7
-8.361421 20.40347 -0.7351982
-8.279588 20.39853 -0.7717053
-8.199027 20.39144 -0.8095385
-8.11983 20.38208 -0.8487151
-8.042089 20.37035 -0.8892524
-7.965897 20.35613 -0.9311674
-7.891347 20.33929 -0.9744775
-7.818531 20.31973 -1.0192
-7.747542 20.29733 -1.065352
-7.678472 20.27197 -1.112951
-7.611414 20.24354 -1.162014
-7.546461 20.21192 -1.212558
-7.483704 20.177 -1.2646
-7.423238 20.13865 -1.318159
-7.365153 20.09678 -1.37325
-7.309543 20.05125 -1.429892
-7.256501 20.00195 -1.488101
-7.206118 19.94878 -1.547895
-7.158488 19.89161 -1.609291
-7.113703 19.83032 -1.672305
-7.071856 19.76481 -1.736957
-7.033039 19.69495 -1.803262
-6.997344 19.62063 -1.871238
-6.964865 19.54174 -1.940902
-6.935694 19.45815 -2.012272
-6.909923 19.36976 -2.085364
-6.887645 19.27645 -2.160196
-6.868953 19.1781 -2.236785
-6.85394 19.07459 -2.315148
-6.842696 18.96582 -2.395303
-6.835317 18.85166 -2.477267
-6.831892 18.73201 -2.561057
-6.832518 18.60673 -2.64669
-6.834814 18.53036 -2.697935
-6.842733 18.4016 -2.782448
-6.856142 18.27827 -2.860777
-6.874909 18.16026 -2.933084
-6.898908 18.04749 -2.99953
-6.928005 17.93984 -3.060277
-6.962073 17.83723 -3.115485
-7.00098 17.73955 -3.165317
-7.0446 17.6467 -3.209932
-7.092799 17.55859 -3.249494
-7.14545 17.47511 -3.284162
-7.202423 17.39616 -3.314098
-7.263587 17.32164 -3.339464
-7.328813 17.25147 -3.360421
-7.397972 17.18553 -3.377129
-7.470933 17.12372 -3.389752
-7.547567 17.06595 -3.398448
-7.627745 17.01212 -3.403382
-7.711336 16.96213 -3.404712
-7.79821 16.91587 -3.402601
-7.888238 16.87326 -3.397209
-7.981291 16.83418 -3.3887
-8.077239 16.79855 -3.377232
-8.175951 16.76625 -3.362968
-8.277299 16.7372 -3.34607
-8.381151 16.71128 -3.326698
-8.48738 16.68841 -3.305014
-8.595854 16.66849 -3.281178
-8.706445 16.6514 -3.255353
-8.819022 16.63706 -3.2277
-8.933455 16.62537 -3.19838
-9.049617 16.61622 -3.167553
-9.167376 16.60951 -3.135383
-9.286601 16.60515 -3.102029
-9.407165 16.60304 -3.067653
-9.528936 16.60308 -3.032417
-9.651788 16.60516 -2.996481
-9.775586 16.60919 -2.960007
-9.900205 16.61507 -2.923157
-10.02551 16.6227 -2.886091
-10.15138 16.63198 -2.848972
-10.27768 16.64281 -2.811959
-10.40427 16.6551 -2.775215
-10.53104 16.66873 -2.738901
-10.65785 16.68361 -2.703178
-10.78457 16.69965 -2.668207
-10.91107 16.71674 -2.63415
-11.03722 16.73479 -2.601168
-11.16289 16.75368 -2.569422
-11.28796 16.77334 -2.539075
-11.41228 16.79365 -2.510285
-11.53575 16.81451 -2.483217
-11.65821 16.83584 -2.458029
-11.77955 16.85752 -2.434885
-11.89962 16.87945 -2.413944
-12.01832 16.90155 -2.395369
-12.1355 16.9237 -2.379321
-12.25103 16.94581 -2.365961
-12.36478 16.96778 -2.35545
-12.47664 16.98952 -2.34795
-12.58645 17.01091 -2.343621
-12.6941 17.03187 -2.342626
-12.79946 17.05228 -2.345125
-12.90239 17.07207 -2.35128
-13.00277 17.09111 -2.361252
-13.10047 17.10931 -2.375203
-13.19535 17.12659 -2.393293
-13.28729 17.14282 -2.415685
-13.37616 17.15792 -2.442538
-13.46182 17.17179 -2.474015
-13.54416 17.18432 -2.510278
-13.59098 17.19103 -2.533911
-13.66946 17.20089 -2.574643
-13.74777 17.20857 -2.613575
-13.82587 17.2141 -2.650752
-13.90375 17.21752 -2.686219
-13.98137 17.21887 -2.720021
-14.05872 17.2182 -2.752202
-14.13576 17.21555 -2.782806
-14.21248 17.21096 -2.811878
-14.28886 17.20447 -2.839464
-14.36485 17.19613 -2.865606
-14.44045 17.18596 -2.89035
-14.51563 17.17402 -2.913741
-14.59035 17.16035 -2.935822
-14.66461 17.14498 -2.95664
-14.73837 17.12796 -2.976237
-14.81161 17.10933 -2.994658
-14.8843 17.08914 -3.01195
-14.95642 17.06742 -3.028155
-15.02795 17.04421 -3.043319
-15.09886 17.01956 -3.057485
-15.16912 16.99351 -3.070699
-15.23872 16.96609 -3.083006
-15.30762 16.93736 -3.094449
-15.37581 16.90734 -3.105073
-15.44326 16.87609 -3.114923
-15.50994 16.84365 -3.124044
-15.57582 16.81005 -3.132479
-15.6409 16.77533 -3.140275
-15.70513 16.73955 -3.147474
-15.76851 16.70273 -3.154122
-15.83099 16.66493 -3.160264
-15.89256 16.62618 -3.165943
-15.95319 16.58652 -3.171205
-16.01286 16.546 -3.176094
-16.07154 16.50466 -3.180655
-16.12922 16.46253 -3.184931
-16.18585 16.41967 -3.188969
-16.24143 16.3761 -3.192811
-16.29593 16.33188 -3.196504
-16.34931 16.28704 -3.200092
-16.40156 16.24163 -3.203618
-16.45266 16.19568 -3.207128
-16.50257 16.14924 -3.210666
-16.55127 16.10236 -3.214277
-16.59875 16.05506 -3.218005
-16.64496 16.00739 -3.221895
-16.6899 15.9594 -3.225992
-16.73353 15.91112 -3.23034
-16.77584 15.8626 -3.234983
-16.81679 15.81388 -3.239967
-16.85636 15.765 -3.245336
-16.89453 15.71599 -3.251133
-16.93127 15.66691 -3.257405
-16.96656 15.6178 -3.264195
-17.00037 15.56868 -3.271549
-17.03269 15.51962 -3.27951
-17.06347 15.47064 -3.288124
-17.09271 15.42179 -3.297434
-17.12038 15.37311 -3.307485
-17.14645 15.32465 -3.318323
-17.17089 15.27643 -3.329991
-17.19368 15.22851 -3.342534
-17.21481 15.18093 -3.355997
-17.23423 15.13372 -3.370424
-17.25194 15.08694 -3.38586
-17.2679 15.04061 -3.402349
-17.28209 14.99479 -3.419937
-17.29449 14.9495 -3.438667
-17.30506 14.90481 -3.458584
-17.3138 14.86074 -3.479733
-17.31806 14.83512 -3.492768
-17.32351 14.79244 -3.515171
-17.3265 14.75108 -3.537303
-17.32708 14.71101 -3.559163
-17.32528 14.67219 -3.58075
-17.32117 14.63461 -3.60206
-17.31478 14.59821 -3.623094
-17.30617 14.56299 -3.643849
-17.29538 14.5289 -3.664325
-17.28246 14.49592 -3.684518
-17.26747 14.46401 -3.704429
-17.25045 14.43316 -3.724054
-17.23144 14.40331 -3.743394
-17.21049 14.37446 -3.762446
-17.18766 14.34655 -3.781208
-17.16299 14.31958 -3.79968
-17.13653 14.2935 -3.817859
-17.10833 14.26829 -3.835745
-17.07843 14.24391 -3.853335
-17.04688 14.22034 -3.870627
-17.01374 14.19754 -3.887622
-16.97904 14.17549 -3.904316
-16.94285 14.15415 -3.920709
-16.9052 14.1335 -3.936798
-16.86614 14.1135 -3.952582
-16.82572 14.09413 -3.968061
-16.78399 14.07536 -3.983232
-16.74101 14.05714 -3.998093
-16.6968 14.03947 -4.012643
-16.65144 14.02229 -4.026881
-16.60495 14.00559 -4.040805
-16.55739 13.98934 -4.054413
-16.50882 13.9735 -4.067705
-16.45926 13.95805 -4.080677
-16.40879 13.94294 -4.093329
-16.35744 13.92816 -4.10566
-16.30525 13.91368 -4.117668
-16.25229 13.89946 -4.129351
-16.19859 13.88547 -4.140708
-16.14421 13.87169 -4.151736
-16.08919 13.85808 -4.162436
-16.03358 13.84461 -4.172804
-15.97743 13.83125 -4.18284
-15.92079 13.81798 -4.192542
-15.8637 13.80477 -4.201908
-15.80622 13.79157 -4.210937
-15.74838 13.77837 -4.219627
-15.69025 13.76513 -4.227978
-15.63187 13.75182 -4.235986
-15.57328 13.73842 -4.243651
-15.51453 13.72488 -4.250972
-15.45568 13.71119 -4.257946
-15.39676 13.69732 -4.264573
-15.33784 13.68322 -4.270849
-15.27895 13.66888 -4.276775
-15.22015 13.65425 -4.282348
-15.16147 13.63932 -4.287567
-15.10298 13.62405 -4.29243
-15.04472 13.60842 -4.296937
-14.98673 13.59238 -4.301085
-14.92907 13.57592 -4.304872
-14.87178 13.55899 -4.308297
-14.81491 13.54158 -4.31136
-14.75851 13.52365 -4.314057
-14.70263 13.50517 -4.316388
-14.64731 13.48611 -4.318351
-14.5926 13.46644 -4.319944
-14.53856 13.44613 -4.321167
-14.48522 13.42516 -4.322017
-14.43265 13.40348 -4.322493
-14.38088 13.38107 -4.322593
-14.35081 13.36754 -4.322475
-14.30065 13.34494 -4.322874
-14.25179 13.32359 -4.324672
-14.20415 13.30348 -4.327844
-14.15766 13.28459 -4.332362
-14.11224 13.26688 -4.338201
-14.06783 13.25034 -4.345334
-14.02433 13.23494 -4.353734
-13.98169 13.22067 -4.363376
-13.93981 13.2075 -4.374232
-13.89863 13.19541 -4.386277
-13.85807 13.18438 -4.399483
-13.81805 13.17439 -4.413825
-13.7785 13.16541 -4.429275
-13.73934 13.15742 -4.445807
-13.70049 13.1504 -4.463397
-13.66189 13.14434 -4.482015
-13.62345 13.1392 -4.501637
-13.58509 13.13496 -4.522234
-13.54675 13.13161 -4.543783
-13.50835 13.12911 -4.566255
-13.4698 13.12746 -4.589624
-13.43104 13.12662 -4.613864
-13.39199 13.12658 -4.638948
-13.35257 13.12732 -4.664851
-13.31271 13.1288 -4.691545
-13.27233 13.13101 -4.719004
-13.23135 13.13394 -4.747201
-13.1897 13.13754 -4.776111
-13.14731 13.14181 -4.805706
-13.10409 13.14673 -4.83596
-13.05998 13.15226 -4.866847
-13.01489 13.15839 -4.898341
-12.96875 13.1651 -4.930414
-12.92148 13.17236 -4.963041
-12.87302 13.18015 -4.996195
-12.82327 13.18846 -5.029849
-12.77217 13.19725 -5.063977
-12.71964 13.20651 -5.098553
-12.66561 13.21621 -5.133551
-12.61 13.22634 -5.168942
-12.55273 13.23687 -5.204703
-12.49372 13.24778 -5.240805
-12.43291 13.25904 -5.277222
-12.37021 13.27064 -5.313928
-12.30555 13.28255 -5.350897
-12.23886 13.29475 -5.388102
-12.17005 13.30723 -5.425516
-12.09905 13.31995 -5.463114
-12.02579 13.33289 -5.500868
-11.9502 13.34604 -5.538752
-11.87218 13.35938 -5.57674
-11.79167 13.37287 -5.614805
-11.7086 13.3865 -5.652922
-11.62288 13.40024 -5.691062
-11.53444 13.41408 -5.729201
-11.44321 13.42799 -5.767311
-11.34911 13.44196 -5.805367
-11.25206 13.45595 -5.84334
-11.15199 13.46994 -5.881207
-11.04882 13.48393 -5.918938
-10.94247 13.49787 -5.95651
-10.83287 13.51176 -5.993893
-10.71995 13.52556 -6.031063
-10.60363 13.53926 -6.067994
-10.48382 13.55284 -6.104657
-10.36047 13.56627 -6.141027
-10.23348 13.57953 -6.177079
-10.10279 13.5926 -6.212785
-9.96832 13.60545 -6.248117
-9.829989 13.61808 -6.283051
-9.746779 13.62538 -6.303406
-9.606938 13.63726 -6.338454
-9.472593 13.64823 -6.374648
-9.343685 13.6583 -6.411975
-9.220146 13.6675 -6.450423
-9.101917 13.67583 -6.489977
-8.988935 13.68332 -6.530625
-8.881137 13.68998 -6.572355
-8.77846 13.69582 -6.615153
-8.68084 13.70088 -6.659008
-8.588215 13.70516 -6.703905
-8.500523 13.70868 -6.749831
-8.417701 13.71146 -6.796774
-8.339686 13.71351 -6.844722
-8.266417 13.71485 -6.893661
-8.197828 13.71551 -6.943579
-8.133859 13.71548 -6.994462
-8.074446 13.71481 -7.046297
-8.019526 13.71349 -7.099072
-7.969037 13.71155 -7.152774
-7.922916 13.709 -7.20739
-7.8811 13.70587 -7.262908
-7.843527 13.70216 -7.319314
-7.810134 13.6979 -7.376595
-7.780858 13.6931 -7.434738
-7.755636 13.68778 -7.493731
-7.734406 13.68196 -7.55356
-7.717104 13.67565 -7.614214
-7.70367 13.66887 -7.675679
-7.694038 13.66164 -7.737942
-7.688147 13.65398 -7.80099
-7.685933 13.6459 -7.86481
-7.687335 13.63741 -7.92939
-7.69229 13.62854 -7.994717
-7.700734 13.61931 -8.060778
-7.712605 13.60972 -8.127559
-7.727841 13.59981 -8.195048
-7.746378 13.58958 -8.263232
-7.768154 13.57905 -8.332099
-7.793106 13.56823 -8.401635
-7.82117 13.55716 -8.471828
-7.852286 13.54583 -8.542664
-7.88639 13.53428 -8.614131
-7.923419 13.52251 -8.686215
-7.96331 13.51055 -8.758905
-8.006001 13.49841 -8.832187
-8.051428 13.4861 -8.906049
-8.09953 13.47365 -8.980476
-8.150244 13.46107 -9.055457
-8.203505 13.44839 -9.130979
-8.259253 13.43561 -9.207028
-8.317424 13.42275 -9.283593
-8.377955 13.40983 -9.36066
-8.440784 13.39687 -9.438215
-8.505849 13.38388 -9.516248
-8.573086 13.37089 -9.594742
-8.642431 13.35791 -9.673688
-8.713825 13.34495 -9.753072
-8.787202 13.33203 -9.83288
-8.862499 13.31917 -9.9131
-8.939656 13.30639 -9.99372
-9.018609 13.29371 -10.07472
-9.099296 13.28113 -10.1561
-9.181652 13.26869 -10.23784
-9.265615 13.25639 -10.31993
-9.351125 13.24425 -10.40235
-9.438115 13.23229 -10.48509
-9.526526 13.22052 -10.56814
-9.616293 13.20898 -10.65149
-9.707354 13.19766 -10.73512
-9.799646 13.18659 -10.81903
-9.854491 13.1802 -10.8685
-9.947596 13.16943 -10.95143
-10.03979 13.1587 -11.03191
-10.13109 13.148 -11.10998
-10.22151 13.13733 -11.18573
-10.31107 13.12668 -11.25922
-10.39977 13.11605 -11.3305
-10.48764 13.10544 -11.39966
-10.57468 13.09484 -11.46674
-10.66092 13.08426 -11.53182
-10.74636 13.07368 -11.59496
-10.83103 13.0631 -11.65623
-10.91493 13.05252 -11.71569
-10.99808 13.04193 -11.77341
-11.0805 13.03134 -11.82944
-11.1622 13.02074 -11.88387
-11.24319 13.01013 -11.93675
-11.32349 12.99949 -11.98814
-11.40311 12.98884 -12.03812
-11.48207 12.97816 -12.08674
-11.56039 12.96745 -12.13408
-11.63807 12.95671 -12.18019
-11.71513 12.94594 -12.22514
-11.79158 12.93512 -12.269
-11.86745 12.92427 -12.31184
-11.94275 12.91337 -12.35371
-12.01748 12.90242 -12.39468
-12.09166 12.89141 -12.43482
-12.16532 12.88035 -12.47419
-12.23846 12.86924 -12.51287
-12.31109 12.85805 -12.5509
-12.38324 12.84681 -12.58836
-12.45491 12.83549 -12.62531
-12.52613 12.8241 -12.66183
-12.5969 12.81263 -12.69796
-12.66724 12.80108 -12.73378
-12.73716 12.78945 -12.76935
-12.80669 12.77773 -12.80475
-12.87583 12.76592 -12.84002
-12.94459 12.75401 -12.87525
-13.013 12.74201 -12.91048
-13.08107 12.7299 -12.9458
-13.14881 12.7177 -12.98126
-13.21624 12.70538 -13.01692
-13.28336 12.69295 -13.05286
-13.35021 12.68041 -13.08914
-13.41678 12.66774 -13.12582
-13.48309 12.65496 -13.16297
-13.54917 12.64205 -13.20066
-13.61502 12.62901 -13.23894
-13.68066 12.61584 -13.27788
-13.7461 12.60253 -13.31756
-13.81135 12.58909 -13.35803
-13.87644 12.5755 -13.39935
-13.94138 12.56176 -13.4416
-14.00618 12.54788 -13.48484
-14.07085 12.53384 -13.52914
-14.13541 12.51964 -13.57455
-14.19987 12.50529 -13.62115
-14.26426 12.49077 -13.66899
-14.32858 12.47608 -13.71815
-14.39284 12.46122 -13.76869
-14.45707 12.44619 -13.82067
-14.52128 12.43098 -13.87417
-14.58547 12.41559 -13.92923
-14.64968 12.40002 -13.98594
-14.7139 12.38425 -14.04435
-14.77816 12.3683 -14.10453
-14.84247 12.35215 -14.16654
-14.90684 12.3358 -14.23046
-14.97129 12.31925 -14.29634
-15.00925 12.30942 -14.33604
-15.07245 12.29313 -14.40396
-15.13295 12.2778 -14.47155
-15.19076 12.26341 -14.53878
-15.24591 12.24995 -14.60563
-15.29842 12.23742 -14.67208
-15.34828 12.22579 -14.73812
-15.39553 12.21506 -14.80372
-15.44019 12.20522 -14.86887
-15.48225 12.19625 -14.93353
-15.52175 12.18815 -14.99771
-15.5587 12.18089 -15.06136
-15.59311 12.17447 -15.12449
-15.625 12.16888 -15.18706
-15.6544 12.1641 -15.24905
-15.6813 12.16012 -15.31045
-15.70574 12.15694 -15.37124
-15.72772 12.15453 -15.4314
-15.74727 12.15289 -15.4909
-15.7644 12.15201 -15.54974
-15.77912 12.15186 -15.60787
-15.79146 12.15245 -15.66531
-15.80142 12.15376 -15.722
-15.80903 12.15578 -15.77795
-15.81431 12.15849 -15.83313
-15.81726 12.16188 -15.88752
-15.8179 12.16595 -15.9411
-15.81626 12.17068 -15.99385
-15.81234 12.17605 -16.04575
-15.80617 12.18206 -16.09678
-15.79776 12.1887 -16.14693
-15.78712 12.19594 -16.19617
-15.77428 12.20379 -16.24448
-15.75925 12.21223 -16.29185
-15.74204 12.22124 -16.33825
-15.72267 12.23082 -16.38366
-15.70117 12.24095 -16.42807
-15.67753 12.25162 -16.47145
-15.65179 12.26282 -16.51379
-15.62396 12.27454 -16.55507
-15.59405 12.28676 -16.59526
-15.56209 12.29948 -16.63435
-15.52807 12.31268 -16.67232
-15.49203 12.32635 -16.70914
-15.45399 12.34048 -16.7448
-15.41394 12.35505 -16.77928
-15.37193 12.37005 -16.81255
-15.32794 12.38548 -16.84461
-15.28202 12.40132 -16.87543
-15.23417 12.41756 -16.90498
-15.1844 12.43419 -16.93326
-15.13274 12.45118 -16.96024
-15.0792 12.46855 -16.98589
-15.0238 12.48626 -17.01021
-14.96655 12.50431 -17.03317
-14.90747 12.52269 -17.05475
-14.84657 12.54139 -17.07494
-14.78388 12.56038 -17.09371
-14.71941 12.57967 -17.11103
-14.65318 12.59925 -17.12691
-14.58519 12.61908 -17.14131
-14.51548 12.63918 -17.15421
-14.44405 12.65951 -17.1656
-14.37092 12.68008 -17.17546
-14.29611 12.70087 -17.18375
-14.21963 12.72187 -17.19048
-14.14151 12.74307 -17.19561
-14.06174 12.76445 -17.19913
-13.98037 12.786 -17.20101
-13.89739 12.80771 -17.20124
-13.81283 12.82958 -17.1998
-13.76235 12.8425 -17.19817
-13.67505 12.86436 -17.19424
-13.58578 12.88591 -17.18905
-13.49462 12.90719 -17.18267
-13.40169 12.92822 -17.17516
-13.3071 12.94902 -17.16657
-13.21093 12.96962 -17.15698
-13.11331 12.99005 -17.14644
-13.01434 13.01033 -17.13502
-12.91412 13.03049 -17.12278
-12.81275 13.05054 -17.10977
-12.71035 13.07052 -17.09607
-12.60701 13.09046 -17.08173
-12.50284 13.11036 -17.06682
-12.39795 13.13027 -17.05139
-12.29243 13.1502 -17.03551
-12.18641 13.17019 -17.01925
-12.07997 13.19024 -17.00266
-11.97323 13.2104 -16.98581
-11.86629 13.23069 -16.96875
-11.75926 13.25112 -16.95156
-11.65223 13.27174 -16.93429
-11.54532 13.29255 -16.917
-11.43863 13.31359 -16.89976
-11.33227 13.33488 -16.88262
-11.22634 13.35644 -16.86566
-11.12094 13.37831 -16.84893
-11.01618 13.4005 -16.8325
-10.91217 13.42304 -16.81642
-10.809 13.44596 -16.80076
-10.70679 13.46928 -16.78558
-10.60564 13.49303 -16.77094
-10.50565 13.51723 -16.75691
-10.40694 13.5419 -16.74355
-10.3096 13.56707 -16.73091
-10.21373 13.59278 -16.71906
-10.11945 13.61903 -16.70807
-10.02686 13.64586 -16.69799
-9.936067 13.67329 -16.68889
-9.84717 13.70134 -16.68083
-9.760277 13.73005 -16.67387
-9.675493 13.75944 -16.66807
-9.592922 13.78952 -16.6635
-9.51267 13.82034 -16.66022
-9.434841 13.8519 -16.65828
-9.359541 13.88424 -16.65776
-9.286874 13.91738 -16.65871
-9.216946 13.95135 -16.66119
-9.14986 13.98617 -16.66528
-9.085723 14.02187 -16.67102
-9.024639 14.05847 -16.67848
-8.966714 14.096 -16.68773
-8.91205 14.13448 -16.69882
-8.860755 14.17393 -16.71182
-8.812933 14.21439 -16.72679
-8.768688 14.25587 -16.7438
-8.728127 14.29841 -16.76289
-8.691351 14.34202 -16.78415
-8.65847 14.38674 -16.80761
-8.629584 14.43258 -16.83336
-8.604802 14.47958 -16.86146
-8.584227 14.52775 -16.89195
-8.567965 14.57713 -16.92492
-8.556118 14.62773 -16.96041
-8.548795 14.67958 -16.99849
-8.546099 14.73271 -17.03922
-8.548133 14.78715 -17.08267
-8.555004 14.84291 -17.12889
-8.566818 14.90002 -17.17795
-8.583678 14.95851 -17.22992
-8.60569 15.01841 -17.28484
-8.621088 15.05431 -17.31856
-8.648298 15.11475 -17.37681
-8.674498 15.17322 -17.43513
-8.699731 15.22974 -17.49348
-8.724046 15.28436 -17.55188
-8.74749 15.3371 -17.61028
-8.770106 15.388 -17.6687
-8.791946 15.4371 -17.7271
-8.813053 15.48444 -17.78548
-8.833476 15.53005 -17.84383
-8.853262 15.57396 -17.90212
-8.872456 15.61621 -17.96034
-8.891104 15.65684 -18.01849
-8.909256 15.69588 -18.07654
-8.926956 15.73336 -18.13449
-8.944253 15.76934 -18.19231
-8.961193 15.80383 -18.25
-8.977821 15.83687 -18.30754
-8.994186 15.8685 -18.36491
-9.010334 15.89876 -18.42211
-9.026312 15.92768 -18.47912
-9.042168 15.9553 -18.53592
-9.057945 15.98165 -18.5925
-9.073692 16.00677 -18.64884
-9.089458 16.03069 -18.70494
-9.105288 16.05345 -18.76078
-9.121227 16.07509 -18.81634
-9.137323 16.09563 -18.87162
-9.153624 16.11513 -18.92659
-9.170176 16.1336 -18.98124
-9.187025 16.15109 -19.03556
-9.204219 16.16764 -19.08953
-9.221805 16.18327 -19.14315
-9.239827 16.19802 -19.19639
-9.258336 16.21194 -19.24924
-9.277375 16.22506 -19.30169
-9.296992 16.2374 -19.35373
-9.317236 16.24901 -19.40534
-9.338151 16.25992 -19.4565
-9.359784 16.27017 -19.50721
-9.382185 16.27979 -19.55745
-9.405396 16.28882 -19.60719
-9.429466 16.2973 -19.65645
-9.454443 16.30525 -19.70518
-9.480372 16.31272 -19.75339
-9.5073 16.31975 -19.80106
-9.535276 16.32636 -19.84817
-9.564343 16.33259 -19.89471
-9.594552 16.33848 -19.94067
-9.625946 16.34406 -19.98603
-9.658573 16.34938 -20.03078
-9.692482 16.35446 -20.07491
-9.727716 16.35934 -20.11839
-9.764324 16.36405 -20.16123
-9.802354 16.36864 -20.20339
-9.841849 16.37313 -20.24487
-9.882861 16.37757 -20.28566
-9.925432 16.38199 -20.32574
-9.96961 16.38642 -20.3651
-10.01544 16.3909 -20.40371
-10.06298 16.39547 -20.44158
-10.11226 16.40016 -20.47868
-10.16334 16.405 -20.515
-10.21626 16.41004 -20.55053
-10.27106 16.4153 -20.58525
-10.32781 16.42083 -20.61914
-10.38653 16.42665 -20.65221
-10.44728 16.43281 -20.68442
-10.51011 16.43935 -20.71577
-10.57506 16.44628 -20.74624
-10.64218 16.45366 -20.77583
-10.6827 16.45822 -20.79281
-10.75329 16.46694 -20.82123
-10.82594 16.47726 -20.84931
-10.90058 16.48911 -20.87705
-10.97715 16.50245 -20.90445
-11.05558 16.51719 -20.93151
-11.1358 16.53329 -20.95823
-11.21773 16.55068 -20.98462
-11.30132 16.5693 -21.01067
-11.38649 16.58908 -21.03639
-11.47317 16.60998 -21.06178
-11.56129 16.63192 -21.08684
-11.65079 16.65484 -21.11158
-11.7416 16.67868 -21.13598
-11.83365 16.70339 -21.16007
-11.92686 16.72889 -21.18383
-12.02118 16.75513 -21.20727
-12.11652 16.78205 -21.23038
-12.21283 16.80958 -21.25319
-12.31003 16.83766 -21.27567
-12.40806 16.86623 -21.29784
-12.50684 16.89524 -21.3197
-12.60631 16.92461 -21.34124
-12.7064 16.95428 -21.36248
-12.80704 16.9842 -21.3834
-12.90816 17.01431 -21.40402
-13.00969 17.04453 -21.42434
-13.11156 17.07481 -21.44435
-13.21371 17.1051 -21.46406
-13.31606 17.13531 -21.48346
-13.41855 17.16541 -21.50257
-13.5211 17.19532 -21.52138
-13.62366 17.22498 -21.5399
-13.72615 17.25433 -21.55812
-13.82849 17.28331 -21.57605
-13.93063 17.31186 -21.59368
-14.0325 17.33991 -21.61103
-14.13401 17.3674 -21.62809
-14.23512 17.39428 -21.64486
-14.33574 17.42048 -21.66135
-14.43581 17.44594 -21.67756
-14.53526 17.4706 -21.69348
-14.63402 17.49439 -21.70913
-14.73202 17.51726 -21.72449
-14.82919 17.53914 -21.73958
-14.92547 17.55997 -21.75439
-15.02078 17.5797 -21.76893
-15.11507 17.59825 -21.7832
-15.20824 17.61556 -21.7972
-15.30025 17.63159 -21.81093
-15.39102 17.64626 -21.82439
-15.48048 17.6595 -21.83758
-15.56856 17.67127 -21.85051
-15.65519 17.6815 -21.86318
-15.74031 17.69012 -21.87559
-15.82384 17.69709 -21.88774
-15.90572 17.70232 -21.89963
-15.98588 17.70577 -21.91126
-16.06425 17.70737 -21.92265
-16.14076 17.70706 -21.93377
-16.21534 17.70477 -21.94465
-16.28793 17.70046 -21.95527
-16.35845 17.69404 -21.96565
-16.42683 17.68548 -21.97578
-16.49301 17.67469 -21.98567
-16.55692 17.66162 -21.99531
-16.61849 17.64621 -22.00471
-16.67765 17.6284 -22.01387
-16.73433 17.60812 -22.02279
-16.78846 17.58532 -22.03147
-16.83997 17.55993 -22.03992
-16.86903 17.54376 -22.04478
-16.92096 17.51545 -22.0523
-16.97943 17.48706 -22.05849
-17.04424 17.45857 -22.06337
-17.11519 17.42996 -22.06697
-17.19208 17.40122 -22.06931
-17.27471 17.37233 -22.07041
-17.36287 17.34328 -22.07031
-17.45638 17.31404 -22.06903
-17.55502 17.28459 -22.0666
-17.65859 17.25493 -22.06303
-17.7669 17.22503 -22.05836
-17.87975 17.19488 -22.0526
-17.99693 17.16445 -22.04579
-18.11824 17.13374 -22.03795
-18.24348 17.10273 -22.02911
-18.37245 17.07139 -22.01928
-18.50495 17.03972 -22.0085
-18.64078 17.00768 -21.99679
-18.77975 16.97528 -21.98417
-18.92163 16.94248 -21.97068
-19.06625 16.90928 -21.95633
-19.21339 16.87565 -21.94115
-19.36286 16.84158 -21.92517
-19.51445 16.80705 -21.90841
-19.66797 16.77205 -21.8909
-19.82321 16.73655 -21.87266
-19.97997 16.70054 -21.85371
-20.13806 16.664 -21.83409
-20.29727 16.62692 -21.81381
-20.45739 16.58928 -21.79291
-20.61824 16.55105 -21.7714
-20.77961 16.51224 -21.74932
-20.94129 16.4728 -21.72669
-21.10309 16.43274 -21.70352
-21.26481 16.39203 -21.67986
-21.42624 16.35065 -21.65572
-21.58719 16.3086 -21.63112
-21.74746 16.26584 -21.60611
-21.90683 16.22237 -21.58069
-22.06512 16.17816 -21.55489
-22.22213 16.1332 -21.52875
-22.37764 16.08748 -21.50227
-22.53147 16.04097 -21.4755
-22.6834 15.99366 -21.44845
-22.83324 15.94552 -21.42116
-22.9808 15.89656 -21.39363
-23.12586 15.84674 -21.36591
-23.26822 15.79604 -21.33802
-23.4077 15.74446 -21.30997
-23.54408 15.69198 -21.2818
-23.67716 15.63857 -21.25353
-23.80675 15.58423 -21.22519
-23.93264 15.52893 -21.1968
-24.05463 15.47265 -21.16838
-24.17253 15.41538 -21.13997
-24.28613 15.35711 -21.11158
-24.39522 15.29781 -21.08325
-24.49962 15.23747 -21.05499
-24.59911 15.17607 -21.02684
-24.69351 15.11359 -20.99881
-24.7826 15.05002 -20.97094
-24.86618 14.98534 -20.94324
-24.94407 14.91953 -20.91575
-25.01604 14.85257 -20.88848
-25.08191 14.78446 -20.86147
-25.14148 14.71516 -20.83474
-25.19454 14.64467 -20.80831
-25.24089 14.57296 -20.78221
-25.28033 14.50002 -20.75646
-25.31266 14.42584 -20.7311
-25.32828 14.38161 -20.71636
-25.35244 14.30597 -20.69104
-25.37619 14.23018 -20.66493
-25.39953 14.15428 -20.63803
-25.42244 14.07828 -20.61037
-25.44494 14.0022 -20.58195
-25.46703 13.92607 -20.55278
-25.48869 13.84991 -20.52287
-25.50994 13.77374 -20.49223
-25.53078 13.69758 -20.46087
-25.5512 13.62145 -20.42879
-25.5712 13.54539 -20.39602
-25.59078 13.4694 -20.36255
-25.60995 13.39351 -20.3284
-25.62871 13.31775 -20.29358
-25.64705 13.24213 -20.2581
-25.66497 13.16668 -20.22197
-25.68248 13.09142 -20.1852
-25.69957 13.01637 -20.14779
-25.71625 12.94156 -20.10976
-25.73252 12.86701 -20.07112
-25.74836 12.79273 -20.03187
-25.76379 12.71875 -19.99203
-25.77881 12.64509 -19.95161
-25.79342 12.57178 -19.91061
-25.80761 12.49884 -19.86905
-25.82138 12.42629 -19.82693
-25.83474 12.35415 -19.78427
-25.84768 12.28244 -19.74108
-25.86021 12.21119 -19.69736
-25.87233 12.14041 -19.65312
-25.88404 12.07014 -19.60839
-25.89532 12.00039 -19.56315
-25.9062 11.93118 -19.51743
-25.91666 11.86254 -19.47123
-25.92671 11.79449 -19.42457
-25.93634 11.72704 -19.37745
-25.94556 11.66024 -19.32988
-25.95437 11.59408 -19.28188
-25.96276 11.52861 -19.23345
-25.97074 11.46383 -19.1846
-25.97831 11.39977 -19.13534
-25.98547 11.33646 -19.08569
-25.99221 11.27392 -19.03565
-25.99854 11.21216 -18.98523
-26.00445 11.15121 -18.93444
-26.00995 11.0911 -18.8833
-26.01505 11.03184 -18.8318
-26.01972 10.97345 -18.77997
-26.02399 10.91597 -18.7278
-26.02784 10.8594 -18.67532
-26.03128 10.80378 -18.62253
-26.03432 10.74913 -18.56944
-26.03693 10.69546 -18.51605
-26.03914 10.6428 -18.46239
-26.04093 10.59117 -18.40846
-26.04231 10.5406 -18.35426
-26.04328 10.4911 -18.29982
-26.04384 10.4427 -18.24513
-26.04399 10.39542 -18.19022
-26.04373 10.34929 -18.13508
-26.04305 10.30432 -18.07973
-26.04197 10.26053 -18.02417
-26.04047 10.21796 -17.96843
-26.03856 10.17661 -17.9125
-26.03624 10.13652 -17.8564
-26.03351 10.0977 -17.80013
-26.03037 10.06018 -17.74372
-26.02682 10.02399 -17.68716
-26.02286 9.989128 -17.63046
-26.01849 9.955635 -17.57365
-26.01572 9.936578 -17.54017
-26.0104 9.905671 -17.48393
-26.00408 9.876888 -17.42906
-25.99679 9.850179 -17.37551
-25.98857 9.825493 -17.32322
-25.97943 9.80278 -17.27213
-25.9694 9.781989 -17.2222
-25.95852 9.763072 -17.17337
-25.9468 9.745978 -17.12558
-25.93428 9.730657 -17.07878
-25.92099 9.717058 -17.03293
-25.90695 9.705132 -16.98795
-25.89218 9.69483 -16.9438
-25.87672 9.686099 -16.90043
-25.8606 9.67889 -16.85778
-25.84383 9.673156 -16.81579
-25.82645 9.668841 -16.77441
-25.80848 9.665901 -16.7336
-25.78996 9.664283 -16.69329
-25.77091 9.663937 -16.65343
-25.75135 9.664813 -16.61396
-25.73132 9.666861 -16.57483
-25.71084 9.670031 -16.536
-25.68994 9.674273 -16.49739
-25.66864 9.679536 -16.45897
-25.64698 9.685771 -16.42067
-25.62498 9.692928 -16.38244
-25.60266 9.700958 -16.34423
-25.58006 9.709808 -16.30599
-25.55721 9.719431 -16.26765
-25.53412 9.729774 -16.22916
-25.51083 9.740789 -16.19048
-25.48736 9.752426 -16.15154
-25.46375 9.764633 -16.1123
-25.44002 9.777361 -16.07269
-25.41619 9.790563 -16.03267
-25.39229 9.804183 -15.99218
-25.36836 9.818175 -15.95117
-25.34441 9.832488 -15.90958
-25.32048 9.847072 -15.86735
-25.2966 9.861876 -15.82444
-25.27278 9.876852 -15.78079
-25.24906 9.891949 -15.73634
-25.22546 9.907115 -15.69105
-25.20202 9.922302 -15.64485
-25.17876 9.93746 -15.5977
-25.1557 9.952538 -15.54953
-25.13288 9.967486 -15.5003
-25.11032 9.982255 -15.44996
-25.08805 9.996794 -15.39843
-25.06609 10.01105 -15.34569
-25.04448 10.02498 -15.29166
-25.02324 10.03853 -15.23629
-25.00239 10.05165 -15.17954
-24.98197 10.06429 -15.12134
-24.962 10.0764 -15.06164
-24.94251 10.08793 -15.00039
-24.92354 10.09883 -14.93754
-24.90509 10.10904 -14.87302
-24.8872 10.11853 -14.8068
-24.86991 10.12724 -14.7388
-24.85323 10.13511 -14.66898
-24.83719 10.14211 -14.59728
-24.82183 10.14817 -14.52366
-24.80716 10.15326 -14.44805
-24.79322 10.15731 -14.3704
-24.78004 10.16029 -14.29066
