-30.50459 16.3406 -3.415047
-30.37437 16.36429 -3.37794
-30.24467 16.38749 -3.340883
-30.11549 16.41015 -3.303897
-29.9868 16.43228 -3.266998
-29.85859 16.45384 -3.230206
-29.73084 16.47483 -3.193539
-29.60354 16.49522 -3.157015
-29.47668 16.51501 -3.120654
-29.35023 16.53416 -3.084473
-29.22418 16.55267 -3.048492
-29.09852 16.57052 -3.012729
-28.97323 16.58768 -2.977202
-28.84829 16.60415 -2.94193
-28.7237 16.61991 -2.906932
-28.59942 16.63493 -2.872225
-28.47546 16.6492 -2.837829
-28.35178 16.66271 -2.803763
-28.22839 16.67544 -2.770044
-28.10526 16.68736 -2.736691
-27.98237 16.69847 -2.703723
-27.85971 16.70875 -2.671159
-27.73726 16.71817 -2.639016
-27.61502 16.72672 -2.607314
-27.49296 16.73439 -2.576071
-27.37107 16.74115 -2.545305
-27.24932 16.747 -2.515035
-27.12772 16.7519 -2.48528
-27.00624 16.75585 -2.456059
-26.88486 16.75883 -2.427388
-26.76357 16.76082 -2.399288
-26.64236 16.7618 -2.371777
-26.5212 16.76176 -2.344873
-26.40009 16.76068 -2.318596
-26.27901 16.75854 -2.292962
-26.15794 16.75533 -2.267992
-26.03686 16.75103 -2.243703
-25.91577 16.74561 -2.220114
-25.79464 16.73907 -2.197244
-25.67346 16.73138 -2.175111
-25.55221 16.72253 -2.153734
-25.43089 16.71251 -2.133131
-25.30946 16.70129 -2.113321
-25.18793 16.68886 -2.094322
-25.06626 16.67519 -2.076153
-24.94445 16.66028 -2.058833
-24.82249 16.64411 -2.042379
-24.70035 16.62666 -2.026812
-24.57801 16.6079 -2.012148
-24.45548 16.58783 -1.998407
-24.33272 16.56643 -1.985607
-24.20972 16.54368 -1.973767
-24.08647 16.51956 -1.962905
-23.96295 16.49406 -1.95304
-23.83915 16.46715 -1.944191
-23.71505 16.43883 -1.936375
-23.59063 16.40907 -1.929612
-23.46588 16.37786 -1.923921
-23.34079 16.34518 -1.919318
-23.21533 16.31101 -1.915824
-23.0895 16.27533 -1.913456
-22.96328 16.23813 -1.912234
-22.83664 16.1994 -1.912175
-22.70958 16.15911 -1.913299
-22.58208 16.11724 -1.915623
-22.45413 16.07379 -1.919167
-22.32571 16.02873 -1.923949
-22.1968 15.98204 -1.929987
-22.06738 15.93371 -1.937301
-21.96501 15.89444 -1.943977
-21.83639 15.84701 -1.952378
-21.71066 15.80557 -1.959634
-21.58777 15.76999 -1.965772
-21.46764 15.74013 -1.970819
-21.35021 15.71586 -1.974803
-21.23542 15.69705 -1.977749
-21.12322 15.68355 -1.979686
-21.01354 15.67524 -1.98064
-20.90631 15.67198 -1.980639
-20.80147 15.67364 -1.979709
-20.69897 15.68008 -1.977877
-20.59874 15.69117 -1.975171
-20.50072 15.70678 -1.971618
-20.40485 15.72677 -1.967244
-20.31106 15.751 -1.962078
-20.21929 15.77935 -1.956145
-20.12948 15.81167 -1.949472
-20.04157 15.84784 -1.942088
-19.95551 15.88772 -1.934019
-19.87121 15.93118 -1.925292
-19.78863 15.97808 -1.915934
-19.7077 16.02828 -1.905972
-19.62836 16.08166 -1.895434
-19.55054 16.13808 -1.884345
-19.47419 16.1974 -1.872735
-19.39925 16.25949 -1.860628
-19.32565 16.32423 -1.848053
-19.25332 16.39146 -1.835037
-19.18221 16.46106 -1.821606
-19.11226 16.5329 -1.807788
-19.0434 16.60683 -1.79361
-18.97558 16.68273 -1.779099
-18.90872 16.76047 -1.764281
-18.84277 16.8399 -1.749184
-18.77767 16.92089 -1.733835
-18.71335 17.00331 -1.718262
-18.64975 17.08703 -1.70249
-18.58681 17.17191 -1.686548
-18.52447 17.25782 -1.670462
-18.46267 17.34462 -1.654259
-18.40134 17.43217 -1.637967
-18.34042 17.52036 -1.621612
-18.27985 17.60903 -1.605222
-18.21957 17.69805 -1.588823
-18.15952 17.7873 -1.572442
-18.09963 17.87664 -1.556108
-18.03985 17.96593 -1.539846
-17.9801 18.05503 -1.523684
-17.92033 18.14383 -1.507648
-17.86048 18.23217 -1.491767
-17.80048 18.31993 -1.476067
-17.74028 18.40698 -1.460574
-17.67981 18.49317 -1.445317
-17.619 18.57838 -1.430322
-17.5578 18.66246 -1.415616
-17.49615 18.74529 -1.401227
-17.43398 18.82674 -1.387181
-17.37123 18.90666 -1.373505
-17.30783 18.98492 -1.360227
-17.24374 19.0614 -1.347373
-17.17888 19.13594 -1.334971
-17.11319 19.20843 -1.323047
-17.04662 19.27873 -1.31163
-16.97909 19.3467 -1.300745
-16.91055 19.4122 -1.29042
-16.84094 19.47511 -1.280681
-16.77018 19.5353 -1.271557
-16.69823 19.59261 -1.263074
-16.62502 19.64693 -1.255259
-16.55049 19.69811 -1.248139
-16.506 19.72671 -1.244286
-16.43004 19.77393 -1.237434
-16.35426 19.82035 -1.229565
-16.27864 19.86596 -1.220712
-16.20319 19.91075 -1.210906
-16.12792 19.95474 -1.200178
-16.05282 19.99791 -1.188561
-15.9779 20.04028 -1.176086
-15.90316 20.08183 -1.162785
-15.8286 20.12257 -1.148689
-15.75422 20.1625 -1.133831
-15.68002 20.20162 -1.11824
-15.60601 20.23993 -1.10195
-15.53218 20.27742 -1.084992
-15.45854 20.31411 -1.067398
-15.38509 20.34998 -1.049199
-15.31183 20.38503 -1.030427
-15.23876 20.41927 -1.011114
-15.16588 20.4527 -0.9912905
-15.0932 20.48532 -0.9709892
-15.02072 20.51712 -0.9502414
-14.94843 20.5481 -0.9290788
-14.87634 20.57827 -0.907533
-14.80446 20.60763 -0.8856358
-14.73278 20.63617 -0.8634188
-14.6613 20.66389 -0.8409135
-14.59003 20.69081 -0.8181517
-14.51896 20.7169 -0.7951651
-14.44811 20.74217 -0.7719852
-14.37746 20.76663 -0.7486438
-14.30703 20.79028 -0.7251723
-14.23681 20.8131 -0.7016028
-14.16681 20.83511 -0.6779665
-14.09702 20.8563 -0.6542953
-14.02745 20.87667 -0.6306208
-13.9581 20.89623 -0.6069745
-13.88897 20.91496 -0.5833884
-13.82006 20.93288 -0.5598939
-13.75138 20.94998 -0.5365227
-13.68293 20.96626 -0.5133064
-13.6147 20.98171 -0.4902768
-13.5467 20.99635 -0.4674654
-13.47893 21.01017 -0.444904
-13.41139 21.02317 -0.4226241
-13.34409 21.03534 -0.4006575
-13.27702 21.0467 -0.3790357
-13.21019 21.05724 -0.3577905
-13.14359 21.06695 -0.3369534
-13.07724 21.07584 -0.3165562
-13.01112 21.08391 -0.2966305
-12.94525 21.09115 -0.2772079
-12.87963 21.09758 -0.2583202
-12.81425 21.10318 -0.2399989
-12.74911 21.10796 -0.2222757
-12.68423 21.11191 -0.2051823
-12.61959 21.11504 -0.1887502
-12.55521 21.11735 -0.1730113
-12.49108 21.11883 -0.157997
-12.42721 21.11949 -0.1437392
-12.36359 21.11932 -0.1302693
-12.30024 21.11833 -0.1176192
-12.23714 21.11651 -0.1058204
-12.1743 21.11387 -0.09490455
-12.11172 21.1104 -0.08490337
-12.04941 21.10611 -0.07584848
-11.98737 21.10098 -0.06777152
-11.92559 21.09504 -0.06070418
-11.86408 21.08826 -0.05467809
-11.80284 21.08066 -0.04972491
-11.74188 21.07223 -0.04587628
-11.68118 21.06297 -0.04316388
-11.64561 21.05714 -0.04211178
-11.58418 21.04759 -0.04100762
-11.52073 21.03919 -0.04058881
-11.45536 21.03186 -0.04087218
-11.38814 21.02553 -0.04187454
-11.31917 21.0201 -0.04361273
-11.24853 21.01549 -0.04610356
-11.1763 21.01161 -0.04936384
-11.10257 21.00839 -0.05341042
-11.02742 21.00574 -0.0582601
-10.95095 21.00358 -0.06392971
-10.87324 21.00181 -0.07043608
-10.79437 21.00037 -0.077796
-10.71443 20.99915 -0.08602633
-10.6335 20.99809 -0.09514388
-10.55168 20.9971 -0.1051655
-10.46904 20.99608 -0.1161079
-10.38567 20.99497 -0.127988
-10.30166 20.99367 -0.1408226
-10.2171 20.9921 -0.1546286
-10.13207 20.99018 -0.1694226
-10.04665 20.98782 -0.1852217
-9.960938 20.98494 -0.2020425
-9.87501 20.98145 -0.219902
-9.788956 20.97728 -0.2388168
-9.70286 20.97234 -0.258804
-9.61681 20.96654 -0.2798802
-9.53089 20.95979 -0.3020623
-9.445187 20.95203 -0.3253671
-9.359786 20.94316 -0.3498114
-9.274773 20.93309 -0.3754122
-9.190234 20.92175 -0.4021861
-9.106256 20.90906 -0.43015
-9.022923 20.89492 -0.4593207
-8.94032 20.87925 -0.4897151
-8.858536 20.86197 -0.52135
-8.777655 20.843 -0.5542421
-8.697762 20.82225 -0.5884084
-8.618943 20.79963 -0.6238655
-8.541286 20.77507 -0.6606305
-8.464874 20.74848 -0.69872
-8.389795 20.71978 -0.738151
-8.316133 20.68888 -0.7789401
-8.243976 20.6557 -0.8211043
-8.173408 20.62015 -0.8646604
-8.104515 20.58216 -0.9096251
-8.037384 20.54163 -0.9560153
-7.972099 20.49848 -1.003848
-7.908747 20.45263 -1.05314
-7.847414 20.404 -1.103907
-7.788185 20.3525 -1.156168
-7.731147 20.29805 -1.209938
-7.676384 20.24056 -1.265235
-7.623984 20.17995 -1.322074
-7.57403 20.11614 -1.380474
-7.526611 20.04905 -1.440451
-7.481811 19.97857 -1.502022
-7.439716 19.90465 -1.565203
-7.400411 19.82718 -1.630011
-7.363984 19.7461 -1.696464
-7.330519 19.6613 -1.764578
-7.300102 19.57272 -1.834369
-7.27282 19.48026 -1.905855
-7.248757 19.38384 -1.979053
-7.228 19.28338 -2.053979
-7.210635 19.17879 -2.13065
-7.196747 19.07 -2.209083
-7.186422 18.95691 -2.289295
-7.179747 18.83944 -2.371302
-7.176806 18.71752 -2.455122
-7.177687 18.59104 -2.540771
-7.180024 18.51448 -2.592018
-7.187655 18.38556 -2.676558
-7.200212 18.26174 -2.754967
-7.217579 18.14294 -2.827405
-7.239645 18.02908 -2.894032
-7.266295 17.92005 -2.955007
-7.297417 17.81577 -3.010491
-7.332896 17.71615 -3.060642
-7.372621 17.62109 -3.105622
-7.416477 17.53052 -3.145589
-7.464352 17.44434 -3.180704
-7.516131 17.36245 -3.211126
-7.571703 17.28477 -3.237014
-7.630953 17.21122 -3.258529
-7.693769 17.14169 -3.275831
-7.760036 17.07609 -3.289079
-7.829643 17.01435 -3.298433
-7.902475 16.95636 -3.304053
-7.978419 16.90204 -3.306098
-8.057363 16.8513 -3.304728
-8.139192 16.80405 -3.300103
-8.223793 16.76019 -3.292383
-8.311053 16.71964 -3.281728
-8.40086 16.6823 -3.268297
-8.493099 16.6481 -3.252249
-8.587659 16.61693 -3.233746
-8.684424 16.5887 -3.212947
-8.783282 16.56333 -3.19001
-8.88412 16.54073 -3.165097
-8.986824 16.52081 -3.138366
-9.091282 16.50347 -3.109978
-9.197379 16.48862 -3.080093
-9.305003 16.47618 -3.048869
-9.41404 16.46606 -3.016468
-9.524377 16.45816 -2.983048
-9.635901 16.4524 -2.94877
-9.748499 16.44868 -2.913792
-9.862058 16.44692 -2.878276
-9.976462 16.44702 -2.84238
-10.0916 16.4489 -2.806265
-10.20736 16.45246 -2.77009
-10.32363 16.45762 -2.734015
-10.44029 16.46428 -2.6982
-10.55723 16.47235 -2.662804
-10.67434 16.48175 -2.627988
-10.7915 16.49238 -2.59391
-10.90861 16.50415 -2.560731
-11.02554 16.51698 -2.528611
-11.14219 16.53078 -2.497709
-11.25844 16.54544 -2.468186
-11.37417 16.56089 -2.4402
-11.48928 16.57703 -2.413911
-11.60365 16.59377 -2.38948
-11.71717 16.61103 -2.367066
-11.82973 16.62871 -2.346829
-11.94121 16.64672 -2.328929
-12.05149 16.66498 -2.313525
-12.16047 16.68338 -2.300777
-12.26804 16.70185 -2.290845
-12.37407 16.72029 -2.283889
-12.47845 16.73861 -2.280068
-12.58108 16.75673 -2.279542
-12.68184 16.77454 -2.282471
-12.78061 16.79197 -2.289016
-12.87729 16.80891 -2.299334
-12.97175 16.82529 -2.313586
-13.06389 16.84101 -2.331933
-13.15359 16.85598 -2.354534
-13.24074 16.87011 -2.381548
-13.32523 16.88331 -2.413135
-13.40694 16.89549 -2.449455
-13.45367 16.90214 -2.473098
-13.5322 16.91221 -2.513933
-13.61065 16.92048 -2.553174
-13.68899 16.92698 -2.590858
-13.76719 16.93175 -2.627025
-13.84523 16.93481 -2.661712
-13.92307 16.9362 -2.694958
-14.0007 16.93594 -2.726803
-14.07808 16.93406 -2.757284
-14.15518 16.9306 -2.786441
-14.23199 16.92558 -2.814311
-14.30846 16.91904 -2.840934
-14.38458 16.911 -2.866348
-14.46032 16.90149 -2.890591
-14.53565 16.89055 -2.913703
-14.61054 16.8782 -2.935722
-14.68497 16.86447 -2.956687
-14.7589 16.8494 -2.976636
-14.83231 16.83301 -2.995607
-14.90518 16.81533 -3.01364
-14.97748 16.7964 -3.030773
-15.04917 16.77624 -3.047045
-15.12024 16.75488 -3.062494
-15.19065 16.73236 -3.077159
-15.26037 16.70869 -3.091078
-15.32939 16.68392 -3.104291
-15.39767 16.65808 -3.116835
-15.46518 16.63118 -3.12875
-15.53191 16.60327 -3.140074
-15.59781 16.57437 -3.150845
-15.66287 16.54451 -3.161103
-15.72705 16.51372 -3.170885
-15.79033 16.48204 -3.180231
-15.85269 16.44949 -3.189179
-15.91409 16.4161 -3.197768
-15.9745 16.3819 -3.206036
-16.03391 16.34692 -3.214022
-16.09228 16.3112 -3.221764
-16.14958 16.27475 -3.229302
-16.2058 16.23762 -3.236674
-16.26089 16.19983 -3.243917
-16.31483 16.16141 -3.251073
-16.36761 16.12239 -3.258177
-16.41918 16.08281 -3.26527
-16.46953 16.04268 -3.27239
-16.51861 16.00204 -3.279575
-16.56642 15.96093 -3.286865
-16.61292 15.91937 -3.294297
-16.65808 15.87739 -3.30191
-16.70187 15.83501 -3.309744
-16.74427 15.79228 -3.317836
-16.78525 15.74922 -3.326225
-16.82479 15.70586 -3.33495
-16.86285 15.66223 -3.34405
-16.89942 15.61836 -3.353563
-16.93445 15.57428 -3.363527
-16.96793 15.53002 -3.373981
-16.99982 15.48561 -3.384965
-17.03011 15.44108 -3.396516
-17.05876 15.39646 -3.408674
-17.08574 15.35178 -3.421476
-17.11103 15.30707 -3.434961
-17.13461 15.26235 -3.449169
-17.15644 15.21767 -3.464137
-17.17649 15.17305 -3.479904
-17.19474 15.12852 -3.496509
-17.21116 15.0841 -3.513991
-17.22573 15.03984 -3.532387
-17.23842 14.99575 -3.551738
-17.24919 14.95188 -3.572081
-17.25803 14.90824 -3.593455
-17.26232 14.88269 -3.606526
-17.26778 14.83995 -3.628906
-17.2708 14.7984 -3.650971
-17.27141 14.75802 -3.67272
-17.26968 14.71878 -3.694154
-17.26565 14.68065 -3.715271
-17.25936 14.6436 -3.736072
-17.25086 14.60762 -3.756556
-17.24021 14.57267 -3.776723
-17.22744 14.53873 -3.796574
-17.2126 14.50577 -3.816107
-17.19575 14.47376 -3.835321
-17.17693 14.44268 -3.854219
-17.15619 14.4125 -3.872798
-17.13357 14.3832 -3.891059
-17.10912 14.35474 -3.909002
-17.0829 14.32711 -3.926625
-17.05494 14.30027 -3.94393
-17.02529 14.27421 -3.960915
-16.99401 14.24888 -3.977581
-16.96114 14.22427 -3.993927
-16.92673 14.20035 -4.009953
-16.89082 14.17709 -4.025658
-16.85347 14.15447 -4.041043
-16.81472 14.13246 -4.056108
-16.77461 14.11103 -4.070851
-16.7332 14.09017 -4.085274
-16.69053 14.06983 -4.099374
-16.64666 14.04999 -4.113153
-16.60162 14.03064 -4.126611
-16.55547 14.01173 -4.139746
-16.50825 13.99325 -4.152559
-16.46001 13.97517 -4.165048
-16.4108 13.95746 -4.177216
-16.36066 13.9401 -4.189059
-16.30965 13.92305 -4.20058
-16.25781 13.9063 -4.211777
-16.20519 13.88982 -4.22265
-16.15183 13.87357 -4.233199
-16.09779 13.85754 -4.243423
-16.04311 13.84169 -4.253324
-15.98783 13.82601 -4.262899
-15.93202 13.81046 -4.272149
-15.8757 13.79502 -4.281074
-15.81894 13.77965 -4.289673
-15.76178 13.76434 -4.297947
-15.70426 13.74906 -4.305894
-15.64643 13.73379 -4.313516
-15.58835 13.71848 -4.320811
-15.53006 13.70313 -4.327779
-15.4716 13.6877 -4.334419
-15.41302 13.67216 -4.340734
-15.35438 13.65649 -4.34672
-15.29572 13.64067 -4.352378
-15.23708 13.62466 -4.357709
-15.17852 13.60844 -4.362711
-15.12007 13.59199 -4.367386
-15.0618 13.57527 -4.371731
-15.00374 13.55826 -4.375748
-14.94595 13.54094 -4.379435
-14.88847 13.52327 -4.382793
-14.83135 13.50524 -4.385822
-14.77463 13.48681 -4.38852
-14.71837 13.46796 -4.390889
-14.66261 13.44866 -4.392927
-14.6074 13.42889 -4.394634
-14.55279 13.40861 -4.39601
-14.49882 13.38781 -4.397057
-14.44554 13.36645 -4.397771
-14.39301 13.34451 -4.398153
-14.34126 13.32197 -4.398204
-14.3112 13.30841 -4.398079
-14.26105 13.28526 -4.398064
-14.21224 13.26226 -4.398638
-14.1647 13.23944 -4.399799
-14.11834 13.21679 -4.401543
-14.07309 13.19434 -4.403868
-14.02887 13.17209 -4.406771
-13.9856 13.15004 -4.410249
-13.94321 13.12822 -4.414299
-13.90163 13.10663 -4.418919
-13.86076 13.08529 -4.424105
-13.82055 13.06419 -4.429856
-13.7809 13.04335 -4.436167
-13.74174 13.02278 -4.443037
-13.703 13.0025 -4.450462
-13.66461 12.9825 -4.45844
-13.62647 12.96281 -4.466968
-13.58851 12.94343 -4.476042
-13.55067 12.92437 -4.485661
-13.51285 12.90564 -4.495821
-13.47499 12.88725 -4.506519
-13.43701 12.86921 -4.517754
-13.39883 12.85153 -4.529521
-13.36037 12.83423 -4.541819
-13.32155 12.8173 -4.554644
-13.28231 12.80077 -4.567993
-13.24255 12.78463 -4.581864
-13.20222 12.76891 -4.596254
-13.16122 12.75361 -4.611159
-13.11948 12.73874 -4.626578
-13.07693 12.72431 -4.642508
-13.03348 12.71033 -4.658946
-12.98906 12.69681 -4.675888
-12.9436 12.68377 -4.693332
-12.89702 12.6712 -4.711275
-12.84923 12.65913 -4.729714
-12.80017 12.64756 -4.748648
-12.74975 12.63649 -4.768072
-12.6979 12.62595 -4.787983
-12.64454 12.61594 -4.808381
-12.5896 12.60648 -4.82926
-12.53299 12.59756 -4.850619
-12.47465 12.5892 -4.872454
-12.41449 12.58142 -4.894764
-12.35244 12.57421 -4.917544
-12.28841 12.5676 -4.940793
-12.22234 12.56159 -4.964507
-12.15415 12.55619 -4.988684
-12.08375 12.55141 -5.013321
-12.01108 12.54726 -5.038414
-11.93605 12.54375 -5.063962
-11.85859 12.54089 -5.089962
-11.77862 12.5387 -5.116409
-11.69606 12.53717 -5.143303
-11.61085 12.53633 -5.17064
-11.52289 12.53618 -5.198417
-11.43212 12.53673 -5.226631
-11.33845 12.53799 -5.255279
-11.24181 12.53997 -5.284359
-11.14212 12.54269 -5.313868
-11.03931 12.54614 -5.343803
-10.9333 12.55035 -5.374162
-10.82401 12.55531 -5.404941
-10.71137 12.56105 -5.436137
-10.59529 12.56757 -5.467749
-10.4757 12.57488 -5.499772
-10.35253 12.58299 -5.532204
-10.22569 12.59192 -5.565043
-10.09511 12.60166 -5.598286
-9.960717 12.61224 -5.631929
-9.82243 12.62365 -5.66597
-9.739225 12.63076 -5.686181
-9.599512 12.64331 -5.721365
-9.465545 12.65626 -5.757962
-9.337256 12.66957 -5.79595
-9.214574 12.68324 -5.835309
-9.097429 12.69724 -5.876018
-8.985752 12.71155 -5.918056
-8.879473 12.72615 -5.961404
-8.77852 12.74102 -6.00604
-8.682824 12.75614 -6.051944
-8.592317 12.77148 -6.099094
-8.506925 12.78703 -6.147471
-8.42658 12.80276 -6.197054
-8.351213 12.81866 -6.247822
-8.280753 12.8347 -6.299755
-8.215131 12.85086 -6.35283
-8.154275 12.86712 -6.40703
-8.098116 12.88345 -6.462332
-8.046584 12.89985 -6.518715
-7.999609 12.91628 -6.57616
-7.95712 12.93273 -6.634645
-7.919049 12.94917 -6.694151
-7.885324 12.96559 -6.754656
-7.855877 12.98196 -6.816139
-7.830636 12.99826 -6.878581
-7.809532 13.01447 -6.941959
-7.792494 13.03056 -7.006255
-7.779453 13.04653 -7.071447
-7.770339 13.06235 -7.137514
-7.765081 13.07799 -7.204436
-7.763609 13.09343 -7.272192
-7.765855 13.10866 -7.340761
-7.771747 13.12366 -7.410124
-7.781215 13.13839 -7.480258
-7.79419 13.15284 -7.551144
-7.810602 13.167 -7.622762
-7.830379 13.18083 -7.695089
-7.853454 13.19432 -7.768106
-7.879754 13.20745 -7.841793
-7.909211 13.22019 -7.916126
-7.941753 13.23253 -7.991089
-7.977313 13.24444 -8.066658
-8.015819 13.2559 -8.142815
-8.057199 13.2669 -8.219535
-8.101388 13.2774 -8.296802
-8.148312 13.28739 -8.374593
-8.197902 13.29685 -8.452888
-8.250089 13.30576 -8.531667
-8.304801 13.31409 -8.610908
-8.361969 13.32183 -8.69059
-8.421522 13.32895 -8.770695
-8.483393 13.33543 -8.851198
-8.547509 13.34126 -8.932083
-8.613801 13.34641 -9.013328
-8.682199 13.35085 -9.094911
-8.752633 13.35457 -9.176811
-8.825032 13.35755 -9.25901
-8.899328 13.35977 -9.341484
-8.97545 13.3612 -9.424216
-9.053326 13.36183 -9.507182
-9.132888 13.36163 -9.590364
-9.214067 13.36058 -9.673739
-9.296791 13.35866 -9.75729
-9.38099 13.35585 -9.840991
-9.466595 13.35213 -9.924827
-9.553536 13.34748 -10.00877
-9.641742 13.34187 -10.09281
-9.731144 13.33529 -10.17692
-9.821671 13.32772 -10.26107
-9.913253 13.31912 -10.34526
-10.00582 13.30949 -10.42945
-10.06071 13.30333 -10.47898
-10.15369 13.29201 -10.56204
-10.2455 13.27963 -10.64289
-10.33619 13.26622 -10.72158
-10.42575 13.25181 -10.79818
-10.51422 13.23642 -10.87275
-10.60162 13.22009 -10.94534
-10.68797 13.20284 -11.01601
-10.77329 13.1847 -11.08481
-10.85761 13.16571 -11.15181
-10.94094 13.14588 -11.21706
-11.0233 13.12525 -11.28063
-11.10473 13.10384 -11.34256
-11.18524 13.08168 -11.40292
-11.26485 13.05881 -11.46176
-11.34358 13.03525 -11.51914
-11.42146 13.01103 -11.57512
-11.49851 12.98617 -11.62976
-11.57475 12.96071 -11.68312
-11.6502 12.93468 -11.73524
-11.72488 12.9081 -11.7862
-11.79882 12.88099 -11.83605
-11.87204 12.8534 -11.88484
-11.94455 12.82534 -11.93264
-12.01639 12.79685 -11.9795
-12.08756 12.76796 -12.02547
-12.15811 12.73869 -12.07063
-12.22804 12.70906 -12.11502
-12.29737 12.67912 -12.1587
-12.36614 12.64889 -12.20173
-12.43436 12.61839 -12.24417
-12.50205 12.58766 -12.28608
-12.56924 12.55672 -12.32751
-12.63594 12.5256 -12.36853
-12.70219 12.49433 -12.40918
-12.76799 12.46294 -12.44953
-12.83338 12.43146 -12.48964
-12.89837 12.39991 -12.52955
-12.96299 12.36833 -12.56934
-13.02726 12.33673 -12.60906
-13.09119 12.30516 -12.64876
-13.15482 12.27364 -12.68851
-13.21816 12.24219 -12.72836
-13.28124 12.21085 -12.76836
-13.34407 12.17965 -12.80859
-13.40668 12.1486 -12.84909
-13.4691 12.11775 -12.88992
-13.53133 12.08711 -12.93115
-13.59341 12.05673 -12.97282
-13.65536 12.02662 -13.015
-13.71719 11.99681 -13.05774
-13.77894 11.96734 -13.1011
-13.84061 11.93823 -13.14515
-13.90224 11.9095 -13.18993
-13.96384 11.8812 -13.2355
-14.02545 11.85334 -13.28193
-14.08707 11.82596 -13.32927
-14.14873 11.79908 -13.37758
-14.21045 11.77273 -13.42691
-14.27226 11.74694 -13.47733
-14.33417 11.72174 -13.52889
-14.39622 11.69716 -13.58164
-14.45841 11.67322 -13.63566
-14.52077 11.64996 -13.69099
-14.58333 11.6274 -13.74769
-14.6461 11.60556 -13.80583
-14.70911 11.58449 -13.86545
-14.77238 11.56421 -13.92662
-14.83593 11.54473 -13.98939
-14.89978 11.52611 -14.05383
-14.96396 11.50835 -14.11998
-15.00187 11.49833 -14.15972
-15.06511 11.48269 -14.22773
-15.12571 11.4693 -14.29555
-15.18371 11.45809 -14.36316
-15.23911 11.44903 -14.43055
-15.29192 11.44206 -14.49767
-15.34216 11.43714 -14.56452
-15.38984 11.43421 -14.63106
-15.43499 11.43322 -14.69727
-15.47761 11.43413 -14.76314
-15.51771 11.43689 -14.82862
-15.55532 11.44144 -14.89371
-15.59044 11.44774 -14.95836
-15.62309 11.45574 -15.02258
-15.65329 11.46539 -15.08631
-15.68105 11.47664 -15.14955
-15.70638 11.48944 -15.21227
-15.72929 11.50374 -15.27444
-15.74981 11.51949 -15.33605
-15.76795 11.53664 -15.39706
-15.78371 11.55515 -15.45745
-15.79712 11.57496 -15.5172
-15.80819 11.59603 -15.57629
-15.81693 11.6183 -15.63468
-15.82336 11.64172 -15.69236
-15.82749 11.66626 -15.7493
-15.82934 11.69184 -15.80548
-15.82891 11.71844 -15.86087
-15.82623 11.746 -15.91545
-15.82131 11.77446 -15.9692
-15.81417 11.80379 -16.02209
-15.80481 11.83393 -16.07409
-15.79325 11.86482 -16.12519
-15.77952 11.89643 -16.17535
-15.76361 11.92871 -16.22456
-15.74554 11.96159 -16.27279
-15.72534 11.99504 -16.32001
-15.703 12.029 -16.36621
-15.67856 12.06343 -16.41136
-15.65202 12.09828 -16.45543
-15.62339 12.13349 -16.49839
-15.5927 12.16902 -16.54024
-15.55995 12.20481 -16.58093
-15.52516 12.24083 -16.62045
-15.48834 12.27702 -16.65878
-15.44951 12.31332 -16.69588
-15.40869 12.3497 -16.73174
-15.36588 12.38609 -16.76633
-15.3211 12.42246 -16.79962
-15.27436 12.45876 -16.8316
-15.22569 12.49492 -16.86224
-15.17509 12.53091 -16.8915
-15.12257 12.56668 -16.91938
-15.06816 12.60217 -16.94585
-15.01187 12.63733 -16.97088
-14.9537 12.67212 -16.99444
-14.89369 12.7065 -17.01652
-14.83183 12.74039 -17.03709
-14.76814 12.77377 -17.05612
-14.70265 12.80658 -17.07359
-14.63535 12.83877 -17.08948
-14.56628 12.87029 -17.10377
-14.49543 12.90109 -17.11642
-14.42283 12.93112 -17.12741
-14.34849 12.96033 -17.13673
-14.27242 12.98868 -17.14434
-14.19464 13.01611 -17.15023
-14.11517 13.04258 -17.15436
-14.03401 13.06804 -17.15672
-13.95118 13.09243 -17.15727
-13.8667 13.1157 -17.156
-13.81623 13.12886 -17.15439
-13.72891 13.15062 -17.1506
-13.63954 13.17189 -17.14582
-13.54824 13.19271 -17.14011
-13.45512 13.21311 -17.13351
-13.36027 13.23311 -17.1261
-13.26381 13.25275 -17.11791
-13.16584 13.27205 -17.10901
-13.06647 13.29106 -17.09944
-12.9658 13.30979 -17.08927
-12.86395 13.32828 -17.07854
-12.76101 13.34656 -17.06731
-12.6571 13.36466 -17.05564
-12.55232 13.38261 -17.04358
-12.44678 13.40044 -17.03117
-12.34059 13.41818 -17.01849
-12.23385 13.43586 -17.00558
-12.12666 13.45351 -16.99249
-12.01914 13.47116 -16.97928
-11.91139 13.48885 -16.96601
-11.80352 13.5066 -16.95272
-11.69563 13.52444 -16.93948
-11.58784 13.54241 -16.92633
-11.48024 13.56053 -16.91334
-11.37295 13.57884 -16.90055
-11.26607 13.59736 -16.88802
-11.1597 13.61612 -16.8758
-11.05396 13.63516 -16.86395
-10.94895 13.65451 -16.85252
-10.84478 13.6742 -16.84156
-10.74155 13.69425 -16.83114
-10.63938 13.7147 -16.8213
-10.53836 13.73558 -16.8121
-10.4386 13.75691 -16.80359
-10.34022 13.77874 -16.79583
-10.24331 13.80108 -16.78887
-10.14798 13.82397 -16.78277
-10.05435 13.84745 -16.77757
-9.962508 13.87153 -16.77334
-9.872574 13.89626 -16.77013
-9.78465 13.92165 -16.76799
-9.698842 13.94775 -16.76697
-9.615257 13.97458 -16.76714
-9.534003 14.00218 -16.76854
-9.455185 14.03057 -16.77122
-9.37891 14.05978 -16.77526
-9.305285 14.08984 -16.78069
-9.234415 14.12079 -16.78757
-9.16641 14.15265 -16.79595
-9.101373 14.18546 -16.8059
-9.039412 14.21925 -16.81746
-8.980635 14.25404 -16.83069
-8.925146 14.28987 -16.84564
-8.873053 14.32676 -16.86236
-8.824464 14.36475 -16.88092
-8.779482 14.40387 -16.90137
-8.738217 14.44415 -16.92375
-8.700774 14.48562 -16.94812
-8.667259 14.52831 -16.97455
-8.637782 14.57224 -17.00307
-8.612445 14.61746 -17.03375
-8.591357 14.66399 -17.06664
-8.574626 14.71185 -17.1018
-8.562355 14.76109 -17.13927
-8.554652 14.81173 -17.17912
-8.551626 14.86381 -17.2214
-8.553382 14.91734 -17.26615
-8.560025 14.97237 -17.31344
-8.571664 15.02892 -17.36332
-8.588404 15.08703 -17.41584
-8.610353 15.14672 -17.47107
-8.62574 15.18259 -17.50483
-8.654177 15.24364 -17.56308
-8.684006 15.3039 -17.62137
-8.715204 15.36337 -17.6797
-8.747748 15.42205 -17.73804
-8.781615 15.47994 -17.79639
-8.81678 15.53705 -17.85474
-8.853222 15.59337 -17.91306
-8.890915 15.6489 -17.97135
-8.929837 15.70365 -18.02959
-8.969966 15.75762 -18.08776
-9.011276 15.8108 -18.14587
-9.053745 15.8632 -18.20388
-9.097351 15.91482 -18.26179
-9.142069 15.96566 -18.31958
-9.187876 16.01572 -18.37725
-9.234747 16.065 -18.43477
-9.282661 16.11351 -18.49213
-9.331595 16.16124 -18.54932
-9.381525 16.2082 -18.60633
-9.432426 16.25438 -18.66314
-9.484278 16.29979 -18.71974
-9.537053 16.34442 -18.77612
-9.590733 16.38829 -18.83225
-9.645289 16.43138 -18.88813
-9.700704 16.47371 -18.94375
-9.756949 16.51526 -18.99909
-9.814004 16.55606 -19.05413
-9.871844 16.59608 -19.10887
-9.930448 16.63534 -19.16328
-9.989789 16.67383 -19.21737
-10.04985 16.71156 -19.2711
-10.1106 16.74853 -19.32448
-10.17202 16.78473 -19.37747
-10.23408 16.82017 -19.43009
-10.29677 16.85486 -19.48229
-10.36005 16.88878 -19.53409
-10.42391 16.92195 -19.58545
-10.48833 16.95436 -19.63637
-10.55327 16.98601 -19.68684
-10.61872 17.01691 -19.73683
-10.68465 17.04706 -19.78634
-10.75104 17.07645 -19.83535
-10.81787 17.10509 -19.88386
-10.8851 17.13298 -19.93184
-10.95273 17.16011 -19.97927
-11.02072 17.1865 -20.02616
-11.08906 17.21214 -20.07249
-11.15771 17.23704 -20.11823
-11.22666 17.26118 -20.16338
-11.29588 17.28458 -20.20793
-11.36535 17.30724 -20.25185
-11.43505 17.32915 -20.29515
-11.50495 17.35032 -20.33779
-11.57503 17.37075 -20.37978
-11.64526 17.39043 -20.42109
-11.71563 17.40938 -20.46171
-11.7861 17.42759 -20.50163
-11.85666 17.44506 -20.54084
-11.92729 17.46179 -20.57932
-11.99795 17.47779 -20.61706
-12.06863 17.49305 -20.65404
-12.13929 17.50757 -20.69025
-12.20993 17.52137 -20.72568
-12.28052 17.53443 -20.76031
-12.35103 17.54676 -20.79413
-12.42143 17.55836 -20.82713
-12.49171 17.56923 -20.85929
-12.56185 17.57937 -20.8906
-12.63181 17.58879 -20.92104
-12.70158 17.59748 -20.95061
-12.74252 17.60225 -20.96759
-12.81226 17.61071 -20.99534
-12.88238 17.62026 -21.02141
-12.95289 17.63086 -21.04585
-13.02374 17.64245 -21.06869
-13.09493 17.65499 -21.08999
-13.16643 17.66845 -21.10977
-13.23823 17.68275 -21.12808
-13.31029 17.69787 -21.14496
-13.38261 17.71375 -21.16045
-13.45517 17.73035 -21.17459
-13.52793 17.74763 -21.18742
-13.60089 17.76552 -21.19898
-13.67402 17.78399 -21.2093
-13.7473 17.80299 -21.21844
-13.82071 17.82248 -21.22644
-13.89424 17.8424 -21.23332
-13.96785 17.86271 -21.23913
-14.04154 17.88337 -21.24392
-14.11528 17.90432 -21.24772
-14.18905 17.92552 -21.25058
-14.26283 17.94693 -21.25252
-14.33661 17.96849 -21.2536
-14.41035 17.99016 -21.25386
-14.48405 18.01189 -21.25333
-14.55767 18.03364 -21.25206
-14.63121 18.05536 -21.25008
-14.70463 18.077 -21.24743
-14.77793 18.09851 -21.24417
-14.85108 18.11986 -21.24031
-14.92405 18.14098 -21.23592
-14.99684 18.16184 -21.23102
-15.06942 18.18239 -21.22566
-15.14176 18.20258 -21.21988
-15.21386 18.22237 -21.21372
-15.28568 18.2417 -21.20722
-15.35722 18.26054 -21.20041
-15.42844 18.27883 -21.19335
-15.49933 18.29653 -21.18606
-15.56987 18.31359 -21.17859
-15.64005 18.32996 -21.17099
-15.70982 18.3456 -21.16328
-15.77919 18.36046 -21.15552
-15.84813 18.37449 -21.14774
-15.91661 18.38766 -21.13998
-15.98462 18.3999 -21.13229
-16.05214 18.41118 -21.12469
-16.11915 18.42144 -21.11724
-16.18563 18.43064 -21.10997
-16.25155 18.43874 -21.10293
-16.3169 18.44568 -21.09615
-16.38166 18.45142 -21.08968
-16.4458 18.45592 -21.08355
-16.50932 18.45912 -21.0778
-16.57218 18.46098 -21.07249
-16.63436 18.46145 -21.06763
-16.69586 18.46049 -21.06329
-16.75664 18.45805 -21.05949
-16.81668 18.45408 -21.05628
-16.87597 18.44854 -21.05369
-16.93449 18.44138 -21.05178
-16.99222 18.43254 -21.05057
-17.04913 18.42199 -21.05011
-17.10521 18.40968 -21.05044
-17.16043 18.39557 -21.0516
-17.21478 18.37959 -21.05363
-17.26823 18.36172 -21.05657
-17.32077 18.3419 -21.06046
-17.37238 18.32008 -21.06534
-17.42303 18.29622 -21.07125
-17.4727 18.27027 -21.07823
-17.50146 18.25401 -21.08286
-17.55333 18.22503 -21.09105
-17.6116 18.19466 -21.09925
-17.6761 18.16293 -21.10743
-17.74662 18.12984 -21.11557
-17.82296 18.09542 -21.12368
-17.90493 18.0597 -21.13173
-17.99232 18.0227 -21.1397
-18.08495 17.98442 -21.14759
-18.18262 17.94491 -21.15539
-18.28512 17.90417 -21.16307
-18.39226 17.86223 -21.17063
-18.50385 17.81911 -21.17804
-18.61969 17.77482 -21.18531
-18.73957 17.72941 -21.19241
-18.86331 17.68287 -21.19933
-18.9907 17.63523 -21.20605
-19.12156 17.58652 -21.21257
-19.25567 17.53676 -21.21887
-19.39285 17.48596 -21.22494
-19.5329 17.43415 -21.23075
-19.67562 17.38135 -21.23631
-19.82081 17.32758 -21.24159
-19.96827 17.27286 -21.24659
-20.11782 17.21721 -21.25128
-20.26925 17.16065 -21.25566
-20.42237 17.10321 -21.2597
-20.57697 17.0449 -21.2634
-20.73286 16.98575 -21.26675
-20.88985 16.92577 -21.26973
-21.04774 16.86499 -21.27232
-21.20632 16.80343 -21.27452
-21.36541 16.74111 -21.27631
-21.52481 16.67805 -21.27767
-21.68431 16.61427 -21.27859
-21.84373 16.5498 -21.27906
-22.00286 16.48465 -21.27907
-22.16151 16.41884 -21.2786
-22.31948 16.3524 -21.27763
-22.47657 16.28535 -21.27616
-22.63259 16.2177 -21.27417
-22.78734 16.14949 -21.27165
-22.94063 16.08072 -21.26858
-23.09225 16.01143 -21.26495
-23.242 15.94163 -21.26074
-23.3897 15.87134 -21.25595
-23.53514 15.80058 -21.25056
-23.67813 15.72938 -21.24455
-23.81847 15.65776 -21.23791
-23.95596 15.58573 -21.23063
-24.09041 15.51332 -21.2227
-24.22162 15.44055 -21.2141
-24.34939 15.36745 -21.20481
-24.47353 15.29402 -21.19483
-24.59383 15.22029 -21.18414
-24.71011 15.14629 -21.17272
-24.82215 15.07203 -21.16057
-24.92978 14.99754 -21.14766
-25.03278 14.92284 -21.134
-25.13097 14.84794 -21.11955
-25.22414 14.77287 -21.10431
-25.31211 14.69765 -21.08827
-25.39466 14.6223 -21.07141
-25.47161 14.54685 -21.05371
-25.54275 14.4713 -21.03517
-25.6079 14.39569 -21.01577
-25.66685 14.32003 -20.9955
-25.7194 14.24435 -20.97434
-25.76537 14.16867 -20.95228
-25.80454 14.093 -20.92931
-25.83673 14.01737 -20.9054
-25.85233 13.97291 -20.8909
-25.87637 13.89761 -20.86538
-25.89972 13.82283 -20.83866
-25.92241 13.74857 -20.81078
-25.94444 13.67485 -20.78176
-25.96582 13.60165 -20.75161
-25.98656 13.52899 -20.72036
-26.00665 13.45686 -20.68802
-26.02612 13.38527 -20.65463
-26.04496 13.31422 -20.6202
-26.06319 13.24372 -20.58476
-26.08081 13.17377 -20.54832
-26.09783 13.10436 -20.5109
-26.11426 13.03551 -20.47254
-26.13011 12.96721 -20.43324
-26.14538 12.89947 -20.39304
-26.16008 12.83229 -20.35194
-26.17422 12.76568 -20.30998
-26.18781 12.69963 -20.26718
-26.20085 12.63415 -20.22355
-26.21335 12.56925 -20.17912
-26.22533 12.50491 -20.13391
-26.23678 12.44116 -20.08793
-26.24771 12.37799 -20.04122
-26.25814 12.3154 -19.9938
-26.26807 12.25339 -19.94567
-26.2775 12.19198 -19.89688
-26.28646 12.13115 -19.84743
-26.29493 12.07092 -19.79735
-26.30294 12.01129 -19.74666
-26.31048 11.95226 -19.69538
-26.31757 11.89383 -19.64354
-26.32421 11.836 -19.59115
-26.33041 11.77879 -19.53823
-26.33619 11.72218 -19.48482
-26.34154 11.66619 -19.43092
-26.34647 11.61082 -19.37656
-26.35099 11.55606 -19.32176
-26.35512 11.50193 -19.26655
-26.35885 11.44842 -19.21094
-26.3622 11.39554 -19.15496
-26.36517 11.34328 -19.09862
-26.36777 11.29167 -19.04196
-26.37 11.24069 -18.98498
-26.37189 11.19034 -18.92771
-26.37342 11.14064 -18.87018
-26.37462 11.09159 -18.8124
-26.37548 11.04317 -18.7544
-26.37602 10.99541 -18.69619
-26.37625 10.94831 -18.6378
-26.37616 10.90186 -18.57926
-26.37577 10.85606 -18.52057
-26.37509 10.81093 -18.46176
-26.37413 10.76646 -18.40286
-26.37288 10.72266 -18.34389
-26.37137 10.67952 -18.28486
-26.36959 10.63706 -18.2258
-26.36756 10.59527 -18.16673
-26.36528 10.55417 -18.10767
-26.36276 10.51374 -18.04865
-26.36 10.47399 -17.98967
-26.35703 10.43493 -17.93078
-26.35383 10.39656 -17.87198
-26.35043 10.35888 -17.8133
-26.34682 10.3219 -17.75475
-26.34302 10.28561 -17.69637
-26.33903 10.25002 -17.63817
-26.33487 10.21513 -17.58018
-26.33053 10.18095 -17.5224
-26.32603 10.14748 -17.46488
-26.32137 10.11472 -17.40762
-26.31856 10.09578 -17.37407
-26.31395 10.06376 -17.31751
-26.30972 10.03167 -17.2617
-26.30588 9.999519 -17.20658
-26.30241 9.967332 -17.15213
-26.29929 9.93512 -17.09832
-26.29651 9.902892 -17.0451
-26.29406 9.870666 -16.99244
-26.29193 9.838455 -16.94031
-26.2901 9.806272 -16.88867
-26.28855 9.774132 -16.83749
-26.28729 9.742045 -16.78672
-26.28628 9.710032 -16.73633
-26.28552 9.678102 -16.68629
-26.285 9.646269 -16.63657
-26.2847 9.614548 -16.58711
-26.28462 9.582952 -16.5379
-26.28473 9.551496 -16.48889
-26.28502 9.520192 -16.44005
-26.28547 9.489056 -16.39134
-26.28609 9.4581 -16.34273
-26.28685 9.427339 -16.29418
-26.28775 9.396787 -16.24566
-26.28875 9.366456 -16.19712
-26.28987 9.336362 -16.14854
-26.29107 9.306519 -16.09987
-26.29235 9.276937 -16.05109
-26.2937 9.247635 -16.00216
-26.29509 9.218624 -15.95303
-26.29653 9.189919 -15.90368
-26.29799 9.161531 -15.85407
-26.29945 9.133478 -15.80416
-26.30092 9.105772 -15.75392
-26.30238 9.078426 -15.70331
-26.3038 9.051455 -15.6523
-26.30519 9.024872 -15.60085
-26.30652 8.998693 -15.54892
-26.30778 8.972927 -15.49649
-26.30896 8.947594 -15.4435
-26.31005 8.922702 -15.38994
-26.31103 8.89827 -15.33575
-26.31189 8.874309 -15.28092
-26.31261 8.850832 -15.22539
-26.31319 8.827855 -15.16914
-26.31361 8.805391 -15.11212
-26.31386 8.783454 -15.05431
-26.31392 8.762058 -14.99567
-26.31378 8.741217 -14.93615
-26.31343 8.720942 -14.87574
-26.31285 8.701252 -14.81438
-26.31203 8.682158 -14.75205
-26.31096 8.663671 -14.68871
-26.30962 8.645811 -14.62432
-26.30801 8.628587 -14.55884
-26.3061 8.612015 -14.49225
-26.30389 8.596107 -14.42451
-26.30136 8.58088 -14.35557
-26.2985 8.566345 -14.28541
-26.29529 8.552518 -14.21399
-26.29173 8.53941 -14.14127
-26.28779 8.527038 -14.06721
-26.28347 8.515413 -13.99179
-26.27875 8.504551 -13.91497
-26.27362 8.494464 -13.8367
-26.26807 8.485168 -13.75696
-26.26208 8.476676 -13.6757
-26.25564 8.469001 -13.5929
